RRS/CH0001G.20070101000000.20181205113000.filter_absorption_photometer.aerosol_absorption_coefficient.aerosol.1y.1h.CH02L_Magee_AE337_JFJ.CH02L_aethalometer_AE337.lev2.nas
53 1001
Baltensperger, Urs; Weingartner, Ernest
CH02L, Paul Scherrer Institut, PSI, Laboratory of Atmospheric Chemistry (LAC), OFLB, , 5232, Villigen PSI, Switzerland
Collaud Coen, Martine
ACTRIS CREATE EMEP EUSAAR GAW-WDCA
1 1
2007 01 01 2018 12 05
0.041667
days from file reference point
9
1 1 1 1 1 1 1 1 1
999.999999 99.999999 99.9999999 99.9999999 99.9999999 99.99999999 99.99999999 99.9999999 9.999
end_time of measurement, days from the file reference point
aerosol_absorption_coefficient, 1/Mm, Wavelength=370.0 nm
aerosol_absorption_coefficient, 1/Mm, Wavelength=470.0 nm
aerosol_absorption_coefficient, 1/Mm, Wavelength=520.0 nm
aerosol_absorption_coefficient, 1/Mm, Wavelength=590.0 nm
aerosol_absorption_coefficient, 1/Mm, Wavelength=660.0 nm
aerosol_absorption_coefficient, 1/Mm, Wavelength=880.0 nm
aerosol_absorption_coefficient, 1/Mm, Wavelength=950.0 nm
numflag, no unit
0
30
Data definition:              EBAS_1.1
Set type code:                TU
Timezone:                     UTC
File name:                    CH0001G.20070101000000.20181205113000.filter_absorption_photometer.aerosol_absorption_coefficient.aerosol.1y.1h.CH02L_Magee_AE337_JFJ.CH02L_aethalometer_AE337.lev2.nas
File creation:                20200622165057
Startdate:                    20070101000000
Revision date:                20181205113000
Statistics:                   arithmetic mean
Data level:                   2
Period code:                  1y
Resolution code:              1h
Station code:                 CH0001G
Platform code:                CH0001S
Station name:                 Jungfraujoch
Station GAW-ID:               JFJ
Station latitude:             46.5475
Station longitude:            7.985
Station altitude:             3578.0 m
Regime:                       IMG
Component:                    aerosol_absorption_coefficient
Unit:                         1/Mm
Matrix:                       aerosol
Instrument type:              filter_absorption_photometer
Laboratory code:              CH02L
Instrument name:              Magee_AE337_JFJ
Method ref:                   CH02L_aethalometer_AE337
Originator:                   Baltensperger, Urs, , , , , , , , , 
Originator:                   Weingartner, Ernest, , , , , , , , , 
Submitter:                    Collaud Coen, Martine, , , , , , , , , 
starttime endtime aerosol_absorption_coefficient aerosol_absorption_coefficient aerosol_absorption_coefficient aerosol_absorption_coefficient aerosol_absorption_coefficient aerosol_absorption_coefficient aerosol_absorption_coefficient flag
[from data line 1057]
 44.041667  44.083333 99.999999 99.9999999 99.9999999 99.9999999 99.99999999 99.99999999 99.9999999 0.999
 44.083333  44.125000 99.999999 99.9999999 99.9999999 99.9999999 99.99999999 99.99999999 99.9999999 0.999
 44.125000  44.166667 99.999999 99.9999999 99.9999999 99.9999999 99.99999999 99.99999999 99.9999999 0.999
 44.166667  44.208333 99.999999 99.9999999 99.9999999 99.9999999 99.99999999 99.99999999 99.9999999 0.999
 44.208333  44.250000 99.999999 99.9999999 99.9999999 99.9999999 99.99999999 99.99999999 99.9999999 0.999
 44.250000  44.291667 99.999999 99.9999999 99.9999999 99.9999999 99.99999999 99.99999999 99.9999999 0.999
 44.291667  44.333333 99.999999 99.9999999 99.9999999 99.9999999 99.99999999 99.99999999 99.9999999 0.999
 44.333333  44.375000 99.999999 99.9999999 99.9999999 99.9999999 99.99999999 99.99999999 99.9999999 0.999
 44.375000  44.416667 99.999999 99.9999999 99.9999999 99.9999999 99.99999999 99.99999999 99.9999999 0.999
 44.416667  44.458333 99.999999 99.9999999 99.9999999 99.9999999 99.99999999 99.99999999 99.9999999 0.999
 44.458333  44.500000 99.999999 99.9999999 99.9999999 99.9999999 99.99999999 99.99999999 99.9999999 0.999
 44.500000  44.541667 99.999999 99.9999999 99.9999999 99.9999999 99.99999999 99.99999999 99.9999999 0.999
 44.541667  44.583333 99.999999 99.9999999 99.9999999 99.9999999 99.99999999 99.99999999 99.9999999 0.999
 44.583333  44.625000 99.999999 99.9999999 99.9999999 99.9999999 99.99999999 99.99999999 99.9999999 0.999
 44.625000  44.666667 99.999999 99.9999999 99.9999999 99.9999999 99.99999999 99.99999999 99.9999999 0.999
 44.666667  44.708333 99.999999 99.9999999 99.9999999 99.9999999 99.99999999 99.99999999 99.9999999 0.999
 44.708333  44.750000 99.999999 99.9999999 99.9999999 99.9999999 99.99999999 99.99999999 99.9999999 0.999
 44.750000  44.791667 99.999999 99.9999999 99.9999999 99.9999999 99.99999999 99.99999999 99.9999999 0.999
 44.791667  44.833333 99.999999 99.9999999 99.9999999 99.9999999 99.99999999 99.99999999 99.9999999 0.999
 44.833333  44.875000 99.999999 99.9999999 99.9999999 99.9999999 99.99999999 99.99999999 99.9999999 0.999
 44.875000  44.916667 99.999999 99.9999999 99.9999999 99.9999999 99.99999999 99.99999999 99.9999999 0.999
 44.916667  44.958333 99.999999 99.9999999 99.9999999 99.9999999 99.99999999 99.99999999 99.9999999 0.999
 44.958333  45.000000 99.999999 99.9999999 99.9999999 99.9999999 99.99999999 99.99999999 99.9999999 0.999
 45.000000  45.041667 99.999999 99.9999999 99.9999999 99.9999999 99.99999999 99.99999999 99.9999999 0.999
 45.041667  45.083333 99.999999 99.9999999 99.9999999 99.9999999 99.99999999 99.99999999 99.9999999 0.999
 45.083333  45.125000 99.999999 99.9999999 99.9999999 99.9999999 99.99999999 99.99999999 99.9999999 0.999
 45.125000  45.166667 99.999999 99.9999999 99.9999999 99.9999999 99.99999999 99.99999999 99.9999999 0.999
 45.166667  45.208333 99.999999 99.9999999 99.9999999 99.9999999 99.99999999 99.99999999 99.9999999 0.999
 45.208333  45.250000 99.999999 99.9999999 99.9999999 99.9999999 99.99999999 99.99999999 99.9999999 0.999
 45.250000  45.291667 99.999999 99.9999999 99.9999999 99.9999999 99.99999999 99.99999999 99.9999999 0.999
 45.291667  45.333333 99.999999 99.9999999 99.9999999 99.9999999 99.99999999 99.99999999 99.9999999 0.999
 45.333333  45.375000 99.999999 99.9999999 99.9999999 99.9999999 99.99999999 99.99999999 99.9999999 0.999
 45.375000  45.416667 99.999999 99.9999999 99.9999999 99.9999999 99.99999999 99.99999999 99.9999999 0.999
 45.416667  45.458333 99.999999 99.9999999 99.9999999 99.9999999 99.99999999 99.99999999 99.9999999 0.999
 45.458333  45.500000 99.999999 99.9999999 99.9999999 99.9999999 99.99999999 99.99999999 99.9999999 0.999
 45.500000  45.541667 99.999999 99.9999999 99.9999999 99.9999999 99.99999999 99.99999999 99.9999999 0.999
 45.541667  45.583333 99.999999 99.9999999 99.9999999 99.9999999 99.99999999 99.99999999 99.9999999 0.999
 45.583333  45.625000 99.999999 99.9999999 99.9999999 99.9999999 99.99999999 99.99999999 99.9999999 0.999
 45.625000  45.666667 99.999999 99.9999999 99.9999999 99.9999999 99.99999999 99.99999999 99.9999999 0.999
 45.666667  45.708333 99.999999 99.9999999 99.9999999 99.9999999 99.99999999 99.99999999 99.9999999 0.999
 45.708333  45.750000 99.999999 99.9999999 99.9999999 99.9999999 99.99999999 99.99999999 99.9999999 0.999
 45.750000  45.791667 99.999999 99.9999999 99.9999999 99.9999999 99.99999999 99.99999999 99.9999999 0.999
 45.791667  45.833333 99.999999 99.9999999 99.9999999 99.9999999 99.99999999 99.99999999 99.9999999 0.999
 45.833333  45.875000 99.999999 99.9999999 99.9999999 99.9999999 99.99999999 99.99999999 99.9999999 0.999
 45.875000  45.916667 99.999999 99.9999999 99.9999999 99.9999999 99.99999999 99.99999999 99.9999999 0.999
 45.916667  45.958333 99.999999 99.9999999 99.9999999 99.9999999 99.99999999 99.99999999 99.9999999 0.999
 45.958333  46.000000 99.999999 99.9999999 99.9999999 99.9999999 99.99999999 99.99999999 99.9999999 0.999
 46.000000  46.041667 99.999999 99.9999999 99.9999999 99.9999999 99.99999999 99.99999999 99.9999999 0.999
 46.041667  46.083333 99.999999 99.9999999 99.9999999 99.9999999 99.99999999 99.99999999 99.9999999 0.999
 46.083333  46.125000 99.999999 99.9999999 99.9999999 99.9999999 99.99999999 99.99999999 99.9999999 0.999
 46.125000  46.166667 99.999999 99.9999999 99.9999999 99.9999999 99.99999999 99.99999999 99.9999999 0.999
 46.166667  46.208333 99.999999 99.9999999 99.9999999 99.9999999 99.99999999 99.99999999 99.9999999 0.999
 46.208333  46.250000 99.999999 99.9999999 99.9999999 99.9999999 99.99999999 99.99999999 99.9999999 0.999
 46.250000  46.291667 99.999999 99.9999999 99.9999999 99.9999999 99.99999999 99.99999999 99.9999999 0.999
 46.291667  46.333333 99.999999 99.9999999 99.9999999 99.9999999 99.99999999 99.99999999 99.9999999 0.999
 46.333333  46.375000 99.999999 99.9999999 99.9999999 99.9999999 99.99999999 99.99999999 99.9999999 0.999
 46.375000  46.416667 99.999999 99.9999999 99.9999999 99.9999999 99.99999999 99.99999999 99.9999999 0.999
 46.416667  46.458333 99.999999 99.9999999 99.9999999 99.9999999 99.99999999 99.99999999 99.9999999 0.999
 46.458333  46.500000 99.999999 99.9999999 99.9999999 99.9999999 99.99999999 99.99999999 99.9999999 0.999
 46.500000  46.541667 99.999999 99.9999999 99.9999999 99.9999999 99.99999999 99.99999999 99.9999999 0.999
 46.541667  46.583333 99.999999 99.9999999 99.9999999 99.9999999 99.99999999 99.99999999 99.9999999 0.999
 46.583333  46.625000 99.999999 99.9999999 99.9999999 99.9999999 99.99999999 99.99999999 99.9999999 0.999
 46.625000  46.666667 99.999999 99.9999999 99.9999999 99.9999999 99.99999999 99.99999999 99.9999999 0.999
 46.666667  46.708333 99.999999 99.9999999 99.9999999 99.9999999 99.99999999 99.99999999 99.9999999 0.999
 46.708333  46.750000 99.999999 99.9999999 99.9999999 99.9999999 99.99999999 99.99999999 99.9999999 0.999
 46.750000  46.791667 99.999999 99.9999999 99.9999999 99.9999999 99.99999999 99.99999999 99.9999999 0.999
 46.791667  46.833333 99.999999 99.9999999 99.9999999 99.9999999 99.99999999 99.99999999 99.9999999 0.999
 46.833333  46.875000 99.999999 99.9999999 99.9999999 99.9999999 99.99999999 99.99999999 99.9999999 0.999
 46.875000  46.916667 99.999999 99.9999999 99.9999999 99.9999999 99.99999999 99.99999999 99.9999999 0.999
 46.916667  46.958333 99.999999 99.9999999 99.9999999 99.9999999 99.99999999 99.99999999 99.9999999 0.999
 46.958333  47.000000 99.999999 99.9999999 99.9999999 99.9999999 99.99999999 99.99999999 99.9999999 0.999
 47.000000  47.041667 99.999999 99.9999999 99.9999999 99.9999999 99.99999999 99.99999999 99.9999999 0.999
 47.041667  47.083333 99.999999 99.9999999 99.9999999 99.9999999 99.99999999 99.99999999 99.9999999 0.999
 47.083333  47.125000 99.999999 99.9999999 99.9999999 99.9999999 99.99999999 99.99999999 99.9999999 0.999
 47.125000  47.166667 99.999999 99.9999999 99.9999999 99.9999999 99.99999999 99.99999999 99.9999999 0.999
 47.166667  47.208333 99.999999 99.9999999 99.9999999 99.9999999 99.99999999 99.99999999 99.9999999 0.999
 47.208333  47.250000 99.999999 99.9999999 99.9999999 99.9999999 99.99999999 99.99999999 99.9999999 0.999
 47.250000  47.291667 99.999999 99.9999999 99.9999999 99.9999999 99.99999999 99.99999999 99.9999999 0.999
 47.291667  47.333333 99.999999 99.9999999 99.9999999 99.9999999 99.99999999 99.99999999 99.9999999 0.999
 47.333333  47.375000 99.999999 99.9999999 99.9999999 99.9999999 99.99999999 99.99999999 99.9999999 0.999
 47.375000  47.416667 99.999999 99.9999999 99.9999999 99.9999999 99.99999999 99.99999999 99.9999999 0.999
 47.416667  47.458333 99.999999 99.9999999 99.9999999 99.9999999 99.99999999 99.99999999 99.9999999 0.999
 47.458333  47.500000 99.999999 99.9999999 99.9999999 99.9999999 99.99999999 99.99999999 99.9999999 0.999
 47.500000  47.541667 -0.137300 -0.1910000 -0.0958400 -0.0843000  0.06231000  0.06520000  0.1617000 0.000
 47.541667  47.583333  0.232800  0.2222000  0.1583000  0.1593000  0.30850000  0.06401000  0.0802500 0.000
 47.583333  47.625000  0.202400  0.1834000  0.1622000  0.1351000  0.14100000  0.12720000  0.1422000 0.000
 47.625000  47.666667  0.071620  0.0375000  0.0400100  0.0184500  0.09865000 -0.03026000 -0.0227400 0.000
 47.666667  47.708333  0.401200  0.2158000  0.3246000  0.3422000 -0.84040000  0.38690000  0.2923000 0.000
 47.708333  47.750000  0.079560  0.0773600  0.0352700  0.0231800  0.07778000 -0.03898000 -0.0390600 0.000
 47.750000  47.791667  0.135400  0.1489000  0.1133000  0.0944200  0.29240000  0.05945000  0.0751000 0.000
 47.791667  47.833333  0.174600  0.1661000  0.1362000  0.1321000  0.15730000  0.12260000  0.1236000 0.000
 47.833333  47.875000  0.197600  0.1588000  0.1561000  0.1335000  0.13420000  0.06733000  0.0409700 0.000
 47.875000  47.916667  0.172400  0.1298000  0.1185000  0.0906600  0.16990000  0.03065000  0.0257100 0.000
 47.916667  47.958333  0.336200  0.2925000  0.2662000  0.2625000  0.11690000  0.22450000  0.2120000 0.000
 47.958333  48.000000  0.270500  0.2182000  0.1979000  0.1726000  0.06040000  0.11370000  0.1070000 0.000
 48.000000  48.041667  0.209900  0.1674000  0.1488000  0.1411000  0.16930000  0.09854000  0.0800800 0.000
 48.041667  48.083333  0.212500  0.1957000  0.1607000  0.1357000  0.17970000  0.08063000  0.0812800 0.000
 48.083333  48.125000  0.274600  0.2338000  0.2240000  0.2099000  0.20730000  0.15900000  0.1573000 0.000
 48.125000  48.166667  0.371300  0.3049000  0.2991000  0.2855000  0.05593000  0.26690000  0.2451000 0.000
 48.166667  48.208333  0.281700  0.2202000  0.2141000  0.2013000 -0.13640000  0.16460000  0.1389000 0.000
 48.208333  48.250000  0.378800  0.3217000  0.2735000  0.2727000  0.06507000  0.24270000  0.2285000 0.000
 48.250000  48.291667  0.566300  0.4793000  0.4269000  0.4092000  0.16340000  0.36070000  0.3383000 0.000
 48.291667  48.333333  0.800200  0.5619000  0.4364000  0.3376000  0.33930000  0.24570000  0.2283000 0.410
 48.333333  48.375000  0.616800  0.4162000  0.2870000  0.2123000  0.30730000  0.09932000  0.0967200 0.410
 48.375000  48.416667  0.434600  0.3571000  0.2598000  0.2035000  0.60330000  0.05003000  0.0588100 0.410
 48.416667  48.458333  0.778800  0.5598000  0.4396000  0.3011000  0.55230000  0.20310000  0.2055000 0.410
 48.458333  48.500000  0.881500  0.5675000  0.4450000  0.3384000  0.44730000  0.21820000  0.2368000 0.410
 48.500000  48.541667  1.052000  0.6986000  0.5431000  0.4143000  0.36770000  0.29860000  0.2359000 0.410
 48.541667  48.583333  1.334000  0.8882000  0.7607000  0.6292000  0.32320000  0.46740000  0.4370000 0.410
 48.583333  48.625000  1.313000  0.9231000  0.7588000  0.6220000  0.29740000  0.39360000  0.3391000 0.410
 48.625000  48.666667  1.294000  0.9762000  0.7997000  0.6724000  0.68590000  0.42690000  0.3875000 0.410
 48.666667  48.708333  1.336000  1.0300000  0.8588000  0.7518000  0.64380000  0.49880000  0.4557000 0.410
 48.708333  48.750000  1.680000  1.2710000  1.1100000  0.9624000  0.82190000  0.61930000  0.5537000 0.000
 48.750000  48.791667  1.816000  1.3680000  1.1850000  1.0430000  0.78470000  0.70030000  0.6212000 0.000
 48.791667  48.833333  1.394000  1.0700000  0.8516000  0.7064000  0.98890000  0.38960000  0.3530000 0.000
 48.833333  48.875000  0.889700  0.7061000  0.5637000  0.4619000  0.72970000  0.28640000  0.2904000 0.000
 48.875000  48.916667  1.556000  0.7969000  0.5896000  0.4540000  0.86440000  0.21430000  0.2205000 0.000
 48.916667  48.958333  1.557000  0.9404000  0.7438000  0.6159000  0.58760000  0.40540000  0.3762000 0.000
 48.958333  49.000000  1.386000  0.9098000  0.7064000  0.6008000  0.56400000  0.39300000  0.3504000 0.000
 49.000000  49.041667  1.499000  1.0390000  0.8188000  0.7267000  0.67610000  0.46610000  0.4330000 0.000
 49.041667  49.083333  1.481000  0.9796000  0.7999000  0.6059000  0.46890000  0.32100000  0.2691000 0.000
 49.083333  49.125000  1.355000  0.8343000  0.6421000  0.4759000  0.38360000  0.31570000  0.2737000 0.000
 49.125000  49.166667  1.406000  0.8017000  0.5141000  0.3490000  0.21630000  0.18680000  0.1769000 0.000
 49.166667  49.208333  2.030000  1.2240000  0.8677000  0.5949000  0.49130000  0.40520000  0.3756000 0.000
 49.208333  49.250000  1.161000  0.8012000  0.6287000  0.4967000  0.41090000  0.33330000  0.3035000 0.000
 49.250000  49.291667  1.165000  0.8405000  0.6837000  0.5980000  0.40230000  0.42110000  0.3742000 0.000
 49.291667  49.333333  1.160000  0.8269000  0.6674000  0.5371000  0.37970000  0.34730000  0.3152000 0.000
 49.333333  49.375000  1.011000  0.7479000  0.5707000  0.4465000  0.52070000  0.26880000  0.2449000 0.000
 49.375000  49.416667  0.799500  0.6096000  0.4494000  0.3709000  0.46540000  0.19490000  0.1993000 0.000
 49.416667  49.458333  0.679200  0.5301000  0.4390000  0.3398000  0.32620000  0.22050000  0.1749000 0.000
 49.458333  49.500000  0.469100  0.3628000  0.2801000  0.2511000  0.07229000  0.22260000  0.2308000 0.000
 49.500000  49.541667  0.682800  0.5233000  0.4666000  0.4217000 -0.49320000  0.32530000  0.2464000 0.410
 49.541667  49.583333  0.262500  0.1661000  0.1018000  0.0518300  0.25800000  0.01259000  0.0063210 0.410
 49.583333  49.625000  0.377000  0.3317000  0.2719000  0.2651000  0.10830000  0.21620000  0.1979000 0.410
 49.625000  49.666667  0.517100  0.4262000  0.3342000  0.2622000  0.44980000  0.13620000  0.1336000 0.410
 49.666667  49.708333  0.188700  0.1602000  0.0591500  0.0213200  0.33880000 -0.07801000 -0.0563100 0.410
 49.708333  49.750000  0.244700  0.1953000  0.1853000  0.1110000  0.46210000  0.02320000  0.0332900 0.410
 49.750000  49.791667  0.443400  0.3737000  0.3658000  0.3236000 -0.00225000  0.29660000  0.2716000 0.000
 49.791667  49.833333  0.461100  0.3342000  0.2618000  0.2499000 -0.27980000  0.20720000  0.1360000 0.000
 49.833333  49.875000  0.306700  0.2664000  0.1922000  0.1528000  0.25150000  0.08510000  0.0949000 0.000
 49.875000  49.916667  0.246200  0.1856000  0.1352000  0.1016000  0.07504000  0.04903000  0.0367800 0.000
 49.916667  49.958333  0.056190  0.0338200 -0.0002197 -0.0319700  0.06075000 -0.08569000 -0.0936000 0.000
 49.958333  50.000000  0.320000  0.2986000  0.2438000  0.2279000  0.32450000  0.18640000  0.2026000 0.000
 50.000000  50.041667  0.258000  0.2003000  0.1576000  0.1219000  0.15110000  0.07466000  0.0722100 0.410
 50.041667  50.083333  0.156800  0.1116000  0.0672800  0.0369500  0.04010000 -0.02696000 -0.0395600 0.410
 50.083333  50.125000  0.908200  0.6437000  0.5173000  0.3943000  0.20490000  0.31250000  0.2837000 0.410
 50.125000  50.166667  0.619700  0.4492000  0.3475000  0.2709000  0.19360000  0.19810000  0.1925000 0.410
 50.166667  50.208333  0.815000  0.5436000  0.4086000  0.2763000  0.14690000  0.17090000  0.1603000 0.410
 50.208333  50.250000  0.648800  0.4489000  0.3223000  0.2246000  0.07066000  0.14940000  0.1093000 0.410
 50.250000  50.291667  0.581200  0.4240000  0.3284000  0.2432000  0.17480000  0.16640000  0.1568000 0.410
