RRS/CH0001G.20070101000000.20181205113000.filter_absorption_photometer.aerosol_absorption_coefficient.aerosol.1y.1h.CH02L_Magee_AE337_JFJ.CH02L_aethalometer_AE337.lev2.nas
53 1001
Baltensperger, Urs; Weingartner, Ernest
CH02L, Paul Scherrer Institut, PSI, Laboratory of Atmospheric Chemistry (LAC), OFLB, , 5232, Villigen PSI, Switzerland
Collaud Coen, Martine
ACTRIS CREATE EMEP EUSAAR GAW-WDCA
1 1
2007 01 01 2018 12 05
0.041667
days from file reference point
9
1 1 1 1 1 1 1 1 1
999.999999 99.999999 99.9999999 99.9999999 99.9999999 99.99999999 99.99999999 99.9999999 9.999
end_time of measurement, days from the file reference point
aerosol_absorption_coefficient, 1/Mm, Wavelength=370.0 nm
aerosol_absorption_coefficient, 1/Mm, Wavelength=470.0 nm
aerosol_absorption_coefficient, 1/Mm, Wavelength=520.0 nm
aerosol_absorption_coefficient, 1/Mm, Wavelength=590.0 nm
aerosol_absorption_coefficient, 1/Mm, Wavelength=660.0 nm
aerosol_absorption_coefficient, 1/Mm, Wavelength=880.0 nm
aerosol_absorption_coefficient, 1/Mm, Wavelength=950.0 nm
numflag, no unit
0
30
Data definition:              EBAS_1.1
Set type code:                TU
Timezone:                     UTC
File name:                    CH0001G.20070101000000.20181205113000.filter_absorption_photometer.aerosol_absorption_coefficient.aerosol.1y.1h.CH02L_Magee_AE337_JFJ.CH02L_aethalometer_AE337.lev2.nas
File creation:                20200622165057
Startdate:                    20070101000000
Revision date:                20181205113000
Statistics:                   arithmetic mean
Data level:                   2
Period code:                  1y
Resolution code:              1h
Station code:                 CH0001G
Platform code:                CH0001S
Station name:                 Jungfraujoch
Station GAW-ID:               JFJ
Station latitude:             46.5475
Station longitude:            7.985
Station altitude:             3578.0 m
Regime:                       IMG
Component:                    aerosol_absorption_coefficient
Unit:                         1/Mm
Matrix:                       aerosol
Instrument type:              filter_absorption_photometer
Laboratory code:              CH02L
Instrument name:              Magee_AE337_JFJ
Method ref:                   CH02L_aethalometer_AE337
Originator:                   Baltensperger, Urs, , , , , , , , , 
Originator:                   Weingartner, Ernest, , , , , , , , , 
Submitter:                    Collaud Coen, Martine, , , , , , , , , 
starttime endtime aerosol_absorption_coefficient aerosol_absorption_coefficient aerosol_absorption_coefficient aerosol_absorption_coefficient aerosol_absorption_coefficient aerosol_absorption_coefficient aerosol_absorption_coefficient flag
[from data line 1359]
 56.625000  56.666667 -0.031800  0.0555500  0.0236900 -0.0081040  0.04999000 -0.04764000 -0.0172300 0.000
 56.666667  56.708333  0.086710  0.0481200  0.0760400  0.1184000  0.13290000  0.04777000  0.0490200 0.000
 56.708333  56.750000  0.239200  0.3311000  0.2496000  0.2540000  0.18480000  0.21580000  0.1616000 0.000
 56.750000  56.791667 -0.040270 -0.2470000  0.0093320  0.0711000  0.19900000  0.10220000  0.1062000 0.000
 56.791667  56.833333  0.510400  0.1800000  0.2408000  0.1442000  0.19400000  0.27550000  0.1642000 0.000
 56.833333  56.875000  0.420800  0.2794000  0.2065000  0.2314000 -0.16450000  0.11010000  0.2535000 0.000
 56.875000  56.916667  0.286500  0.1569000  0.1299000  0.1482000 -0.29790000  0.00797400 -0.1349000 0.000
 56.916667  56.958333  0.353500  0.2539000  0.2549000  0.1845000  0.36560000  0.17520000  0.1860000 0.000
 56.958333  57.000000  0.360000  0.2639000  0.2483000  0.1927000  0.23430000  0.08150000  0.0695200 0.000
 57.000000  57.041667  0.168200  0.2032000  0.1053000  0.1086000  0.13530000  0.09995000  0.0787600 0.000
 57.041667  57.083333  0.360900  0.3043000  0.2480000  0.2048000  0.15860000  0.14680000  0.1844000 0.000
 57.083333  57.125000  0.357900  0.2109000  0.1611000  0.1806000  0.15940000  0.09643000  0.0744100 0.000
 57.125000  57.166667  0.249100  0.2411000  0.1934000  0.1413000  0.20300000  0.15540000  0.1053000 0.000
 57.166667  57.208333  0.139700  0.1175000  0.1281000  0.1413000  0.04759000  0.05489000  0.0836200 0.000
 57.208333  57.250000  0.156100  0.1373000  0.1074000  0.0833100  0.22280000  0.03874000 -0.0243400 0.000
 57.250000  57.291667  0.162700  0.1797000  0.0998500  0.1334000 -0.06409000  0.14250000  0.0813500 0.000
 57.291667  57.333333  0.053940 -0.0006250  0.0432700 -0.0224900 -0.22890000 -0.14470000 -0.0801500 0.000
 57.333333  57.375000  0.122800  0.1340000  0.1132000  0.1115000  0.13020000  0.08267000  0.0843400 0.000
 57.375000  57.416667  0.210800  0.2359000  0.2465000  0.2350000  0.06379000  0.24240000  0.2536000 0.000
 57.416667  57.458333  0.147700  0.1446000  0.1026000  0.1192000 -0.05803000  0.10500000  0.0973300 0.000
 57.458333  57.500000  0.049260  0.0963100  0.0749100  0.0734300  0.28090000  0.07621000  0.0870500 0.000
 57.500000  57.541667 -0.037620 -0.0205900 -0.0436800 -0.0601600  0.12500000 -0.10060000 -0.0821100 0.000
 57.541667  57.583333  0.211100  0.1846000  0.2051000  0.1921000  0.07074000  0.19560000  0.1908000 0.000
 57.583333  57.625000  0.341200  0.3027000  0.3652000  0.3042000  0.49300000  0.29210000  0.2562000 0.000
 57.625000  57.666667  0.133500  0.1722000  0.0868300  0.2243000  0.16660000  0.17310000  0.1773000 0.000
 57.666667  57.708333  0.060600  0.0348200  0.0498000 -0.0101200  0.06386000  0.05752000  0.0627000 0.000
 57.708333  57.750000  0.029990  0.0563200  0.0448800 -0.0168200 -0.01916000 -0.08044000 -0.0984200 0.000
 57.750000  57.791667  0.012830  0.0227800  0.0080650  0.0184800  0.06203000  0.05804000  0.0600900 0.000
 57.791667  57.833333 -0.057860 -0.0538200 -0.0627300 -0.0674000 -0.08206000 -0.05622000 -0.0552800 0.000
 57.833333  57.875000 -0.026110 -0.0101000 -0.0061820  0.0028210  0.06097000  0.01778000  0.0298500 0.000
 57.875000  57.916667 -0.016670  0.0452700  0.0566400  0.0501700  0.12520000  0.03265000  0.0184500 0.000
 57.916667  57.958333  0.016360  0.0102400  0.0467900  0.0509200  0.01938000 -0.05748000 -0.0455200 0.000
 57.958333  58.000000  0.086660  0.0691600  0.0058060 -0.0219600  0.06020000  0.13620000  0.1292000 0.000
 58.000000  58.041667  0.038940  0.0023960  0.0036400  0.0204400 -0.07946000 -0.13100000 -0.1257000 0.000
 58.041667  58.083333  0.171300  0.1300000  0.1466000  0.1196000  0.01333000  0.10970000  0.0881200 0.000
 58.083333  58.125000  0.180100  0.1480000  0.2172000  0.2243000  0.13280000  0.14290000  0.1088000 0.000
 58.125000  58.166667  0.165900  0.1344000  0.2149000  0.1844000  0.10750000  0.18900000  0.1675000 0.000
 58.166667  58.208333  0.098260  0.0981500 -0.0514000 -0.0221000 -0.04166000 -0.07688000 -0.0412900 0.000
 58.208333  58.250000  0.079960  0.1020000  0.0709800  0.0167300  0.00212600  0.06199000  0.0489700 0.000
 58.250000  58.291667 -0.108500 -0.1399000 -0.1296000 -0.0937600 -0.15480000 -0.09767000 -0.0846100 0.000
 58.291667  58.333333  0.026860  0.0154800  0.0275800 -0.0097360  0.05459000 -0.02822000 -0.0434600 0.000
 58.333333  58.375000 -0.117000 -0.0702400 -0.1011000 -0.0956700  0.09099000 -0.02511000 -0.0314700 0.000
 58.375000  58.416667 -0.058260 -0.0129900 -0.0574600 -0.0435300  0.10610000 -0.15870000 -0.1263000 0.000
 58.416667  58.458333  0.009747  0.0146500 -0.0359900  0.0274100  0.05926000 -0.02858000 -0.0289400 0.000
 58.458333  58.500000  0.054600 -0.0160400  0.0079390 -0.0827800 -0.02727000 -0.06574000 -0.0677600 0.000
 58.500000  58.541667  0.100700  0.0683600  0.0681600  0.0660200  0.12540000  0.06049000  0.0649300 0.000
 58.541667  58.583333  0.014290  0.0260400 -0.0009728 -0.0138800  0.03887000 -0.02761000 -0.0083140 0.000
 58.583333  58.625000  0.240100  0.1934000  0.1840000  0.1900000  0.15910000  0.16930000  0.1618000 0.000
 58.625000  58.666667  0.137800  0.0934300  0.0684400  0.0547600  0.06653000  0.00854900 -0.0071460 0.000
 58.666667  58.708333  0.232100  0.1813000  0.1469000  0.0967200  0.10830000  0.05554000  0.0609300 0.000
 58.708333  58.750000  0.254300  0.2255000  0.1931000  0.1937000  0.18850000  0.13270000  0.1187000 0.000
 58.750000  58.791667  0.264800  0.1689000  0.1201000  0.0949500  0.12730000  0.03176000  0.0325700 0.000
 58.791667  58.833333  0.506800  0.4118000  0.3367000  0.3085000  0.32520000  0.21320000  0.2403000 0.000
 58.833333  58.875000  0.377700  0.2475000  0.2651000  0.2038000  0.06011000  0.14150000  0.0874300 0.000
 58.875000  58.916667  0.233800  0.2026000  0.1175000  0.1135000  0.19520000  0.13800000  0.0791300 0.000
 58.916667  58.958333  0.370400  0.2733000  0.3231000  0.2453000  0.15060000  0.10090000  0.1454000 0.000
 58.958333  59.000000  0.318500  0.2256000  0.0987600  0.1187000  0.09707000  0.05079000  0.0153900 0.000
 59.000000  59.041667  0.134700  0.0573900  0.0837900  0.0557600 -0.00912300  0.01124000  0.0151500 0.000
 59.041667  59.083333  0.117600  0.1143000  0.1127000  0.1249000  0.07746000  0.10400000  0.1524000 0.000
 59.083333  59.125000  0.093150  0.1066000  0.0781100  0.0522500  0.03850000  0.04894000 -0.0080730 0.000
 59.125000  59.166667  0.083180  0.0228100  0.0329200  0.0464400  0.00358500  0.02707000  0.0131600 0.000
 59.166667  59.208333  0.128400  0.0973200  0.1130000  0.0860400  0.07346000  0.07594000  0.0734100 0.000
 59.208333  59.250000  0.140100  0.1494000  0.1081000  0.1919000  0.19730000  0.22710000  0.2220000 0.000
 59.250000  59.291667  0.134000  0.1153000  0.2661000  0.1861000  0.11780000  0.11280000  0.0560100 0.000
 59.291667  59.333333  0.130500  0.0421500 -0.0775400 -0.0623100 -0.07598000 -0.04454000  0.0759900 0.000
 59.333333  59.375000 -0.065630  0.0217000 -0.0369000 -0.0473000  0.04438000 -0.12080000 -0.1966000 0.000
 59.375000  59.416667  0.217800  0.1833000  0.1394000  0.1541000  0.25060000  0.10710000  0.1293000 0.000
 59.416667  59.458333  0.007277  0.0064580  0.0878400  0.1150000  0.02774000  0.10780000  0.1618000 0.000
 59.458333  59.500000  0.009129 -0.0094780 -0.0188300 -0.1319000 -0.11610000 -0.05333000 -0.1158000 0.000
 59.500000  59.541667  0.023860  0.0262100 -0.0091950  0.0472100  0.07289000  0.02394000  0.0515800 0.000
 59.541667  59.583333 -0.025180 -0.0057290 -0.0093520 -0.0321100  0.00467300 -0.00534000 -0.0186200 0.000
 59.583333  59.625000  0.076390  0.0500300  0.0367800  0.0102600  0.10470000  0.00315200  0.0413300 0.000
 59.625000  59.666667  0.007630  0.0582200  0.0323900  0.0330800  0.09341000  0.02264000  0.0181900 0.000
 59.666667  59.708333  0.033300  0.0287500  0.0824700  0.1053000  0.08708000  0.03076000  0.0753200 0.000
 59.708333  59.750000 -0.077970 -0.0368400 -0.0903800 -0.1223000  0.00887600 -0.05672000 -0.1231000 0.000
 59.750000  59.791667  0.039560  0.0660400  0.0840100  0.0628400  0.09378000  0.04109000  0.0535100 0.410
 59.791667  59.833333  0.063550  0.0381600 -0.0231600  0.0167600 -0.12010000  0.03521000 -0.0110600 0.410
 59.833333  59.875000  0.066200  0.0218400  0.0746600  0.0976600 -0.04411000  0.03117000  0.0450400 0.410
 59.875000  59.916667  0.113700  0.0399300  0.0360600  0.0204100 -0.00395600  0.05921000  0.0319300 0.410
 59.916667  59.958333  0.062980  0.0841600  0.0675000  0.0797100  0.01345000  0.03987000  0.0678700 0.410
 59.958333  60.000000  0.077580  0.0292700  0.0342700 -0.0035960  0.02534000 -0.00825200  0.0308800 0.410
 60.000000  60.041667  0.148400  0.1704000  0.2168000  0.2117000  0.09769000  0.19380000  0.1434000 0.410
 60.041667  60.083333  0.056940  0.0083330  0.0044560  0.0607900 -0.08184000  0.01797000 -0.0097220 0.000
 60.083333  60.125000  0.066900  0.0995400  0.0486100 -0.0239200 -0.06456000  0.10380000  0.0596000 0.000
 60.125000  60.166667  0.029330 -0.0209000  0.0289300  0.0420700 -0.05415000  0.03265000  0.0812100 0.000
 60.166667  60.208333  0.059410  0.0982200  0.0686000  0.0466900 -0.06369000 -0.09127000 -0.1400000 0.000
 60.208333  60.250000  0.125700  0.0489500  0.1362000  0.1051000  0.15760000  0.22660000  0.2184000 0.000
 60.250000  60.291667 -0.107800 -0.1146000 -0.0538500 -0.1015000 -0.10660000 -0.12870000 -0.0856300 0.000
 60.291667  60.333333  0.086880  0.0936000  0.1273000  0.2269000  0.17000000  0.00611900  0.0386300 0.000
 60.333333  60.375000  0.096410  0.1699000 -0.1012000 -0.0470200  0.09136000 -0.06978000 -0.0680200 0.000
 60.375000  60.416667  0.029420 -0.0086100  0.0331700 -0.0448600  0.25320000  0.09505000  0.0386800 0.000
 60.416667  60.458333 -0.196000 -0.1977000 -0.1964000 -0.1850000 -0.20330000 -0.30270000 -0.2918000 0.000
 60.458333  60.500000 -0.048560 -0.0335700 -0.0195200 -0.0355400  0.01911000 -0.03225000 -0.0549300 0.000
 60.500000  60.541667  0.023110  0.0086450 -0.0051470  0.0311400 -0.18950000 -0.01215000  0.0440200 0.000
 60.541667  60.583333  0.210400  0.1496000  0.1803000  0.1269000 -0.05106000  0.11420000  0.0775900 0.000
 60.583333  60.625000  0.132600  0.1113000  0.0591800  0.0526900  0.12320000  0.05819000  0.0471200 0.000
 60.625000  60.666667  0.178700  0.1313000  0.1158000  0.1180000  0.12670000  0.07015000  0.0635700 0.000
 60.666667  60.708333  0.230300  0.1916000  0.1755000  0.1340000  0.17190000  0.10880000  0.1551000 0.000
 60.708333  60.750000  0.182800  0.2151000  0.1923000  0.1818000  0.25970000  0.15950000  0.1202000 0.000
 60.750000  60.791667  0.235200  0.1940000  0.1722000  0.1947000  0.07897000  0.19120000  0.1835000 0.000
 60.791667  60.833333  0.115600  0.0476000  0.0840400  0.0938700 -0.19270000  0.08270000  0.0497100 0.000
 60.833333  60.875000  0.101500  0.1586000  0.1639000  0.1457000 -0.04349000  0.17740000  0.1488000 0.000
 60.875000  60.916667  0.063160  0.0192700  0.0969700  0.0435300 -0.10400000  0.02615000  0.0486600 0.000
 60.916667  60.958333 -0.088250 -0.1348000 -0.2213000 -0.0779100 -0.09962000 -0.09739000 -0.1145000 0.000
 60.958333  61.000000  0.086710  0.2228000  0.2540000  0.1300000  0.13180000  0.07506000  0.0563400 0.000
 61.000000  61.041667  0.002911 -0.1353000 -0.1023000 -0.0618200 -0.14220000 -0.01313000 -0.0213700 0.000
 61.041667  61.083333  0.084940  0.0542300  0.0072180  0.0159000  0.02925000  0.06754000  0.0631800 0.000
 61.083333  61.125000  0.058350  0.0715600  0.1048000  0.1029000 -0.00333800  0.01066000  0.0666000 0.000
 61.125000  61.166667  0.018040  0.0328400  0.0061510 -0.0175900  0.03456000  0.06106000  0.0231400 0.000
 61.166667  61.208333  0.102800  0.0593400  0.1699000  0.2093000  0.10600000  0.07052000  0.0476500 0.000
 61.208333  61.250000  0.010060 -0.0285000 -0.1626000 -0.1730000 -0.16060000 -0.04350000 -0.0643800 0.000
 61.250000  61.291667 -0.024870  0.0050340  0.0061820  0.0057530 -0.03165000 -0.02789000 -0.0066990 0.000
 61.291667  61.333333 -0.025090 -0.0171500 -0.0179200 -0.0218500 -0.03788000 -0.04517000 -0.0262800 0.000
 61.333333  61.375000 -0.011420  0.0549600  0.0755300  0.0430100  0.02784000  0.03618000  0.0005325 0.000
 61.375000  61.416667  0.084150 -0.0655900 -0.0340800  0.0062230  0.16060000  0.02537000  0.0178800 0.000
 61.416667  61.458333 -0.094820 -0.0787400 -0.0722100 -0.1069000  0.01271000 -0.16730000 -0.0972900 0.000
 61.458333  61.500000  0.071010  0.0936700  0.0733700  0.0616200  0.09069000  0.04879000 -0.0112300 0.000
 61.500000  61.541667  0.114600  0.0715200  0.0378800  0.0570900  0.08302000  0.10190000  0.0739000 0.000
 61.541667  61.583333  0.128800  0.1111000  0.1097000  0.0927600  0.03939000  0.04756000  0.1216000 0.000
 61.583333  61.625000  0.240000  0.1614000  0.0708900  0.1735000  0.13150000  0.13010000  0.0853700 0.000
 61.625000  61.666667  0.018610  0.0288900  0.0583400 -0.0152700 -0.12130000 -0.09298000 -0.1274000 0.000
 61.666667  61.708333  0.157000  0.0977700  0.0801200  0.0200200  0.10100000  0.01587000  0.0279600 0.000
 61.708333  61.750000  0.190000  0.1552000  0.1309000  0.1235000  0.07135000  0.06494000  0.0697000 0.000
 61.750000  61.791667  0.289300  0.2575000  0.2202000  0.1863000  0.15200000  0.14770000  0.1660000 0.000
 61.791667  61.833333  0.141800  0.0716300  0.0848900  0.0944500 -0.00066760  0.06077000  0.0239600 0.000
 61.833333  61.875000  0.275300  0.1927000  0.2192000  0.1560000  0.06107000  0.11870000  0.1423000 0.000
 61.875000  61.916667  0.366100  0.2941000  0.1981000  0.2116000  0.20220000  0.12330000  0.0974300 0.410
 61.916667  61.958333  0.213900  0.1310000  0.1219000  0.0635300  0.06527000  0.02659000 -0.0361200 0.410
 61.958333  62.000000  0.160900  0.0785000  0.0371600  0.0027380  0.08293000 -0.07082000 -0.0445900 0.410
 62.000000  62.041667  0.366200  0.2274000  0.1539000  0.1531000  0.48400000  0.08066000  0.0933800 0.410
 62.041667  62.083333  0.255400  0.0357300 -0.0361500 -0.0484000 -0.21660000 -0.10890000 -0.1237000 0.410
 62.083333  62.125000  0.393400  0.2858000  0.2724000  0.2763000  0.14730000  0.17210000  0.1589000 0.000
 62.125000  62.166667  0.079210 -0.0489900 -0.0570800 -0.0957200 -0.12320000 -0.03698000 -0.0384800 0.000
 62.166667  62.208333 -0.047590 -0.1008000 -0.1410000 -0.1421000 -0.21290000 -0.18720000 -0.1919000 0.000
 62.208333  62.250000  0.191200  0.1154000  0.0793300  0.0732700  0.01503000  0.07417000  0.0383000 0.000
 62.250000  62.291667  0.052480  0.0202800  0.0272400  0.0311200 -0.00420300 -0.01956000 -0.0219500 0.000
 62.291667  62.333333  0.169000  0.1633000  0.1163000  0.0708600  0.07398000  0.00059340  0.0030230 0.000
 62.333333  62.375000  0.192600  0.2185000  0.1915000  0.1674000  0.36700000  0.16490000  0.2068000 0.000
 62.375000  62.416667  0.204300  0.1443000  0.1567000  0.2099000  0.43550000  0.20390000  0.1319000 0.000
 62.416667  62.458333  0.141300  0.2073000  0.0965600  0.0767500  0.35600000  0.04167000  0.1563000 0.000
 62.458333  62.500000  0.321200  0.3061000  0.2719000  0.2173000  0.21140000  0.08402000  0.0306300 0.000
 62.500000  62.541667  0.296200  0.1010000  0.0579600  0.0964700  0.21790000  0.06613000  0.1083000 0.000
 62.541667  62.583333  0.331300  0.4100000  0.3053000  0.1599000  0.34740000  0.03959000  0.0433500 0.000
 62.583333  62.625000  0.079300 -0.0005902 -0.0508400  0.0141100  0.06329000 -0.04929000  0.0049810 0.000
 62.625000  62.666667  0.190800  0.2179000  0.1767000  0.1634000  0.13920000  0.09003000  0.0558100 0.000
 62.666667  62.708333  0.216000  0.2077000  0.1194000  0.0555100  0.10410000  0.02889000  0.0219500 0.000
 62.708333  62.750000  0.660900  0.7077000  0.7299000  0.7753000  0.88820000  0.85060000  0.8717000 0.000
 62.750000  62.791667  0.270600  0.2755000  0.2762000  0.2377000  0.13920000  0.18310000  0.1685000 0.000
 62.791667  62.833333  0.123000  0.0852000  0.0997000  0.0845800 -0.07131000  0.05561000  0.0286900 0.000
 62.833333  62.875000  0.190500  0.1596000  0.1373000  0.1217000 -0.00917300  0.06993000  0.0510000 0.000
