RRS/CH0001G.20070101000000.20181205113000.filter_absorption_photometer.aerosol_absorption_coefficient.aerosol.1y.1h.CH02L_Magee_AE337_JFJ.CH02L_aethalometer_AE337.lev2.nas
53 1001
Baltensperger, Urs; Weingartner, Ernest
CH02L, Paul Scherrer Institut, PSI, Laboratory of Atmospheric Chemistry (LAC), OFLB, , 5232, Villigen PSI, Switzerland
Collaud Coen, Martine
ACTRIS CREATE EMEP EUSAAR GAW-WDCA
1 1
2007 01 01 2018 12 05
0.041667
days from file reference point
9
1 1 1 1 1 1 1 1 1
999.999999 99.999999 99.9999999 99.9999999 99.9999999 99.99999999 99.99999999 99.9999999 9.999
end_time of measurement, days from the file reference point
aerosol_absorption_coefficient, 1/Mm, Wavelength=370.0 nm
aerosol_absorption_coefficient, 1/Mm, Wavelength=470.0 nm
aerosol_absorption_coefficient, 1/Mm, Wavelength=520.0 nm
aerosol_absorption_coefficient, 1/Mm, Wavelength=590.0 nm
aerosol_absorption_coefficient, 1/Mm, Wavelength=660.0 nm
aerosol_absorption_coefficient, 1/Mm, Wavelength=880.0 nm
aerosol_absorption_coefficient, 1/Mm, Wavelength=950.0 nm
numflag, no unit
0
30
Data definition:              EBAS_1.1
Set type code:                TU
Timezone:                     UTC
File name:                    CH0001G.20070101000000.20181205113000.filter_absorption_photometer.aerosol_absorption_coefficient.aerosol.1y.1h.CH02L_Magee_AE337_JFJ.CH02L_aethalometer_AE337.lev2.nas
File creation:                20200622165057
Startdate:                    20070101000000
Revision date:                20181205113000
Statistics:                   arithmetic mean
Data level:                   2
Period code:                  1y
Resolution code:              1h
Station code:                 CH0001G
Platform code:                CH0001S
Station name:                 Jungfraujoch
Station GAW-ID:               JFJ
Station latitude:             46.5475
Station longitude:            7.985
Station altitude:             3578.0 m
Regime:                       IMG
Component:                    aerosol_absorption_coefficient
Unit:                         1/Mm
Matrix:                       aerosol
Instrument type:              filter_absorption_photometer
Laboratory code:              CH02L
Instrument name:              Magee_AE337_JFJ
Method ref:                   CH02L_aethalometer_AE337
Originator:                   Baltensperger, Urs, , , , , , , , , 
Originator:                   Weingartner, Ernest, , , , , , , , , 
Submitter:                    Collaud Coen, Martine, , , , , , , , , 
starttime endtime aerosol_absorption_coefficient aerosol_absorption_coefficient aerosol_absorption_coefficient aerosol_absorption_coefficient aerosol_absorption_coefficient aerosol_absorption_coefficient aerosol_absorption_coefficient flag
[from data line 1510]
 62.916667  62.958333  0.565700  0.4975000  0.4364000  0.3907000  0.26900000  0.25980000  0.2228000 0.000
 62.958333  63.000000  0.447100  0.3782000  0.3256000  0.2962000  0.20880000  0.19670000  0.1803000 0.000
 63.000000  63.041667  0.350500  0.3052000  0.2651000  0.2325000  0.16280000  0.15140000  0.1294000 0.000
 63.041667  63.083333  0.302500  0.2592000  0.2271000  0.2046000  0.17360000  0.11720000  0.1083000 0.000
 63.083333  63.125000  0.281000  0.2436000  0.2079000  0.1897000  0.14120000  0.13390000  0.1143000 0.000
 63.125000  63.166667  0.269700  0.2119000  0.1719000  0.1440000  0.05711000  0.05531000  0.0492500 0.000
 63.166667  63.208333  0.328300  0.2545000  0.2194000  0.1994000  0.13230000  0.13770000  0.1165000 0.000
 63.208333  63.250000  0.420300  0.3288000  0.2811000  0.2432000  0.17920000  0.17250000  0.1567000 0.000
 63.250000  63.291667  0.662100  0.4931000  0.4315000  0.3826000  0.32390000  0.29600000  0.2696000 0.000
 63.291667  63.333333  0.635600  0.4515000  0.3483000  0.2890000  0.32870000  0.13850000  0.1287000 0.000
 63.333333  63.375000  0.523600  0.3975000  0.2874000  0.2350000  0.47700000  0.10880000  0.1059000 0.000
 63.375000  63.416667  0.572900  0.4479000  0.3413000  0.2914000  0.58060000  0.14670000  0.1574000 0.000
 63.416667  63.458333  0.641500  0.5160000  0.4065000  0.3431000  0.48940000  0.20270000  0.2014000 0.000
 63.458333  63.500000  0.651500  0.5278000  0.4094000  0.3504000  0.46910000  0.21470000  0.2105000 0.000
 63.500000  63.541667  0.559600  0.4144000  0.3338000  0.2821000  0.42750000  0.12680000  0.0921700 0.000
 63.541667  63.583333  0.177600  0.1084000  0.1038000  0.1069000  0.06641000  0.08765000  0.1198000 0.000
 63.583333  63.625000  0.073610  0.0931200  0.0872700  0.0618200  0.05390000  0.05652000  0.0730200 0.000
 63.625000  63.666667 -0.009879 -0.0410000 -0.0785500 -0.0832000 -0.06144000 -0.14270000 -0.1584000 0.000
 63.666667  63.708333 -0.174900 -0.2034000 -0.2590000 -0.2873000 -0.28310000 -0.34810000 -0.3596000 0.000
 63.708333  63.750000  0.008909 -0.0105900 -0.0646100 -0.0726000 -0.01622000 -0.12570000 -0.1196000 0.000
 63.750000  63.791667 -0.225500 -0.2074000 -0.2372000 -0.2375000 -0.13860000 -0.26910000 -0.2516000 0.000
 63.791667  63.833333  0.098310  0.0633600  0.0262300  0.0068320 -0.11410000 -0.08767000 -0.1014000 0.000
 63.833333  63.875000  0.290400  0.2375000  0.1900000  0.1909000  0.11210000  0.22140000  0.2170000 0.000
 63.875000  63.916667  0.114500  0.0897800  0.1220000  0.0832800  0.08703000  0.00365300  0.0090180 0.000
 63.916667  63.958333  0.154700  0.1040000  0.1039000  0.0719100  0.03882000  0.06103000  0.0521200 0.000
 63.958333  64.000000  0.123100  0.0903400  0.0889700  0.1215000  0.04688000  0.09580000  0.0855800 0.000
 64.000000  64.041667  0.320900  0.2431000  0.2405000  0.2620000  0.03934000  0.27840000  0.2216000 0.000
 64.041667  64.083333  0.256900  0.2121000  0.2066000  0.1390000 -0.02631000  0.09301000  0.0680700 0.000
 64.083333  64.125000  0.244200  0.2013000  0.1695000  0.1568000  0.16360000  0.12890000  0.1548000 0.000
 64.125000  64.166667  0.080580  0.0297900 -0.0039540 -0.0291200 -0.00170600 -0.08167000 -0.1121000 0.000
 64.166667  64.208333  0.268800  0.3036000  0.2856000  0.2812000  0.42730000  0.27710000  0.3173000 0.000
 64.208333  64.250000  0.103800  0.0669700  0.0151600 -0.0182500 -0.05805000 -0.02444000 -0.0128800 0.000
 64.250000  64.291667  0.332500  0.2711000  0.2778000  0.2926000  0.21910000  0.26110000  0.2407000 0.000
 64.291667  64.333333  0.103700  0.0502700  0.0589700  0.0347400 -0.13890000 -0.01391000 -0.0475300 0.000
 64.333333  64.375000  0.145100  0.0573900  0.0667500  0.0574500 -0.13820000  0.02948000  0.0294600 0.000
 64.375000  64.416667  0.159000  0.1471000  0.1437000  0.1188000  0.17340000  0.09845000  0.0883600 0.000
 64.416667  64.458333  1.732000  1.4870000  1.3380000  1.1960000  1.11900000  0.91270000  0.8068000 0.000
 64.458333  64.500000  0.755900  0.4679000  0.3884000  0.3400000  0.25380000  0.28350000  0.3195000 0.000
 64.500000  64.541667  1.443000  0.8629000  0.6806000  0.6379000  1.17500000  0.42620000  0.4236000 0.000
 64.541667  64.583333  1.363000  1.0370000  0.8502000  0.7990000  0.85170000  0.64250000  0.6576000 0.000
 64.583333  64.625000  1.648000  1.3240000  1.0730000  0.9457000  1.04900000  0.64380000  0.6265000 0.000
 64.625000  64.666667  1.249000  1.0540000  0.7773000  0.6673000  0.92890000  0.43220000  0.4185000 0.000
 64.666667  64.708333  1.234000  1.0110000  0.8305000  0.7545000  0.99760000  0.37440000  0.3384000 0.000
 64.708333  64.750000  1.366000  1.0980000  0.9159000  0.8034000  0.96180000  0.43850000  0.3485000 0.000
 64.750000  64.791667  2.917000  2.3490000  2.1430000  1.8780000  1.60100000  1.38900000  1.2380000 0.000
 64.791667  64.833333  2.704000  2.1600000  1.8710000  1.6530000  1.19400000  1.13400000  1.0030000 0.000
 64.833333  64.875000  2.404000  1.9240000  1.6580000  1.4940000  1.13400000  0.99670000  0.8963000 0.000
 64.875000  64.916667  1.851000  1.5020000  1.2690000  1.1140000  0.88610000  0.72360000  0.6519000 0.000
 64.916667  64.958333  1.820000  1.4820000  1.2420000  1.1060000  0.93720000  0.73510000  0.6573000 0.000
 64.958333  65.000000  0.952400  0.7982000  0.6505000  0.5938000  0.48040000  0.43670000  0.3960000 0.000
 65.000000  65.041667  0.793200  0.6849000  0.5718000  0.5204000  0.51790000  0.33250000  0.3361000 0.000
 65.041667  65.083333  0.792500  0.6545000  0.5552000  0.4892000  0.49540000  0.31480000  0.2852000 0.000
 65.083333  65.125000  1.022000  0.8637000  0.7408000  0.6566000  0.59680000  0.46890000  0.4217000 0.000
 65.125000  65.166667  1.571000  1.2570000  1.0520000  0.9240000  0.81290000  0.59400000  0.5638000 0.000
 65.166667  65.208333  1.528000  1.2050000  1.0050000  0.9056000  0.79720000  0.60920000  0.5467000 0.000
 65.208333  65.250000  1.196000  0.9399000  0.7905000  0.6913000  0.61320000  0.49190000  0.4338000 0.000
 65.250000  65.291667  1.011000  0.8108000  0.6766000  0.6142000  0.47990000  0.38450000  0.3655000 0.000
 65.291667  65.333333  0.914700  0.7430000  0.6253000  0.5651000  0.55600000  0.39050000  0.3525000 0.000
 65.333333  65.375000  0.475900  0.4115000  0.3183000  0.2537000  0.41940000  0.13020000  0.1714000 0.000
 65.375000  65.416667  0.318700  0.2974000  0.2146000  0.2049000  0.38820000  0.09309000  0.0931300 0.000
 65.416667  65.458333  0.303100  0.2684000  0.2092000  0.1617000  0.29140000  0.14230000  0.1400000 0.000
 65.458333  65.500000  0.434900  0.3740000  0.3125000  0.2748000  0.28740000  0.17180000  0.1590000 0.000
 65.500000  65.541667  0.558300  0.4858000  0.3970000  0.3765000  0.44140000  0.24720000  0.2477000 0.000
 65.541667  65.583333  0.811200  0.6941000  0.5914000  0.5499000  0.48960000  0.37160000  0.3585000 0.000
 65.583333  65.625000  0.843500  0.7411000  0.6555000  0.5629000  0.51240000  0.41040000  0.3621000 0.000
 65.625000  65.666667  0.906200  0.7806000  0.6616000  0.6226000  0.62930000  0.41910000  0.3975000 0.000
 65.666667  65.708333  1.788000  1.1900000  0.9770000  0.8298000  1.03500000  0.55500000  0.5043000 0.000
 65.708333  65.750000  1.651000  1.2680000  1.0530000  0.9456000  0.89080000  0.59560000  0.5451000 0.000
 65.750000  65.791667  1.567000  1.2380000  1.0870000  0.9678000  0.75360000  0.66640000  0.6072000 0.000
 65.791667  65.833333  1.499000  1.1580000  1.0250000  0.9171000  0.59140000  0.63970000  0.5571000 0.000
 65.833333  65.875000  1.242000  0.9631000  0.8379000  0.7465000  0.39290000  0.50700000  0.4405000 0.000
 65.875000  65.916667  0.982600  0.7861000  0.6571000  0.5953000  0.36930000  0.40700000  0.3624000 0.000
 65.916667  65.958333  1.113000  0.9163000  0.7832000  0.7134000  0.51850000  0.50160000  0.4592000 0.000
 65.958333  66.000000  0.983100  0.8197000  0.7155000  0.6525000  0.54410000  0.46560000  0.4183000 0.000
 66.000000  66.041667  0.749300  0.6239000  0.5369000  0.4753000  0.36650000  0.32600000  0.2943000 0.000
 66.041667  66.083333  0.764300  0.6434000  0.5420000  0.4915000  0.35450000  0.32700000  0.2969000 0.000
 66.083333  66.125000  0.699000  0.6059000  0.5176000  0.4678000  0.36250000  0.32320000  0.2923000 0.000
 66.125000  66.166667  0.628400  0.5259000  0.4452000  0.4038000  0.30690000  0.27400000  0.2481000 0.000
 66.166667  66.208333  0.537800  0.4552000  0.3807000  0.3361000  0.27670000  0.21130000  0.1915000 0.000
 66.208333  66.250000  0.504000  0.4286000  0.3594000  0.3196000  0.26460000  0.20820000  0.1844000 0.000
 66.250000  66.291667  0.442000  0.3999000  0.3425000  0.3053000  0.35490000  0.20020000  0.1895000 0.000
 66.291667  66.333333  0.520200  0.4592000  0.3999000  0.3649000  0.43380000  0.26240000  0.2567000 0.000
 66.333333  66.375000  0.430200  0.3752000  0.2923000  0.2506000  0.44060000  0.14760000  0.1401000 0.000
 66.375000  66.416667  0.482400  0.4221000  0.3301000  0.2829000  0.47020000  0.15730000  0.1924000 0.000
 66.416667  66.458333  0.360000  0.3078000  0.2601000  0.1857000  0.39380000  0.11590000  0.1033000 0.000
 66.458333  66.500000  0.400800  0.3366000  0.2994000  0.2835000  0.34510000  0.15890000  0.1498000 0.000
 66.500000  66.541667  0.535800  0.4556000  0.3749000  0.3234000  0.35410000  0.23150000  0.2121000 0.000
 66.541667  66.583333  0.419700  0.3691000  0.2945000  0.2663000  0.36210000  0.21620000  0.2085000 0.000
 66.583333  66.625000  0.395900  0.3205000  0.2830000  0.2532000  0.22550000  0.11670000  0.1184000 0.000
 66.625000  66.666667  0.474800  0.3797000  0.3188000  0.2662000  0.25080000  0.17430000  0.1751000 0.000
 66.666667  66.708333  0.353000  0.2984000  0.2333000  0.1966000  0.20600000  0.13730000  0.0994200 0.000
 66.708333  66.750000  0.392300  0.3104000  0.2909000  0.2640000  0.24950000  0.22740000  0.1857000 0.000
 66.750000  66.791667  0.625900  0.5105000  0.4146000  0.3696000  0.26500000  0.19840000  0.1968000 0.000
 66.791667  66.833333  0.995400  0.7493000  0.6875000  0.6216000  0.34100000  0.43000000  0.3716000 0.000
 66.833333  66.875000  0.433900  0.2224000  0.1213000  0.0641400 -0.09222000 -0.09520000 -0.1371000 0.000
 66.875000  66.916667  0.006615 -0.0293000 -0.0139300 -0.0837200 -0.28550000 -0.22860000 -0.2760000 0.000
 66.916667  66.958333 -0.033610  0.0179200  0.1289000  0.0945300  0.08839000  0.26880000  0.3179000 0.000
 66.958333  67.000000 -0.006219 -0.0250300 -0.0887100 -0.0438900 -0.10260000 -0.23500000 -0.2420000 0.000
 67.000000  67.041667  0.223400  0.1964000  0.0931700  0.0616200 -0.00798600  0.15050000  0.0801000 0.000
 67.041667  67.083333  0.187700  0.0904800  0.1015000  0.1503000  0.05642000  0.13310000  0.1929000 0.000
 67.083333  67.125000  0.208500  0.2664000  0.2635000  0.2258000  0.11890000  0.19830000  0.1557000 0.000
 67.125000  67.166667  0.182100  0.1332000  0.0954000  0.0907200  0.03318000  0.06524000  0.0757000 0.000
 67.166667  67.208333  0.102800  0.0812100  0.0696700  0.0813100  0.02648000  0.06201000  0.0442300 0.000
 67.208333  67.250000  0.047460  0.0412500  0.0215000  0.0060020  0.00840600  0.01033000  0.0211100 0.000
 67.250000  67.291667  0.092040  0.0877400  0.0777900  0.0671000  0.02443000  0.03265000  0.0213200 0.000
 67.291667  67.333333  0.076470  0.0421500  0.0738700  0.0869800  0.12100000  0.06705000  0.0523600 0.000
 67.333333  67.375000  0.080000  0.1549000  0.0731500  0.0770600  0.24740000  0.03937000  0.0672300 0.000
 67.375000  67.416667  0.083000  0.0412100 -0.0040170 -0.0229300  0.20690000 -0.01904000  0.0249100 0.000
 67.416667  67.458333  0.241200  0.2573000  0.2665000  0.2779000  0.47840000  0.12970000  0.1062000 0.000
 67.458333  67.500000  1.148000  1.0330000  0.9086000  0.7495000  0.84410000  0.55930000  0.5149000 0.000
 67.500000  67.541667  0.244700  0.1568000  0.0803000  0.0857900  0.18970000  0.06817000  0.0997500 0.000
 67.541667  67.583333  0.136700  0.1481000  0.1609000  0.1362000  0.17730000  0.18520000  0.1686000 0.000
 67.583333  67.625000  2.041000  1.7710000  1.6320000  1.5510000  1.45200000  1.03700000  0.9809000 0.000
 67.625000  67.666667  0.530300  0.4772000  0.3514000  0.3162000  0.34720000  0.24500000  0.1867000 0.000
 67.666667  67.708333 -0.031620 -0.0144400  0.0114200  0.0212700 -0.02487000 -0.03482000 -0.0071460 0.000
 67.708333  67.750000  0.122000  0.1061000  0.1095000  0.0632000 -0.00140900  0.05348000  0.0307300 0.000
 67.750000  67.791667  0.263600  0.1884000  0.1905000  0.1829000  0.08248000  0.19820000  0.1803000 0.000
 67.791667  67.833333  0.745100  0.6436000  0.6151000  0.5937000  0.43130000  0.56620000  0.5707000 0.000
 67.833333  67.875000  0.603400  0.4761000  0.4277000  0.3781000  0.23030000  0.24150000  0.1780000 0.000
 67.875000  67.916667  0.810400  0.6243000  0.5440000  0.4844000  0.38820000  0.34630000  0.3230000 0.000
 67.916667  67.958333  1.667000  1.0680000  0.8740000  0.7407000  0.89510000  0.46740000  0.4456000 0.000
 67.958333  68.000000  2.213000  1.4830000  1.2270000  1.0620000  0.93280000  0.68610000  0.6003000 0.000
 68.000000  68.041667  1.647000  1.1130000  0.8494000  0.7093000  0.64320000  0.41850000  0.3991000 0.000
 68.041667  68.083333  0.537400  0.3860000  0.3560000  0.3116000  0.26250000  0.26780000  0.2611000 0.000
 68.083333  68.125000  0.358900  0.2841000  0.2150000  0.2289000  0.15150000  0.11760000  0.0692900 0.000
 68.125000  68.166667  0.368600  0.2743000  0.2145000  0.1711000  0.11150000  0.13940000  0.1723000 0.000
 68.166667  68.208333  0.323000  0.3251000  0.2599000  0.2431000  0.12900000  0.13180000  0.1008000 0.000
 68.208333  68.250000  0.327000  0.1982000  0.1730000  0.1625000  0.11710000  0.13250000  0.0896500 0.000
 68.250000  68.291667  0.353200  0.3501000  0.3055000  0.2515000  0.29080000  0.13160000  0.1168000 0.000
 68.291667  68.333333  0.507900  0.4079000  0.3013000  0.2797000  0.34660000  0.21540000  0.2077000 0.000
 68.333333  68.375000  0.406900  0.3977000  0.3620000  0.3044000  0.36740000  0.13130000  0.1403000 0.000
 68.375000  68.416667  0.737100  0.5704000  0.4707000  0.4260000  0.49870000  0.29750000  0.2599000 0.000
 68.416667  68.458333  0.207800  0.3862000  0.1908000  0.1889000  0.34820000  0.19630000  0.2468000 0.000
 68.458333  68.500000  0.010810  0.0413900  0.0088810 -0.0328000 -0.03719000 -0.23260000 -0.2331000 0.000
 68.500000  68.541667  0.024830  0.0158700  0.0573300  0.0675400  0.18080000  0.10400000  0.0888400 0.000
 68.541667  68.583333  0.286800  0.3190000  0.1579000  0.0999000  0.08231000  0.01170000  0.0291700 0.000
 68.583333  68.625000  0.022180  0.0624600  0.0784200  0.0825600  0.04107000 -0.01493000 -0.0518900 0.000
 68.625000  68.666667  0.233200  0.2065000  0.1565000  0.1264000  0.14120000  0.13600000  0.1545000 0.000
 68.666667  68.708333  0.089000  0.0551000  0.0394100  0.0205800  0.02156000 -0.01723000 -0.0300900 0.000
 68.708333  68.750000 -0.002013  0.1425000  0.0623000  0.1146000  0.28330000  0.10990000  0.1122000 0.000
 68.750000  68.791667  0.507000  0.2455000  0.2365000  0.1791000  0.24300000  0.11340000  0.0653100 0.000
 68.791667  68.833333  0.265000  0.1366000  0.1240000  0.1140000 -0.30730000  0.13910000  0.1307000 0.000
 68.833333  68.875000  0.248000  0.1274000  0.0681000  0.0482600 -0.12910000  0.04195000  0.0791200 0.000
 68.875000  68.916667  0.125400  0.1147000  0.1033000  0.1092000  0.01066000  0.07614000  0.0437500 0.000
 68.916667  68.958333  0.119000  0.0866900  0.0923900  0.0869800 -0.01906000  0.07577000  0.0890100 0.000
 68.958333  69.000000  0.099630  0.1048000  0.0927600  0.0932900  0.09086000  0.09348000  0.0891100 0.000
 69.000000  69.041667  0.108200  0.1041000  0.1100000  0.1123000  0.05773000  0.11090000  0.1010000 0.000
 69.041667  69.083333  0.089040  0.0856200  0.0713300  0.0648000  0.00620600  0.07351000  0.0737900 0.000
 69.083333  69.125000  0.170700  0.1626000  0.1533000  0.1540000  0.09761000  0.15390000  0.1510000 0.000
 69.125000  69.166667  0.094070  0.0937100  0.0901300  0.0837800  0.04178000  0.07384000  0.0682100 0.000
