RRS/CH0001G.20070101000000.20181205113000.filter_absorption_photometer.aerosol_absorption_coefficient.aerosol.1y.1h.CH02L_Magee_AE337_JFJ.CH02L_aethalometer_AE337.lev2.nas
53 1001
Baltensperger, Urs; Weingartner, Ernest
CH02L, Paul Scherrer Institut, PSI, Laboratory of Atmospheric Chemistry (LAC), OFLB, , 5232, Villigen PSI, Switzerland
Collaud Coen, Martine
ACTRIS CREATE EMEP EUSAAR GAW-WDCA
1 1
2007 01 01 2018 12 05
0.041667
days from file reference point
9
1 1 1 1 1 1 1 1 1
999.999999 99.999999 99.9999999 99.9999999 99.9999999 99.99999999 99.99999999 99.9999999 9.999
end_time of measurement, days from the file reference point
aerosol_absorption_coefficient, 1/Mm, Wavelength=370.0 nm
aerosol_absorption_coefficient, 1/Mm, Wavelength=470.0 nm
aerosol_absorption_coefficient, 1/Mm, Wavelength=520.0 nm
aerosol_absorption_coefficient, 1/Mm, Wavelength=590.0 nm
aerosol_absorption_coefficient, 1/Mm, Wavelength=660.0 nm
aerosol_absorption_coefficient, 1/Mm, Wavelength=880.0 nm
aerosol_absorption_coefficient, 1/Mm, Wavelength=950.0 nm
numflag, no unit
0
30
Data definition:              EBAS_1.1
Set type code:                TU
Timezone:                     UTC
File name:                    CH0001G.20070101000000.20181205113000.filter_absorption_photometer.aerosol_absorption_coefficient.aerosol.1y.1h.CH02L_Magee_AE337_JFJ.CH02L_aethalometer_AE337.lev2.nas
File creation:                20200622165057
Startdate:                    20070101000000
Revision date:                20181205113000
Statistics:                   arithmetic mean
Data level:                   2
Period code:                  1y
Resolution code:              1h
Station code:                 CH0001G
Platform code:                CH0001S
Station name:                 Jungfraujoch
Station GAW-ID:               JFJ
Station latitude:             46.5475
Station longitude:            7.985
Station altitude:             3578.0 m
Regime:                       IMG
Component:                    aerosol_absorption_coefficient
Unit:                         1/Mm
Matrix:                       aerosol
Instrument type:              filter_absorption_photometer
Laboratory code:              CH02L
Instrument name:              Magee_AE337_JFJ
Method ref:                   CH02L_aethalometer_AE337
Originator:                   Baltensperger, Urs, , , , , , , , , 
Originator:                   Weingartner, Ernest, , , , , , , , , 
Submitter:                    Collaud Coen, Martine, , , , , , , , , 
starttime endtime aerosol_absorption_coefficient aerosol_absorption_coefficient aerosol_absorption_coefficient aerosol_absorption_coefficient aerosol_absorption_coefficient aerosol_absorption_coefficient aerosol_absorption_coefficient flag
[from data line 2265]
 94.375000  94.416667  0.165600  0.1819000  0.1728000  0.1572000  0.26520000  0.13770000  0.1265000 0.000
 94.416667  94.458333  0.322600  0.2395000  0.2237000  0.1834000  0.27320000  0.15820000  0.1476000 0.000
 94.458333  94.500000  0.244000  0.1885000  0.1393000  0.1534000  0.10160000  0.09684000  0.1037000 0.000
 94.500000  94.541667  0.271600  0.2141000  0.1828000  0.1670000  0.09772000  0.14260000  0.1277000 0.000
 94.541667  94.583333  0.308000  0.2620000  0.2268000  0.1561000  0.16040000  0.09249000  0.1583000 0.000
 94.583333  94.625000  0.140000  0.0978200  0.1003000  0.0901600  0.14090000  0.07042000  0.0642000 0.000
 94.625000  94.666667  0.143400  0.1255000  0.1024000  0.1057000  0.09049000  0.04070000  0.0306200 0.000
 94.666667  94.708333  0.048510  0.0195300  0.0334200  0.0461900  0.06601000  0.04914000  0.0561300 0.000
 94.708333  94.750000  0.155200  0.1577000  0.1140000  0.0719800  0.06904000  0.04223000  0.0253400 0.000
 94.750000  94.791667  0.094380  0.0663100  0.0648800  0.0390700  0.01830000 -0.00292100 -0.0240900 0.000
 94.791667  94.833333  0.167300  0.1477000  0.1372000  0.1305000  0.08994000  0.11620000  0.0875200 0.000
 94.833333  94.875000  0.107100  0.0734300  0.0564100  0.0446000  0.00006181 -0.00968900  0.0188500 0.000
 94.875000  94.916667  0.113600  0.0947000  0.0883400  0.0486100  0.05903000  0.08076000  0.0794400 0.000
 94.916667  94.958333  0.121400  0.1042000  0.0817500  0.0676200  0.06391000  0.05776000  0.0518300 0.000
 94.958333  95.000000  0.103000  0.0835000  0.0813600  0.1179000  0.08320000  0.04752000  0.0455600 0.000
 95.000000  95.041667  0.073870  0.0533800  0.0427600  0.0188800  0.03672000 -0.01279000 -0.0243100 0.000
 95.041667  95.083333  0.110400  0.0968700  0.0758600  0.0777200  0.05273000  0.06189000  0.0602100 0.000
 95.083333  95.125000  0.026350 -0.0015620 -0.0092570 -0.0229600 -0.04636000 -0.06912000 -0.0778100 0.000
 95.125000  95.166667  0.159300  0.1472000  0.1392000  0.1353000  0.10970000  0.12410000  0.1200000 0.000
 95.166667  95.208333  0.202700  0.1756000  0.1757000  0.1610000  0.12100000  0.14610000  0.1358000 0.000
 95.208333  95.250000  0.147700  0.1249000  0.1165000  0.1122000  0.07590000  0.09680000  0.0952500 0.000
 95.250000  95.291667  0.054360  0.0270800  0.0276200  0.0222000 -0.06849000  0.00319900 -0.0146400 0.000
 95.291667  95.333333  0.137200  0.1276000  0.1123000  0.0903700  0.19450000  0.05285000  0.0339700 0.000
 95.333333  95.375000  0.112400  0.0920100  0.0721000  0.0246200  0.09259000  0.06444000  0.0668200 0.000
 95.375000  95.416667  0.323500  0.2570000  0.2146000  0.2462000  0.24040000  0.17970000  0.1926000 0.000
 95.416667  95.458333  0.174400  0.1928000  0.2193000  0.2320000  0.17250000  0.19060000  0.1733000 0.000
 95.458333  95.500000  0.205200  0.1516000  0.1330000  0.0930000  0.07084000  0.11240000  0.1297000 0.000
 95.500000  95.541667  0.416000  0.3643000  0.3348000  0.3108000  0.29690000  0.26370000  0.2397000 0.000
 95.541667  95.583333  0.318400  0.2035000  0.1690000  0.1653000  0.14910000  0.09082000  0.0780700 0.000
 95.583333  95.625000  0.235200  0.1614000  0.1366000  0.0922000  0.08187000  0.08790000  0.0711800 0.000
 95.625000  95.666667  0.248900  0.1390000  0.1098000  0.0806400  0.03999000  0.06726000  0.0713500 0.000
 95.666667  95.708333  0.258700  0.1845000  0.1640000  0.1469000  0.15180000  0.08933000  0.0835200 0.000
 95.708333  95.750000  0.385100  0.2831000  0.2547000  0.2213000  0.20610000  0.17000000  0.1604000 0.000
 95.750000  95.791667  0.484500  0.3774000  0.3264000  0.2729000  0.21780000  0.18030000  0.1502000 0.000
 95.791667  95.833333  0.170900  0.1144000  0.1024000  0.0613300  0.09686000  0.05002000  0.0496000 0.000
 95.833333  95.875000  0.364800  0.2982000  0.2602000  0.2628000  0.16650000  0.16250000  0.1419000 0.000
 95.875000  95.916667  0.410500  0.3374000  0.2842000  0.2606000  0.30250000  0.17110000  0.1516000 0.000
 95.916667  95.958333  0.416600  0.3337000  0.2861000  0.2498000  0.25610000  0.15850000  0.1450000 0.000
 95.958333  96.000000  0.282300  0.2366000  0.2003000  0.1764000  0.21520000  0.10750000  0.1025000 0.000
 96.000000  96.041667  0.170200  0.1308000  0.1185000  0.1070000  0.04654000  0.06193000  0.0480100 0.000
 96.041667  96.083333  0.084900  0.0605000  0.0460500  0.0373400 -0.04506000  0.00375500 -0.0106100 0.000
 96.083333  96.125000  0.098680  0.0953100  0.1015000  0.0860200  0.03486000  0.08641000  0.0803000 0.000
 96.125000  96.166667  0.145500  0.1295000  0.1150000  0.1011000  0.10500000  0.06268000  0.0549700 0.000
 96.166667  96.208333  0.104200  0.0953100  0.0805700  0.0688700  0.07628000  0.04177000  0.0339700 0.000
 96.208333  96.250000  0.143200  0.1400000  0.1204000  0.0701800  0.14630000  0.07301000  0.0701700 0.000
 96.250000  96.291667  0.129000  0.1142000  0.1011000  0.0897500  0.07238000  0.05461000  0.0487000 0.000
 96.291667  96.333333  0.159400  0.1576000  0.1386000  0.1638000  0.15920000  0.09842000  0.1007000 0.000
 96.333333  96.375000  0.405200  0.1720000  0.1371000  0.1080000  0.08103000  0.06472000  0.0487000 0.000
 96.375000  96.416667  0.110800  0.0935700  0.0667600  0.0670700  0.06985000  0.03774000  0.0275700 0.000
 96.416667  96.458333  0.114800  0.1002000  0.1107000  0.0757800  0.07751000  0.05109000  0.0499400 0.000
 96.458333  96.500000  0.157300  0.1319000  0.1172000  0.1180000  0.06812000  0.13750000  0.1371000 0.000
 96.500000  96.541667  0.385100  0.2633000  0.2540000  0.2395000  0.15850000  0.15830000  0.1145000 0.000
 96.541667  96.583333  0.479600  0.3810000  0.3178000  0.2666000  0.29260000  0.18400000  0.1772000 0.000
 96.583333  96.625000  0.477400  0.3455000  0.2882000  0.2560000  0.27130000  0.16080000  0.1552000 0.000
 96.625000  96.666667  1.074000  0.8793000  0.7563000  0.6770000  0.66760000  0.45810000  0.4165000 0.000
 96.666667  96.708333  1.473000  1.2010000  1.0660000  0.8878000  0.88640000  0.62030000  0.5475000 0.000
 96.708333  96.750000  1.508000  1.2250000  1.0510000  0.9328000  0.84000000  0.60500000  0.5389000 0.000
 96.750000  96.791667  1.819000  1.4330000  1.2510000  1.1420000  1.00800000  0.72830000  0.6553000 0.000
 96.791667  96.833333  1.645000  1.2990000  1.1340000  0.9971000  0.90800000  0.67540000  0.6033000 0.000
 96.833333  96.875000  1.746000  1.3520000  1.1620000  1.0150000  0.92100000  0.66990000  0.5905000 0.000
 96.875000  96.916667  1.631000  1.2590000  1.0820000  0.9411000  0.87710000  0.60870000  0.5552000 0.000
 96.916667  96.958333  1.221000  0.9322000  0.7682000  0.6462000  0.54010000  0.36550000  0.3195000 0.000
 96.958333  97.000000  0.564500  0.4227000  0.3674000  0.3322000  0.29970000  0.23330000  0.1974000 0.000
 97.000000  97.041667  0.069900  0.0547700  0.0343600  0.0105100  0.02992000 -0.04738000 -0.0497700 0.000
 97.041667  97.083333  0.056450  0.0412300  0.0455000  0.0403800  0.01650000  0.04316000  0.0334500 0.000
 97.083333  97.125000  0.451200  0.3881000  0.3475000  0.3148000  0.32760000  0.24010000  0.2315000 0.000
 97.125000  97.166667  0.793500  0.6310000  0.5509000  0.4465000  0.45600000  0.33330000  0.3031000 0.000
 97.166667  97.208333  0.818100  0.6579000  0.5766000  0.5422000  0.45600000  0.33440000  0.3036000 0.000
 97.208333  97.250000  0.567600  0.4553000  0.3988000  0.3438000  0.31390000  0.21760000  0.1852000 0.000
 97.250000  97.291667  0.395500  0.3214000  0.2510000  0.2031000  0.20890000  0.08298000  0.0659600 0.000
 97.291667  97.333333  0.044880  0.0446100  0.0673900  0.0522000  0.05229000  0.04432000  0.0456900 0.000
 97.333333  97.375000  0.021830 -0.0156200 -0.0577400 -0.0791700 -0.12960000 -0.06564000 -0.0836500 0.000
 97.375000  97.416667  0.071670  0.0662300  0.0692700  0.0843600  0.06465000  0.01650000  0.0133100 0.000
 97.416667  97.458333  0.254500  0.2234000  0.2006000  0.2143000  0.19130000  0.21890000  0.2318000 0.000
 97.458333  97.500000  0.310700  0.2592000  0.2445000  0.1799000  0.16000000  0.15980000  0.1357000 0.000
 97.500000  97.541667  0.389700  0.2404000  0.2073000  0.1893000  0.18930000  0.12540000  0.1387000 0.000
 97.541667  97.583333  0.396200  0.2706000  0.2507000  0.1916000  0.19040000  0.11840000  0.0832700 0.000
 97.583333  97.625000  0.322900  0.2570000  0.2154000  0.1724000  0.20360000  0.11780000  0.1077000 0.000
 97.625000  97.666667  1.028000  0.8723000  0.7986000  0.7527000  0.71140000  0.55950000  0.5196000 0.000
 97.666667  97.708333  1.169000  0.9982000  0.8826000  0.7571000  0.70960000  0.48210000  0.4295000 0.000
 97.708333  97.750000  1.121000  0.9426000  0.8161000  0.7457000  0.68680000  0.51880000  0.4850000 0.000
 97.750000  97.791667  1.675000  1.2410000  1.0680000  0.9832000  0.73250000  0.60680000  0.5333000 0.000
 97.791667  97.833333  1.660000  1.2750000  1.0870000  0.9563000  0.81900000  0.63090000  0.5638000 0.000
 97.833333  97.875000  1.189000  0.9152000  0.7640000  0.6592000  0.58000000  0.40220000  0.3538000 0.000
 97.875000  97.916667  1.064000  0.8178000  0.6834000  0.6086000  0.54180000  0.40420000  0.3574000 0.000
 97.916667  97.958333  0.697100  0.5284000  0.4330000  0.3499000  0.32190000  0.16050000  0.1308000 0.000
 97.958333  98.000000  0.593500  0.4626000  0.4002000  0.3513000  0.32340000  0.24920000  0.2265000 0.000
 98.000000  98.041667  0.611900  0.4791000  0.3890000  0.3322000  0.37350000  0.18640000  0.1761000 0.000
 98.041667  98.083333  0.875400  0.7265000  0.6441000  0.5290000  0.50260000  0.42460000  0.3899000 0.000
 98.083333  98.125000  1.125000  0.9157000  0.7869000  0.7402000  0.67230000  0.49000000  0.4527000 0.000
 98.125000  98.166667  1.127000  0.9122000  0.7538000  0.6627000  0.58580000  0.40000000  0.3571000 0.000
 98.166667  98.208333  1.357000  1.1080000  0.9579000  0.8494000  0.85790000  0.56560000  0.5084000 0.000
 98.208333  98.250000  0.912900  0.7274000  0.6159000  0.5310000  0.46050000  0.33680000  0.3048000 0.000
 98.250000  98.291667  0.603600  0.4769000  0.3837000  0.3191000  0.32200000  0.14510000  0.1184000 0.000
 98.291667  98.333333  0.550200  0.4671000  0.3907000  0.3542000  0.37630000  0.25650000  0.2354000 0.000
 98.333333  98.375000  0.593000  0.4952000  0.4493000  0.3787000  0.33220000  0.21820000  0.1870000 0.000
 98.375000  98.416667  0.806800  0.6084000  0.4862000  0.4599000  0.42840000  0.31110000  0.3002000 0.000
 98.416667  98.458333  1.656000  1.4200000  1.2440000  1.1480000  1.03800000  0.82840000  0.7691000 0.000
 98.458333  98.500000  0.586000  0.5218000  0.4551000  0.2984000  0.31600000  0.25260000  0.2112000 0.000
 98.500000  98.541667  0.687300  0.6124000  0.5368000  0.4982000  0.47920000  0.36260000  0.3749000 0.000
 98.541667  98.583333  0.477200  0.3465000  0.3097000  0.2940000  0.20920000  0.17020000  0.1473000 0.000
 98.583333  98.625000  0.862000  0.6935000  0.6306000  0.5835000  0.48110000  0.49820000  0.4651000 0.000
 98.625000  98.666667  0.982400  0.7985000  0.6967000  0.6193000  0.49510000  0.41580000  0.3583000 0.000
 98.666667  98.708333  1.259000  1.0400000  0.9336000  0.8097000  0.70460000  0.54470000  0.4968000 0.000
 98.708333  98.750000  1.552000  1.3020000  1.1160000  0.9825000  0.95750000  0.65880000  0.6012000 0.000
 98.750000  98.791667  1.594000  1.3210000  1.1460000  1.0100000  0.97600000  0.67640000  0.6158000 0.000
 98.791667  98.833333  1.500000  1.2310000  1.0560000  0.9328000  0.84310000  0.59710000  0.5342000 0.000
 98.833333  98.875000  1.492000  1.2340000  1.0560000  0.9362000  0.85860000  0.62630000  0.5621000 0.000
 98.875000  98.916667  1.075000  0.7891000  0.6944000  0.5854000  0.50480000  0.39230000  0.3523000 0.000
 98.916667  98.958333  0.831300  0.5379000  0.4269000  0.2994000  0.30370000  0.14120000  0.1187000 0.000
 98.958333  99.000000  0.724400  0.5184000  0.4566000  0.3966000  0.32670000  0.26820000  0.2340000 0.000
 99.000000  99.041667  1.197000  0.8853000  0.7669000  0.7100000  0.66380000  0.45890000  0.3659000 0.000
 99.041667  99.083333 -0.053590 -0.1067000 -0.1370000 -0.1782000 -0.25110000 -0.29640000 -0.2673000 0.000
 99.083333  99.125000  0.170700  0.1342000  0.1085000  0.0840800  0.15590000  0.08340000  0.1002000 0.000
 99.125000  99.166667  0.138200  0.1107000  0.1071000  0.0954900  0.03325000  0.06379000  0.0433700 0.000
 99.166667  99.208333  0.346900  0.3052000  0.2872000  0.2678000  0.24480000  0.25960000  0.2551000 0.000
 99.208333  99.250000  0.223200  0.1680000  0.1532000  0.1341000  0.11340000  0.11900000  0.1080000 0.000
 99.250000  99.291667  0.225100  0.1601000  0.1458000  0.1081000  0.11840000  0.06745000  0.0714100 0.000
 99.291667  99.333333  0.225300  0.1948000  0.1736000  0.1659000  0.20720000  0.14340000  0.1470000 0.000
 99.333333  99.375000  0.181400  0.1261000  0.1017000  0.0690100  0.05582000  0.03959000  0.0266700 0.000
 99.375000  99.416667  0.223700  0.1502000  0.1190000  0.1001000  0.10610000  0.04488000  0.0505000 0.000
 99.416667  99.458333  0.214800  0.1766000  0.1826000  0.1610000  0.12340000  0.14570000  0.1326000 0.000
 99.458333  99.500000  0.558000  0.3948000  0.3579000  0.3061000  0.23480000  0.24490000  0.2313000 0.000
 99.500000  99.541667  0.282600  0.1634000  0.1138000  0.0903000  0.09735000  0.01187000 -0.0116400 0.000
 99.541667  99.583333  0.844400  0.6448000  0.5416000  0.4848000  0.39050000  0.28450000  0.2452000 0.000
 99.583333  99.625000  0.385000  0.3265000  0.3255000  0.2648000  0.27800000  0.22780000  0.2161000 0.000
 99.625000  99.666667  0.192500  0.1587000  0.1287000  0.0921700  0.10510000  0.05795000  0.0597300 0.000
 99.666667  99.708333  0.290300  0.2233000  0.1715000  0.1621000  0.19640000  0.08790000  0.0813800 0.000
 99.708333  99.750000  0.384000  0.3141000  0.2953000  0.2309000  0.22180000  0.14020000  0.1203000 0.000
 99.750000  99.791667  0.472000  0.3719000  0.3200000  0.2749000  0.23770000  0.16380000  0.1465000 0.000
 99.791667  99.833333  0.106600  0.0409700  0.0097280 -0.0436300 -0.18770000 -0.13850000 -0.1572000 0.000
 99.833333  99.875000  0.161900  0.1310000  0.1029000  0.0744000  0.15970000  0.09017000  0.0724900 0.000
 99.875000  99.916667  0.065820  0.0405400  0.0297300  0.0647200  0.00241100 -0.07172000 -0.0742500 0.000
 99.916667  99.958333  0.207600  0.1814000  0.1595000  0.1042000  0.18420000  0.10710000  0.0871700 0.000
 99.958333 100.000000  0.134100  0.0968700  0.0680200  0.0642400  0.06088000  0.01173000  0.0209100 0.000
100.000000 100.041667  0.100400  0.0930500  0.1064000  0.0701100  0.05650000  0.04353000  0.0400700 0.000
100.041667 100.083333  0.146600  0.1233000  0.1097000  0.1009000  0.09309000  0.07362000  0.0649300 0.000
100.083333 100.125000  0.146600  0.1195000  0.1104000  0.1020000  0.07714000  0.05841000  0.0506700 0.000
100.125000 100.166667  0.169100  0.1300000  0.1257000  0.0963200  0.03740000  0.06759000  0.0589200 0.000
100.166667 100.208333  0.121300  0.1184000  0.0976000  0.0809000  0.17760000  0.04367000  0.0566400 0.000
100.208333 100.250000  0.134700  0.1125000  0.1150000  0.1011000  0.12020000  0.06949000  0.0635600 0.000
100.250000 100.291667  0.149400  0.1175000  0.0986900  0.0802100  0.13700000  0.05489000  0.0462500 0.000
100.291667 100.333333  0.398300  0.3323000  0.3402000  0.2597000  0.37760000  0.25700000  0.2545000 0.000
100.333333 100.375000  0.330000  0.2604000  0.2525000  0.2485000  0.19060000  0.14680000  0.1360000 0.000
100.375000 100.416667  0.298400  0.2669000  0.2003000  0.2152000  0.15160000  0.11390000  0.1018000 0.000
100.416667 100.458333  0.307300  0.2119000  0.1932000  0.1178000  0.15790000  0.11610000  0.1057000 0.000
100.458333 100.500000  0.297700  0.2296000  0.2496000  0.2542000  0.21890000  0.18050000  0.1579000 0.000
100.500000 100.541667  0.835600  0.6926000  0.6920000  0.5870000  0.52550000  0.49950000  0.4887000 0.000
100.541667 100.583333  1.077000  0.8531000  0.7843000  0.6897000  0.62000000  0.48480000  0.4469000 0.000
100.583333 100.625000  1.187000  0.9695000  0.8653000  0.7405000  0.66200000  0.49560000  0.4337000 0.000
