RRS/CV0001G.20150101001139.20160823000000.online_gc..air.1y.1h.CV01L_Agilent_GC-FID_7890A_G3440A.CV01L_Manual_AIR_only.lev0.nas
99 1001
Punjabi, Shalini; Carpenter, Lucy
CV01L, National Institute of Meteorology and Geophysics, , , "Espargos, Ilha do Sal 76", , , , Cape Verde
Punjabi, Shalini
ACTRIS GAW-WDCGG-node
1 1
2015 01 01 2016 08 23
0
days from file reference point
31
1 1 1 1 1 1 1 1 1 1 1 1 1 1 1 1 1 1 1 1 1 1 1 1 1 1 1 1 1 1 1
999.999999 999.99 9.999 99.99 9.999 99.99 9.999 99999.99 9.999 9999.99 9.999 999.99 9.999 999.99 9.999 99.99 9.999 99.99 9.999 9999.99 9.999 999.99 9.999 99.99 9.999 999.99 9.999 99.99 9.999 9.99 9.999
end_time of measurement, days from the file reference point
2-methylpropane, pmol/mol, Statistics=arithmetic mean, Detection limit=5.0 pmol/mol
numflag 2-methylpropane, no unit, Statistics=arithmetic mean, Detection limit=5.0 pmol/mol
2-methylpropane, pmol/mol, Statistics=expanded uncertainty 2sigma
numflag 2-methylpropane, no unit, Statistics=expanded uncertainty 2sigma
2-methylpropane, pmol/mol, Statistics=precision
numflag 2-methylpropane, no unit, Statistics=precision
ethane, pmol/mol, Statistics=arithmetic mean, Detection limit=7.0 pmol/mol
numflag ethane, no unit, Statistics=arithmetic mean, Detection limit=7.0 pmol/mol
ethane, pmol/mol, Statistics=expanded uncertainty 2sigma
numflag ethane, no unit, Statistics=expanded uncertainty 2sigma
ethane, pmol/mol, Statistics=precision
numflag ethane, no unit, Statistics=precision
ethene, pmol/mol, Statistics=arithmetic mean, Detection limit=5.0 pmol/mol
numflag ethene, no unit, Statistics=arithmetic mean, Detection limit=5.0 pmol/mol
ethene, pmol/mol, Statistics=expanded uncertainty 2sigma
numflag ethene, no unit, Statistics=expanded uncertainty 2sigma
ethene, pmol/mol, Statistics=precision
numflag ethene, no unit, Statistics=precision
propane, pmol/mol, Statistics=arithmetic mean, Detection limit=6.0 pmol/mol
numflag propane, no unit, Statistics=arithmetic mean, Detection limit=6.0 pmol/mol
propane, pmol/mol, Statistics=expanded uncertainty 2sigma
numflag propane, no unit, Statistics=expanded uncertainty 2sigma
propane, pmol/mol, Statistics=precision
numflag propane, no unit, Statistics=precision
propene, pmol/mol, Statistics=arithmetic mean, Detection limit=2.0 pmol/mol
numflag propene, no unit, Statistics=arithmetic mean, Detection limit=2.0 pmol/mol
propene, pmol/mol, Statistics=expanded uncertainty 2sigma
numflag propene, no unit, Statistics=expanded uncertainty 2sigma
propene, pmol/mol, Statistics=precision
numflag propene, no unit, Statistics=precision
0
54
Data definition:              EBAS_1.1
Set type code:                TI
Timezone:                     UTC
File name:                    CV0001G.20150101001139.20160823000000.online_gc..air.1y.1h.CV01L_Agilent_GC-FID_7890A_G3440A.CV01L_Manual_AIR_only.lev0.nas
File creation:                20200622165505
Startdate:                    20150101001139
Revision date:                20160823000000
Version:                      2
Version description:          second submission manually inspected
Data level:                   0
Period code:                  1y
Resolution code:              1h
Sample duration:              20mn
Orig. time res.:              54mn
Station code:                 CV0001G
Platform code:                CV0001S
Station name:                 Cape Verde Atmospheric Observatory
Station GAW-ID:               CVO
[...]
Volume std. temperature:      273.15 K
Volume std. pressure:         1013.25 hPa
Detection limit expl.:        Determined by the derived standard deviation of the integrated area of baseline signal over a time interval equal to avg peak width, data below detection limits are given appropriate flag.
Measurement uncertainty expl.: Includes reproducibility (precision) + systematic err
Zero/negative values:         Zero/negative filtered
Originator:                   Punjabi, Shalini, SHALINI.PUNJABI@YORK.AC.UK, National Centre for Atmospheric Science, NCAS, Wolfson Atmospheric Chemistry Laboratories, Innovation Way, , YO10 5DQ, York, Great Britain
Originator:                   Carpenter, Lucy, LUCY.CARPENTER@YORK.AC.UK, National Centre for Atmospheric Science, NCAS, Wolfson Atmospheric Chemistry Laboratories, Innovation Way, , YO10 5DQ, York, Great Britain
Submitter:                    Punjabi, Shalini, shalini.punjabi@york.ac.uk, National Centre for Atmospheric Science, NCAS, Wolfson Atmospheric Chemistry Laboratories, Innovation Way, , YO10 5DQ, York, Great Britain
Acknowledgement:              Request details from data originator
Comment:                      Initial H2O removal by cold fingers immers. in antifreeze mixture at -28C before acqust.involves 2th stage H2O rem by Sterling coolers at -40Cb before allowing it to pass through precon unit.
starttime endtime C4H10 flag_C4H10 C4H10 flag_C4H10 C4H10 flag_C4H10 C2H6 flag_C2H6 C2H6 flag_C2H6 C2H6 flag_C2H6 C2H4 flag_C2H4 C2H4 flag_C2H4 C2H4 flag_C2H4 C3H8 flag_C3H8 C3H8 flag_C3H8 C3H8 flag_C3H8 C3H6 flag_C3H6 C3H6 flag_C3H6 C3H6 flag_C3H6
[from data line 1503]
 60.713484  60.727384  24.68 0.000  3.57 0.000  1.72 0.000  1293.00 0.000   54.04 0.000   8.05 0.000  21.07 0.000  3.88 0.000  1.89 0.000  222.24 0.000  10.79 0.000  3.12 0.000   2.99 0.000  1.37 0.000 0.68 0.000
 60.750903  60.764792  20.59 0.000  3.51 0.000  1.71 0.000  1208.81 0.000   50.62 0.000   7.68 0.000  17.28 0.000  3.77 0.000  1.85 0.000  201.56 0.000  10.00 0.000  3.01 0.000   2.68 0.000  1.36 0.000 0.68 0.000
 60.788310  60.802199  19.21 0.000  3.49 0.000  1.71 0.000  1151.73 0.000   48.29 0.000   7.42 0.000  18.71 0.000  3.81 0.000  1.87 0.000  183.96 0.000   9.34 0.000  2.93 0.000   4.36 0.000  1.39 0.000 0.69 0.000
 60.825671  60.839572  17.65 0.000  3.48 0.000  1.70 0.000  1091.32 0.000   45.84 0.000   7.16 0.000  19.15 0.000  3.83 0.000  1.87 0.000  171.81 0.000   8.89 0.000  2.86 0.000   3.02 0.000  1.37 0.000 0.68 0.000
 60.863102  60.877002  19.12 0.000  3.49 0.000  1.71 0.000  1123.00 0.000   47.13 0.000   7.30 0.000  20.11 0.000  3.85 0.000  1.88 0.000  174.62 0.000   9.00 0.000  2.88 0.000   5.04 0.000  1.40 0.000 0.69 0.000
 60.900498  60.914387  19.33 0.000  3.50 0.000  1.71 0.000  1132.72 0.000   47.52 0.000   7.34 0.000  19.38 0.000  3.83 0.000  1.87 0.000  183.62 0.000   9.33 0.000  2.92 0.000   6.72 0.000  1.42 0.000 0.70 0.000
 60.937917  60.951806  17.09 0.000  3.47 0.000  1.70 0.000  1088.70 0.000   45.73 0.000   7.15 0.000  23.11 0.000  3.95 0.000  1.91 0.000  168.44 0.000   8.77 0.000  2.85 0.000   6.60 0.000  1.42 0.000 0.70 0.000
 60.975324  60.989213  17.09 0.000  3.47 0.000  1.70 0.000  1071.57 0.000   45.03 0.000   7.07 0.000  21.21 0.000  3.89 0.000  1.89 0.000  165.41 0.000   8.66 0.000  2.83 0.000   4.31 0.000  1.39 0.000 0.69 0.000
 61.012697  61.026574  17.13 0.000  3.47 0.000  1.70 0.000  1063.89 0.000   44.72 0.000   7.04 0.000  22.36 0.000  3.92 0.000  1.91 0.000  162.81 0.000   8.57 0.000  2.82 0.000   4.87 0.000  1.39 0.000 0.69 0.000
 61.050081  61.063981  19.41 0.000  3.50 0.000  1.71 0.000  1093.34 0.000   45.92 0.000   7.17 0.000  23.33 0.000  3.95 0.000  1.92 0.000  169.44 0.000   8.81 0.000  2.85 0.000   4.62 0.000  1.39 0.000 0.69 0.000
 61.087477  61.101366  18.35 0.000  3.48 0.000  1.71 0.000  1085.80 0.000   45.61 0.000   7.13 0.000  26.04 0.000  4.04 0.000  1.94 0.000  167.19 0.000   8.72 0.000  2.84 0.000   6.25 0.000  1.42 0.000 0.70 0.000
 61.124861  61.138750  18.18 0.000  3.48 0.000  1.71 0.000  1077.85 0.000   45.29 0.000   7.10 0.000  24.25 0.000  3.98 0.000  1.93 0.000  161.50 0.000   8.52 0.000  2.81 0.000   5.52 0.000  1.40 0.000 0.69 0.000
 61.162280  61.176181  17.69 0.000  3.48 0.000  1.70 0.000  1041.83 0.000   43.82 0.000   6.94 0.000  20.29 0.000  3.86 0.000  1.88 0.000  155.29 0.000   8.29 0.000  2.78 0.000   5.29 0.000  1.40 0.000 0.69 0.000
 61.199676  61.213576  18.78 0.000  3.49 0.000  1.71 0.000  1052.34 0.000   44.25 0.000   6.98 0.000  24.53 0.000  3.99 0.000  1.93 0.000  153.37 0.000   8.22 0.000  2.77 0.000   6.80 0.000  1.43 0.000 0.70 0.000
 61.237072  61.250961  17.91 0.000  3.48 0.000  1.70 0.000  1055.24 0.000   44.37 0.000   7.00 0.000  22.44 0.000  3.92 0.000  1.91 0.000  162.21 0.000   8.54 0.000  2.82 0.000   5.38 0.000  1.40 0.000 0.69 0.000
 61.274502  61.288403  21.23 0.000  3.52 0.000  1.71 0.000  1080.14 0.000   45.38 0.000   7.11 0.000  28.66 0.000  4.12 0.000  1.97 0.000  165.96 0.000   8.68 0.000  2.83 0.000   7.18 0.000  1.43 0.000 0.70 0.000
 61.311910  61.325822  21.06 0.000  3.52 0.000  1.71 0.000  1111.16 0.000   46.64 0.000   7.25 0.000  22.97 0.000  3.94 0.000  1.91 0.000  174.96 0.000   9.01 0.000  2.88 0.000   5.44 0.000  1.40 0.000 0.69 0.000
 61.349317  61.363229  24.31 0.000  3.56 0.000  1.72 0.000  1124.92 0.000   47.20 0.000   7.31 0.000  27.56 0.000  4.08 0.000  1.96 0.000  177.97 0.000   9.12 0.000  2.90 0.000   4.81 0.000  1.39 0.000 0.69 0.000
 61.386782  61.400637  26.52 0.000  3.59 0.000  1.72 0.000  1142.80 0.000   47.93 0.000   7.38 0.000  24.96 0.000  4.00 0.000  1.93 0.000  182.81 0.000   9.30 0.000  2.92 0.000   5.41 0.000  1.40 0.000 0.69 0.000
 61.424144  61.438056  24.18 0.000  3.56 0.000  1.72 0.000  1147.54 0.000   48.12 0.000   7.41 0.000  27.75 0.000  4.09 0.000  1.96 0.000  185.94 0.000   9.42 0.000  2.94 0.000   5.48 0.000  1.40 0.000 0.69 0.000
 61.461562  61.475451  27.67 0.000  3.61 0.000  1.73 0.000  1151.69 0.000   48.29 0.000   7.42 0.000  26.77 0.000  4.06 0.000  1.95 0.000  192.21 0.000   9.65 0.000  2.97 0.000   7.42 0.000  1.44 0.000 0.70 0.000
 61.498924  61.512813  37.46 0.000  3.78 0.000  1.75 0.000  1162.47 0.000   48.73 0.000   7.47 0.000 999.99 0.999 99.99 0.999 99.99 0.999  190.94 0.000   9.60 0.000  2.96 0.000  13.35 0.000  1.56 0.000 0.73 0.000
 61.536319  61.550208  27.47 0.000  3.61 0.000  1.73 0.000  1181.78 0.000   49.52 0.000   7.56 0.000 999.99 0.999 99.99 0.999 99.99 0.999  195.24 0.000   9.77 0.000  2.98 0.000   7.84 0.000  1.44 0.000 0.70 0.000
 61.573715  61.587616  25.37 0.000  3.58 0.000  1.72 0.000  1171.26 0.000   49.09 0.000   7.51 0.000 999.99 0.999 99.99 0.999 99.99 0.999  182.97 0.000   9.31 0.000  2.92 0.000   5.30 0.000  1.40 0.000 0.69 0.000
 61.611123  61.625012  24.44 0.000  3.56 0.000  1.72 0.000  1186.92 0.000   49.73 0.000   7.58 0.000 999.99 0.999 99.99 0.999 99.99 0.999  192.04 0.000   9.65 0.000  2.97 0.000   6.88 0.000  1.43 0.000 0.70 0.000
 61.648565  61.662454  24.42 0.000  3.56 0.000  1.72 0.000  1186.15 0.000   49.69 0.000   7.58 0.000 999.99 0.999 99.99 0.999 99.99 0.999  193.22 0.000   9.69 0.000  2.97 0.000   8.27 0.000  1.45 0.000 0.71 0.000
 61.685984  61.699873  22.15 0.000  3.53 0.000  1.71 0.000  1196.00 0.000   50.10 0.000   7.62 0.000  35.34 0.000  4.34 0.000  2.04 0.000  192.94 0.000   9.68 0.000  2.97 0.000   6.12 0.000  1.41 0.000 0.70 0.000
 61.723414  61.737315  23.66 0.000  3.55 0.000  1.72 0.000  1194.63 0.000   50.04 0.000   7.61 0.000  35.47 0.000  4.35 0.000  2.05 0.000  189.48 0.000   9.55 0.000  2.95 0.000   5.96 0.000  1.41 0.000 0.70 0.000
 61.760845  61.774745  27.25 0.000  3.61 0.000  1.72 0.000  1206.41 0.000   50.52 0.000   7.67 0.000  31.25 0.000  4.21 0.000  2.00 0.000  195.42 0.000   9.77 0.000  2.98 0.000   6.34 0.000  1.42 0.000 0.70 0.000
 61.798264  61.812153  27.70 0.000  3.61 0.000  1.73 0.000  1202.51 0.000   50.36 0.000   7.65 0.000  29.60 0.000  4.15 0.000  1.98 0.000  188.23 0.000   9.50 0.000  2.95 0.000   5.92 0.000  1.41 0.000 0.69 0.000
 61.835671  61.849572  28.48 0.000  3.62 0.000  1.73 0.000  1184.37 0.000   49.62 0.000   7.57 0.000  29.39 0.000  4.14 0.000  1.98 0.000  186.05 0.000   9.42 0.000  2.94 0.000   5.27 0.000  1.40 0.000 0.69 0.000
 61.873079  61.887072  32.74 0.000  3.69 0.000  1.74 0.000  1184.66 0.000   49.63 0.000   7.57 0.000  31.70 0.000  4.22 0.000  2.01 0.000  189.40 0.000   9.55 0.000  2.95 0.000   5.14 0.000  1.40 0.000 0.69 0.000
 61.910475  61.924363  34.82 0.000  3.73 0.000  1.74 0.000  1203.34 0.000   50.39 0.000   7.65 0.000  33.49 0.000  4.28 0.000  2.02 0.000  192.26 0.000   9.65 0.000  2.97 0.000   9.47 0.000  1.47 0.000 0.71 0.000
 61.947882  61.961782  37.58 0.000  3.78 0.000  1.75 0.000  1205.82 0.000   50.49 0.000   7.66 0.000  30.29 0.000  4.17 0.000  1.99 0.000  195.08 0.000   9.76 0.000  2.98 0.000   6.53 0.000  1.42 0.000 0.70 0.000
 61.985255  61.999144  37.99 0.000  3.79 0.000  1.75 0.000  1197.24 0.000   50.15 0.000   7.63 0.000  30.47 0.000  4.18 0.000  1.99 0.000  197.46 0.000   9.85 0.000  2.99 0.000   6.04 0.000  1.41 0.000 0.70 0.000
 62.022616  62.036516  40.02 0.000  3.83 0.000  1.75 0.000  1204.97 0.000   50.46 0.000   7.66 0.000  30.91 0.000  4.19 0.000  2.00 0.000  200.19 0.000   9.95 0.000  3.01 0.000   5.19 0.000  1.40 0.000 0.69 0.000
 62.060012  62.073912  40.28 0.000  3.83 0.000  1.75 0.000  1215.33 0.000   50.88 0.000   7.71 0.000  29.84 0.000  4.16 0.000  1.99 0.000  197.83 0.000   9.86 0.000  3.00 0.000   6.56 0.000  1.42 0.000 0.70 0.000
 62.097396  62.111296  42.37 0.000  3.87 0.000  1.76 0.000  1217.88 0.000   50.99 0.000   7.72 0.000  30.15 0.000  4.17 0.000  1.99 0.000  204.77 0.000  10.12 0.000  3.03 0.000   7.56 0.000  1.44 0.000 0.70 0.000
 62.134780  62.148669  43.95 0.000  3.91 0.000  1.76 0.000  1230.61 0.000   51.50 0.000   7.77 0.000  35.50 0.000  4.35 0.000  2.05 0.000  207.14 0.000  10.21 0.000  3.04 0.000   7.56 0.000  1.44 0.000 0.70 0.000
 62.172187  62.186076  43.77 0.000  3.90 0.000  1.76 0.000  1231.16 0.000   51.53 0.000   7.78 0.000  38.81 0.000  4.46 0.000  2.08 0.000  203.10 0.000  10.06 0.000  3.02 0.000   8.43 0.000  1.45 0.000 0.71 0.000
 62.209583  62.223472  43.06 0.000  3.89 0.000  1.76 0.000  1232.59 0.000   51.58 0.000   7.78 0.000  33.44 0.000  4.28 0.000  2.02 0.000  204.82 0.000  10.13 0.000  3.03 0.000   8.08 0.000  1.45 0.000 0.71 0.000
 62.246968  62.260856  43.55 0.000  3.90 0.000  1.76 0.000  1230.43 0.000   51.50 0.000   7.77 0.000  31.79 0.000  4.22 0.000  2.01 0.000  198.62 0.000   9.89 0.000  3.00 0.000   8.09 0.000  1.45 0.000 0.71 0.000
 62.284352  62.298241  42.51 0.000  3.88 0.000  1.76 0.000  1232.37 0.000   51.58 0.000   7.78 0.000  34.29 0.000  4.31 0.000  2.03 0.000  202.69 0.000  10.05 0.000  3.02 0.000   7.96 0.000  1.45 0.000 0.70 0.000
 62.321748  62.335648  44.62 0.000  3.92 0.000  1.76 0.000  1240.69 0.000   51.91 0.000   7.82 0.000  38.94 0.000  4.47 0.000  2.08 0.000  208.61 0.000  10.27 0.000  3.05 0.000   6.77 0.000  1.42 0.000 0.70 0.000
 62.359144  62.373044  45.42 0.000  3.94 0.000  1.76 0.000  1254.08 0.000   52.46 0.000   7.88 0.000  38.09 0.000  4.44 0.000  2.07 0.000  213.95 0.000  10.47 0.000  3.08 0.000   7.84 0.000  1.44 0.000 0.70 0.000
 62.396551  62.410428  43.03 0.000  3.89 0.000  1.76 0.000  1248.61 0.000   52.24 0.000   7.85 0.000  35.41 0.000  4.35 0.000  2.04 0.000  209.95 0.000  10.32 0.000  3.06 0.000   7.25 0.000  1.43 0.000 0.70 0.000
 62.433935  62.447824  40.82 0.000  3.84 0.000  1.75 0.000  1259.34 0.000   52.67 0.000   7.90 0.000  31.48 0.000  4.21 0.000  2.00 0.000  206.85 0.000  10.20 0.000  3.04 0.000   7.86 0.000  1.44 0.000 0.70 0.000
 62.471319  62.485231  37.67 0.000  3.78 0.000  1.75 0.000  1248.49 0.000   52.23 0.000   7.85 0.000  36.90 0.000  4.40 0.000  2.06 0.000  209.46 0.000  10.30 0.000  3.05 0.000   7.68 0.000  1.44 0.000 0.70 0.000
 62.508704  62.522604  36.08 0.000  3.75 0.000  1.74 0.000  1230.76 0.000   51.51 0.000   7.77 0.000  32.77 0.000  4.26 0.000  2.02 0.000  202.29 0.000  10.03 0.000  3.02 0.000   8.92 0.000  1.46 0.000 0.71 0.000
 62.546076  62.559965  32.25 0.000  3.69 0.000  1.74 0.000  1227.89 0.000   51.39 0.000   7.76 0.000  27.56 0.000  4.09 0.000  1.96 0.000  191.85 0.000   9.64 0.000  2.97 0.000   7.75 0.000  1.44 0.000 0.70 0.000
 62.583542  62.597431  30.43 0.000  3.66 0.000  1.73 0.000  1202.25 0.000   50.35 0.000   7.65 0.000  25.28 0.000  4.01 0.000  1.94 0.000  179.79 0.000   9.19 0.000  2.90 0.000   6.16 0.000  1.41 0.000 0.70 0.000
 62.620949  62.634850  29.72 0.000  3.64 0.000  1.73 0.000  1192.61 0.000   49.96 0.000   7.61 0.000  22.93 0.000  3.94 0.000  1.91 0.000  178.60 0.000   9.15 0.000  2.90 0.000   5.71 0.000  1.41 0.000 0.69 0.000
 62.658380  62.672269  28.08 0.000  3.62 0.000  1.73 0.000  1193.22 0.000   49.98 0.000   7.61 0.000  25.10 0.000  4.01 0.000  1.93 0.000  183.97 0.000   9.34 0.000  2.93 0.000   5.76 0.000  1.41 0.000 0.69 0.000
 62.695775  62.709664  28.19 0.000  3.62 0.000  1.73 0.000  1207.82 0.000   50.58 0.000   7.67 0.000  18.42 0.000  3.80 0.000  1.86 0.000  185.15 0.000   9.39 0.000  2.93 0.000   5.01 0.000  1.40 0.000 0.69 0.000
 62.733206  62.747095  29.45 0.000  3.64 0.000  1.73 0.000  1228.15 0.000   51.40 0.000   7.76 0.000  21.68 0.000  3.90 0.000  1.90 0.000  187.30 0.000   9.47 0.000  2.94 0.000   4.55 0.000  1.39 0.000 0.69 0.000
 62.770625  62.784514  33.06 0.000  3.70 0.000  1.74 0.000  1246.92 0.000   52.17 0.000   7.85 0.000  21.88 0.000  3.91 0.000  1.90 0.000  197.67 0.000   9.86 0.000  2.99 0.000   6.56 0.000  1.42 0.000 0.70 0.000
 62.808102  62.822014  34.75 0.000  3.73 0.000  1.74 0.000  1242.85 0.000   52.00 0.000   7.83 0.000  23.22 0.000  3.95 0.000  1.91 0.000  199.31 0.000   9.92 0.000  3.00 0.000   6.58 0.000  1.42 0.000 0.70 0.000
 62.845498  62.859398  35.67 0.000  3.75 0.000  1.74 0.000  1255.66 0.000   52.52 0.000   7.88 0.000  21.37 0.000  3.89 0.000  1.89 0.000  198.57 0.000   9.89 0.000  3.00 0.000   3.83 0.000  1.38 0.000 0.68 0.000
 62.882917  62.896806  37.52 0.000  3.78 0.000  1.75 0.000  1283.34 0.000   53.65 0.000   8.01 0.000  25.97 0.000  4.03 0.000  1.94 0.000  215.56 0.000  10.53 0.000  3.08 0.000   3.87 0.000  1.38 0.000 0.69 0.000
 62.920359  62.934259  40.10 0.000  3.83 0.000  1.75 0.000  1301.32 0.000   54.38 0.000   8.09 0.000  25.91 0.000  4.03 0.000  1.94 0.000  218.01 0.000  10.63 0.000  3.10 0.000   5.43 0.000  1.40 0.000 0.69 0.000
 62.957778  62.971678  43.95 0.000  3.91 0.000  1.76 0.000  1331.62 0.000   55.62 0.000   8.22 0.000  27.72 0.000  4.09 0.000  1.96 0.000  237.70 0.000  11.38 0.000  3.20 0.000   3.63 0.000  1.38 0.000 0.68 0.000
 62.995174  63.009062  44.64 0.000  3.92 0.000  1.76 0.000  1350.26 0.000   56.38 0.000   8.30 0.000  27.25 0.000  4.08 0.000  1.96 0.000  240.57 0.000  11.49 0.000  3.21 0.000   7.14 0.000  1.43 0.000 0.70 0.000
 63.032627  63.046528  43.31 0.000  3.89 0.000  1.76 0.000  1380.66 0.000   57.61 0.000   8.44 0.000  26.75 0.000  4.06 0.000  1.95 0.000  250.23 0.000  11.86 0.000  3.26 0.000   7.55 0.000  1.44 0.000 0.70 0.000
 63.070035  63.083935  43.91 0.000  3.91 0.000  1.76 0.000  1409.60 0.000   58.79 0.000   8.56 0.000  24.22 0.000  3.98 0.000  1.93 0.000  259.01 0.000  12.20 0.000  3.30 0.000   6.36 0.000  1.42 0.000 0.70 0.000
 63.107500  63.121389  42.29 0.000  3.87 0.000  1.76 0.000  1408.00 0.000   58.73 0.000   8.56 0.000  25.05 0.000  4.01 0.000  1.93 0.000  259.50 0.000  12.22 0.000  3.31 0.000   7.22 0.000  1.43 0.000 0.70 0.000
 63.144919  63.158808  42.55 0.000  3.88 0.000  1.76 0.000  1405.51 0.000   58.63 0.000   8.55 0.000  24.42 0.000  3.99 0.000  1.93 0.000  254.01 0.000  12.01 0.000  3.28 0.000   7.54 0.000  1.44 0.000 0.70 0.000
 63.182315  63.196215  40.07 0.000  3.83 0.000  1.75 0.000  1382.09 0.000   57.67 0.000   8.44 0.000  28.12 0.000  4.10 0.000  1.97 0.000  255.21 0.000  12.05 0.000  3.28 0.000   5.93 0.000  1.41 0.000 0.70 0.000
 63.219687  63.233588  38.61 0.000  3.80 0.000  1.75 0.000  1389.38 0.000   57.97 0.000   8.47 0.000  25.53 0.000  4.02 0.000  1.94 0.000  246.10 0.000  11.70 0.000  3.24 0.000   6.90 0.000  1.43 0.000 0.70 0.000
 63.257118  63.271007  38.85 0.000  3.81 0.000  1.75 0.000  1390.52 0.000   58.02 0.000   8.48 0.000  30.33 0.000  4.18 0.000  1.99 0.000  247.49 0.000  11.76 0.000  3.24 0.000   5.68 0.000  1.41 0.000 0.69 0.000
 63.294502  63.308403  41.96 0.000  3.87 0.000  1.76 0.000  1399.56 0.000   58.38 0.000   8.52 0.000  31.90 0.000  4.23 0.000  2.01 0.000  251.76 0.000  11.92 0.000  3.27 0.000   6.65 0.000  1.42 0.000 0.70 0.000
 63.331956  63.345845  43.52 0.000  3.90 0.000  1.76 0.000  1395.52 0.000   58.22 0.000   8.50 0.000  26.57 0.000  4.05 0.000  1.95 0.000  248.35 0.000  11.79 0.000  3.25 0.000   7.65 0.000  1.44 0.000 0.70 0.000
 63.369329  63.383241  42.69 0.000  3.88 0.000  1.76 0.000  1407.21 0.000   58.70 0.000   8.55 0.000  28.82 0.000  4.13 0.000  1.97 0.000  251.36 0.000  11.90 0.000  3.26 0.000   7.80 0.000  1.44 0.000 0.70 0.000
 63.406748  63.420637  43.53 0.000  3.90 0.000  1.76 0.000  1405.80 0.000   58.64 0.000   8.55 0.000  28.48 0.000  4.11 0.000  1.97 0.000  261.39 0.000  12.29 0.000  3.31 0.000   7.08 0.000  1.43 0.000 0.70 0.000
 63.444190  63.458079  37.09 0.000  3.77 0.000  1.75 0.000  1389.21 0.000   57.96 0.000   8.47 0.000  25.28 0.000  4.01 0.000  1.94 0.000  244.31 0.000  11.63 0.000  3.23 0.000   6.71 0.000  1.42 0.000 0.70 0.000
