RRS/CV0001G.20130701151343.20160823000000.online_gc..air.6mo.1h.CV01L_Agilent_GC-FID_7890A_G3440A.CV01L_Manual_AIR_only.lev0.nas
111 1001
Punjabi, Shalini; Carpenter, Lucy
CV01L, National Institute of Meteorology and Geophysics, , , "Espargos, Ilha do Sal 76", , , , Cape Verde
Punjabi, Shalini
ACTRIS GAW-WDCGG-node
1 1
2013 01 01 2016 08 23
0
days from file reference point
43
1 1 1 1 1 1 1 1 1 1 1 1 1 1 1 1 1 1 1 1 1 1 1 1 1 1 1 1 1 1 1 1 1 1 1 1 1 1 1 1 1 1 1
999.999999 999.99 9.999 99.99 9.999 99.99 9.999 9999.99 9.999 99.99 9.999 99.99 9.999 99999.99 9.999 999.99 9.999 999.99 9.999 9 9.999 9 9.999 9 9.999 9999.99 9.999 99.99 9.999 99.99 9.999 999.99 9.999 99.99 9.999 99.99 9.999 9999.99 9.999 999.99 9.999 99.99 9.999
end_time of measurement, days from the file reference point
2-methylbutane, pmol/mol, Statistics=arithmetic mean, Detection limit=4.0 pmol/mol, Measurement uncertainty=2.04 %
numflag 2-methylbutane, no unit, Statistics=arithmetic mean, Detection limit=4.0 pmol/mol, Measurement uncertainty=2.04 %
2-methylbutane, pmol/mol, Statistics=expanded uncertainty 2sigma
numflag 2-methylbutane, no unit, Statistics=expanded uncertainty 2sigma
2-methylbutane, pmol/mol, Statistics=precision
numflag 2-methylbutane, no unit, Statistics=precision
2-methylpropane, pmol/mol, Statistics=arithmetic mean, Detection limit=5.0 pmol/mol, Measurement uncertainty=1.94 %
numflag 2-methylpropane, no unit, Statistics=arithmetic mean, Detection limit=5.0 pmol/mol, Measurement uncertainty=1.94 %
2-methylpropane, pmol/mol, Statistics=expanded uncertainty 2sigma
numflag 2-methylpropane, no unit, Statistics=expanded uncertainty 2sigma
2-methylpropane, pmol/mol, Statistics=precision
numflag 2-methylpropane, no unit, Statistics=precision
ethane, pmol/mol, Statistics=arithmetic mean, Detection limit=7.0 pmol/mol, Measurement uncertainty=2.04 %
numflag ethane, no unit, Statistics=arithmetic mean, Detection limit=7.0 pmol/mol, Measurement uncertainty=2.04 %
ethane, pmol/mol, Statistics=expanded uncertainty 2sigma
numflag ethane, no unit, Statistics=expanded uncertainty 2sigma
ethane, pmol/mol, Statistics=precision
numflag ethane, no unit, Statistics=precision
ethyne, pmol/mol, Statistics=arithmetic mean, Detection limit=3.0 pmol/mol
numflag ethyne, no unit, Statistics=arithmetic mean, Detection limit=3.0 pmol/mol
ethyne, pmol/mol, Statistics=expanded uncertainty 2sigma
numflag ethyne, no unit, Statistics=expanded uncertainty 2sigma
ethyne, pmol/mol, Statistics=precision
numflag ethyne, no unit, Statistics=precision
n-butane, pmol/mol, Statistics=arithmetic mean, Detection limit=5.0 pmol/mol, Measurement uncertainty=2.04 %
numflag n-butane, no unit, Statistics=arithmetic mean, Detection limit=5.0 pmol/mol, Measurement uncertainty=2.04 %
n-butane, pmol/mol, Statistics=expanded uncertainty 2sigma
numflag n-butane, no unit, Statistics=expanded uncertainty 2sigma
n-butane, pmol/mol, Statistics=precision
numflag n-butane, no unit, Statistics=precision
n-pentane, pmol/mol, Statistics=arithmetic mean, Detection limit=4.0 pmol/mol, Measurement uncertainty=2.81 %
numflag n-pentane, no unit, Statistics=arithmetic mean, Detection limit=4.0 pmol/mol, Measurement uncertainty=2.81 %
n-pentane, pmol/mol, Statistics=expanded uncertainty 2sigma
numflag n-pentane, no unit, Statistics=expanded uncertainty 2sigma
n-pentane, pmol/mol, Statistics=precision
numflag n-pentane, no unit, Statistics=precision
[...]
Volume std. pressure:         1013.25 hPa
Detection limit expl.:        Determined by the derived standard deviation of the integrated area of baseline signal over a time interval equal to avg peak width, detection limit flags are used
Measurement uncertainty expl.: Includes reproducibility (precision) + systematic err
Zero/negative values:         Zero/negative filtered
Originator:                   Punjabi, Shalini, SHALINI.PUNJABI@YORK.AC.UK, National Centre for Atmospheric Science, NCAS, Wolfson Atmospheric Chemistry Laboratories, Innovation Way, , YO10 5DQ, York, Great Britain
Originator:                   Carpenter, Lucy, LUCY.CARPENTER@YORK.AC.UK, National Centre for Atmospheric Science, NCAS, Wolfson Atmospheric Chemistry Laboratories, Innovation Way, , YO10 5DQ, York, Great Britain
Submitter:                    Punjabi, Shalini, shalini.punjabi@york.ac.uk, National Centre for Atmospheric Science, NCAS, Wolfson Atmospheric Chemistry Laboratories, Innovation Way, , YO10 5DQ, York, Great Britain
Acknowledgement:              Request details from data originator
Comment:                      Initial H2O removal by cold fingers immers. in antifreeze mixture at -28C before acqust.involves 2th stage H2O rem by Sterling coolers at -40Cb before allowing it to pass through precon unit.
starttime endtime C5H12 flag_C5H12 C5H12 flag_C5H12 C5H12 flag_C5H12 C4H10 flag_C4H10 C4H10 flag_C4H10 C4H10 flag_C4H10 C2H6 flag_C2H6 C2H6 flag_C2H6 C2H6 flag_C2H6 C2H2 flag_C2H2 C2H2 flag_C2H2 C2H2 flag_C2H2 C4H10 flag_C4H10 C4H10 flag_C4H10 C4H10 flag_C4H10 C5H12 flag_C5H12 C5H12 flag_C5H12 C5H12 flag_C5H12 C3H8 flag_C3H8 C3H8 flag_C3H8 C3H8 flag_C3H8
[from data line 2377]
292.524873 292.538773 999.99 0.999 99.99 0.999 99.99 0.999    3.69 0.147  3.35 0.147  1.67 0.147   488.25 0.000  20.50 0.000   4.49 0.000 9 0.999 9 0.999 9 0.999    3.49 0.147  3.34 0.147  1.67 0.147   1.88 0.147  2.74 0.147  1.37 0.147   36.14 0.000   4.58 0.000  2.18 0.000
292.562535 292.576412   2.71 0.147  2.69 0.147  1.34 0.147    2.67 0.147  3.35 0.147  1.67 0.147   457.05 0.000  19.32 0.000   4.35 0.000 9 0.999 9 0.999 9 0.999    4.19 0.147  3.35 0.147  1.67 0.147   2.37 0.147  2.76 0.147  1.38 0.147   20.94 0.000   4.29 0.000  2.11 0.000
292.600185 292.614074 999.99 0.999 99.99 0.999 99.99 0.999    3.61 0.147  3.35 0.147  1.67 0.147   436.36 0.000  18.54 0.000   4.26 0.000 9 0.999 9 0.999 9 0.999    3.64 0.147  3.34 0.147  1.67 0.147 999.99 0.999 99.99 0.999 99.99 0.999   20.54 0.000   4.28 0.000  2.10 0.000
292.637812 292.651701 999.99 0.999 99.99 0.999 99.99 0.999    1.84 0.147  3.34 0.147  1.67 0.147   426.67 0.000  18.18 0.000   4.22 0.000 9 0.999 9 0.999 9 0.999    2.64 0.147  3.34 0.147  1.67 0.147 999.99 0.999 99.99 0.999 99.99 0.999   17.87 0.000   4.24 0.000  2.09 0.000
292.675451 292.689329 999.99 0.999 99.99 0.999 99.99 0.999 9999.99 0.999 99.99 0.999 99.99 0.999   418.04 0.000  17.85 0.000   4.18 0.000 9 0.999 9 0.999 9 0.999    3.20 0.147  3.34 0.147  1.67 0.147 999.99 0.999 99.99 0.999 99.99 0.999   18.29 0.000   4.24 0.000  2.09 0.000
292.713079 292.726979 999.99 0.999 99.99 0.999 99.99 0.999 9999.99 0.999 99.99 0.999 99.99 0.999   403.40 0.000  17.31 0.000   4.12 0.000 9 0.999 9 0.999 9 0.999    2.07 0.147  3.34 0.147  1.67 0.147 999.99 0.999 99.99 0.999 99.99 0.999   13.64 0.000   4.17 0.000  2.07 0.000
292.750741 292.764641 999.99 0.999 99.99 0.999 99.99 0.999    1.31 0.147  3.34 0.147  1.67 0.147   394.92 0.000  16.99 0.000   4.08 0.000 9 0.999 9 0.999 9 0.999    2.21 0.147  3.34 0.147  1.67 0.147 999.99 0.999 99.99 0.999 99.99 0.999   14.09 0.000   4.18 0.000  2.07 0.000
292.788414 292.802303 999.99 0.999 99.99 0.999 99.99 0.999    1.26 0.147  3.34 0.147  1.67 0.147   400.31 0.000  17.19 0.000   4.10 0.000 9 0.999 9 0.999 9 0.999    1.35 0.147  3.34 0.147  1.67 0.147 999.99 0.999 99.99 0.999 99.99 0.999   17.37 0.000   4.23 0.000  2.09 0.000
292.826042 292.839931 999.99 0.999 99.99 0.999 99.99 0.999 9999.99 0.999 99.99 0.999 99.99 0.999   412.06 0.000  17.63 0.000   4.15 0.000 9 0.999 9 0.999 9 0.999    1.07 0.147  3.34 0.147  1.67 0.147 999.99 0.999 99.99 0.999 99.99 0.999   12.80 0.000   4.16 0.000  2.06 0.000
292.863646 292.877546 999.99 0.999 99.99 0.999 99.99 0.999 9999.99 0.999 99.99 0.999 99.99 0.999   412.96 0.000  17.66 0.000   4.16 0.000 9 0.999 9 0.999 9 0.999    1.69 0.147  3.34 0.147  1.67 0.147 999.99 0.999 99.99 0.999 99.99 0.999   14.13 0.000   4.18 0.000  2.07 0.000
292.901262 292.915150 999.99 0.999 99.99 0.999 99.99 0.999 9999.99 0.999 99.99 0.999 99.99 0.999   403.72 0.000  17.32 0.000   4.12 0.000 9 0.999 9 0.999 9 0.999    1.94 0.147  3.34 0.147  1.67 0.147 999.99 0.999 99.99 0.999 99.99 0.999   12.55 0.000   4.15 0.000  2.06 0.000
292.938819 292.952720 999.99 0.999 99.99 0.999 99.99 0.999 9999.99 0.999 99.99 0.999 99.99 0.999   412.61 0.000  17.65 0.000   4.16 0.000 9 0.999 9 0.999 9 0.999 9999.99 0.999 99.99 0.999 99.99 0.999 999.99 0.999 99.99 0.999 99.99 0.999   14.90 0.000   4.19 0.000  2.07 0.000
292.976400 292.990301 999.99 0.999 99.99 0.999 99.99 0.999 9999.99 0.999 99.99 0.999 99.99 0.999   412.16 0.000  17.63 0.000   4.16 0.000 9 0.999 9 0.999 9 0.999 9999.99 0.999 99.99 0.999 99.99 0.999 999.99 0.999 99.99 0.999 99.99 0.999   13.96 0.000   4.17 0.000  2.07 0.000
293.013993 293.027894 999.99 0.999 99.99 0.999 99.99 0.999 9999.99 0.999 99.99 0.999 99.99 0.999   409.05 0.000  17.52 0.000   4.14 0.000 9 0.999 9 0.999 9 0.999 9999.99 0.999 99.99 0.999 99.99 0.999 999.99 0.999 99.99 0.999 99.99 0.999   14.22 0.000   4.18 0.000  2.07 0.000
293.051609 293.065498 999.99 0.999 99.99 0.999 99.99 0.999 9999.99 0.999 99.99 0.999 99.99 0.999   403.73 0.000  17.32 0.000   4.12 0.000 9 0.999 9 0.999 9 0.999    1.45 0.147  3.34 0.147  1.67 0.147 999.99 0.999 99.99 0.999 99.99 0.999   11.60 0.000   4.14 0.000  2.06 0.000
293.089213 293.103102 999.99 0.999 99.99 0.999 99.99 0.999 9999.99 0.999 99.99 0.999 99.99 0.999   408.81 0.000  17.51 0.000   4.14 0.000 9 0.999 9 0.999 9 0.999 9999.99 0.999 99.99 0.999 99.99 0.999 999.99 0.999 99.99 0.999 99.99 0.999   14.54 0.000   4.18 0.000  2.07 0.000
293.126863 293.140752 999.99 0.999 99.99 0.999 99.99 0.999 9999.99 0.999 99.99 0.999 99.99 0.999   400.88 0.000  17.21 0.000   4.11 0.000 9 0.999 9 0.999 9 0.999 9999.99 0.999 99.99 0.999 99.99 0.999 999.99 0.999 99.99 0.999 99.99 0.999   15.72 0.000   4.20 0.000  2.08 0.000
293.164421 293.178322 999.99 0.999 99.99 0.999 99.99 0.999 9999.99 0.999 99.99 0.999 99.99 0.999   411.59 0.000  17.61 0.000   4.15 0.000 9 0.999 9 0.999 9 0.999 9999.99 0.999 99.99 0.999 99.99 0.999 999.99 0.999 99.99 0.999 99.99 0.999   14.67 0.000   4.19 0.000  2.07 0.000
293.202025 293.215914 999.99 0.999 99.99 0.999 99.99 0.999 9999.99 0.999 99.99 0.999 99.99 0.999   423.08 0.000  18.04 0.000   4.20 0.000 9 0.999 9 0.999 9 0.999    1.46 0.147  3.34 0.147  1.67 0.147 999.99 0.999 99.99 0.999 99.99 0.999   15.17 0.000   4.19 0.000  2.08 0.000
293.239606 293.253495 999.99 0.999 99.99 0.999 99.99 0.999 9999.99 0.999 99.99 0.999 99.99 0.999   424.62 0.000  18.10 0.000   4.21 0.000 9 0.999 9 0.999 9 0.999    2.21 0.147  3.34 0.147  1.67 0.147 999.99 0.999 99.99 0.999 99.99 0.999   21.97 0.000   4.30 0.000  2.11 0.000
293.277176 293.291076 999.99 0.999 99.99 0.999 99.99 0.999 9999.99 0.999 99.99 0.999 99.99 0.999   431.39 0.000  18.36 0.000   4.24 0.000 9 0.999 9 0.999 9 0.999    3.24 0.147  3.34 0.147  1.67 0.147   1.33 0.147  2.72 0.147  1.36 0.147   24.49 0.000   4.35 0.000  2.12 0.000
293.314803 293.328681 999.99 0.999 99.99 0.999 99.99 0.999    2.32 0.147  3.34 0.147  1.67 0.147   456.15 0.000  19.29 0.000   4.35 0.000 9 0.999 9 0.999 9 0.999    2.89 0.147  3.34 0.147  1.67 0.147   2.27 0.147  2.76 0.147  1.38 0.147   28.25 0.000   4.42 0.000  2.14 0.000
293.352373 293.366262 999.99 0.999 99.99 0.999 99.99 0.999    1.89 0.147  3.34 0.147  1.67 0.147   493.03 0.000  20.68 0.000   4.51 0.000 9 0.999 9 0.999 9 0.999    2.33 0.147  3.34 0.147  1.67 0.147 999.99 0.999 99.99 0.999 99.99 0.999   40.60 0.000   4.67 0.000  2.20 0.000
293.451701 293.465590 999.99 0.999 99.99 0.999 99.99 0.999    4.44 0.147  3.36 0.147  1.68 0.147   536.26 0.000  22.32 0.000   4.70 0.000 9 0.999 9 0.999 9 0.999    4.43 0.147  3.35 0.147  1.67 0.147   1.85 0.147  2.74 0.147  1.37 0.147   54.96 0.000   5.01 0.000  2.28 0.000
293.485150 293.499039 999.99 0.999 99.99 0.999 99.99 0.999    3.60 0.147  3.35 0.147  1.67 0.147   588.70 0.000  24.31 0.000   4.94 0.000 9 0.999 9 0.999 9 0.999    7.10 0.000  3.36 0.000  1.67 0.000   1.16 0.147  2.71 0.147  1.36 0.147   61.63 0.000   5.19 0.000  2.31 0.000
293.522685 293.536574 999.99 0.999 99.99 0.999 99.99 0.999    3.63 0.147  3.35 0.147  1.67 0.147   661.35 0.000  27.08 0.000   5.26 0.000 9 0.999 9 0.999 9 0.999    8.83 0.000  3.37 0.000  1.67 0.000   1.44 0.147  2.72 0.147  1.36 0.147   79.64 0.000   5.69 0.000  2.40 0.000
293.560255 293.574144 999.99 0.999 99.99 0.999 99.99 0.999    5.36 0.000  3.36 0.000  1.68 0.000   701.75 0.000  28.63 0.000   5.44 0.000 9 0.999 9 0.999 9 0.999   10.77 0.000  3.38 0.000  1.68 0.000 999.99 0.999 99.99 0.999 99.99 0.999   88.87 0.000   5.96 0.000  2.45 0.000
293.597847 293.611736 999.99 0.999 99.99 0.999 99.99 0.999    5.57 0.000  3.36 0.000  1.68 0.000   734.53 0.000  29.88 0.000   5.58 0.000 9 0.999 9 0.999 9 0.999   10.27 0.000  3.38 0.000  1.68 0.000   2.03 0.147  2.75 0.147  1.37 0.147  101.53 0.000   6.35 0.000  2.51 0.000
293.635440 293.649329 999.99 0.999 99.99 0.999 99.99 0.999    7.96 0.000  3.38 0.000  1.68 0.000   870.70 0.000  35.11 0.000   6.18 0.000 9 0.999 9 0.999 9 0.999   16.81 0.000  3.43 0.000  1.68 0.000   2.33 0.147  2.76 0.147  1.38 0.147  148.75 0.000   7.91 0.000  2.75 0.000
293.673032 293.687083 999.99 0.999 99.99 0.999 99.99 0.999    8.06 0.000  3.38 0.000  1.68 0.000   892.57 0.000  35.95 0.000   6.28 0.000 9 0.999 9 0.999 9 0.999   16.70 0.000  3.43 0.000  1.68 0.000   2.89 0.147  2.78 0.147  1.39 0.147  147.21 0.000   7.86 0.000  2.74 0.000
293.710775 293.724653 999.99 0.999 99.99 0.999 99.99 0.999    8.50 0.000  3.38 0.000  1.68 0.000   806.46 0.000  32.64 0.000   5.90 0.000 9 0.999 9 0.999 9 0.999   12.82 0.000  3.39 0.000  1.68 0.000   1.23 0.147  2.72 0.147  1.36 0.147  122.60 0.000   7.03 0.000  2.62 0.000
293.748345 293.762245 999.99 0.999 99.99 0.999 99.99 0.999    6.96 0.000  3.37 0.000  1.68 0.000   742.60 0.000  30.19 0.000   5.62 0.000 9 0.999 9 0.999 9 0.999   11.01 0.000  3.38 0.000  1.68 0.000   2.25 0.147  2.76 0.147  1.38 0.147  107.61 0.000   6.54 0.000  2.54 0.000
293.785914 293.799826 999.99 0.999 99.99 0.999 99.99 0.999    5.41 0.000  3.36 0.000  1.68 0.000   705.45 0.000  28.77 0.000   5.45 0.000 9 0.999 9 0.999 9 0.999   10.94 0.000  3.38 0.000  1.68 0.000 999.99 0.999 99.99 0.999 99.99 0.999   97.37 0.000   6.22 0.000  2.49 0.000
293.823519 293.837407 999.99 0.999 99.99 0.999 99.99 0.999    5.92 0.000  3.37 0.000  1.68 0.000   704.50 0.000  28.73 0.000   5.45 0.000 9 0.999 9 0.999 9 0.999   10.61 0.000  3.38 0.000  1.68 0.000   1.93 0.147  2.74 0.147  1.37 0.147   94.45 0.000   6.13 0.000  2.48 0.000
293.861076 293.874965   1.43 0.147  2.68 0.147  1.34 0.147    4.26 0.147  3.36 0.147  1.68 0.147   724.70 0.000  29.50 0.000   5.54 0.000 9 0.999 9 0.999 9 0.999   10.59 0.000  3.38 0.000  1.68 0.000   1.81 0.147  2.74 0.147  1.37 0.147  101.32 0.000   6.34 0.000  2.51 0.000
293.898646 293.912535 999.99 0.999 99.99 0.999 99.99 0.999    7.00 0.000  3.37 0.000  1.68 0.000   737.09 0.000  29.98 0.000   5.59 0.000 9 0.999 9 0.999 9 0.999   10.97 0.000  3.38 0.000  1.68 0.000   2.37 0.147  2.76 0.147  1.38 0.147   99.18 0.000   6.27 0.000  2.50 0.000
293.936169 293.950069 999.99 0.999 99.99 0.999 99.99 0.999    5.88 0.000  3.37 0.000  1.68 0.000   742.79 0.000  30.20 0.000   5.62 0.000 9 0.999 9 0.999 9 0.999   11.82 0.000  3.39 0.000  1.68 0.000   1.76 0.147  2.74 0.147  1.37 0.147  108.80 0.000   6.58 0.000  2.55 0.000
293.973727 293.987604   0.89 0.147  2.67 0.147  1.34 0.147    6.39 0.000  3.37 0.000  1.68 0.000   739.65 0.000  30.08 0.000   5.60 0.000 9 0.999 9 0.999 9 0.999    9.89 0.000  3.37 0.000  1.68 0.000   1.62 0.147  2.73 0.147  1.37 0.147  104.58 0.000   6.44 0.000  2.53 0.000
294.011262 294.025150   1.08 0.147  2.68 0.147  1.34 0.147    5.28 0.000  3.36 0.000  1.68 0.000   676.16 0.000  27.65 0.000   5.32 0.000 9 0.999 9 0.999 9 0.999    9.71 0.000  3.37 0.000  1.68 0.000 999.99 0.999 99.99 0.999 99.99 0.999   85.75 0.000   5.87 0.000  2.43 0.000
294.048796 294.062674   2.11 0.147  2.69 0.147  1.34 0.147    4.96 0.147  3.36 0.147  1.68 0.147   582.02 0.000  24.06 0.000   4.91 0.000 9 0.999 9 0.999 9 0.999    7.59 0.000  3.36 0.000  1.67 0.000   1.33 0.147  2.72 0.147  1.36 0.147   66.06 0.000   5.30 0.000  2.33 0.000
294.086331 294.100231   1.17 0.147  2.68 0.147  1.34 0.147    5.57 0.000  3.36 0.000  1.68 0.000   517.52 0.000  21.61 0.000   4.62 0.000 9 0.999 9 0.999 9 0.999    7.32 0.000  3.36 0.000  1.67 0.000   1.89 0.147  2.74 0.147  1.37 0.147   48.68 0.000   4.86 0.000  2.24 0.000
294.123854 294.137755 999.99 0.999 99.99 0.999 99.99 0.999    5.13 0.000  3.36 0.000  1.68 0.000   489.81 0.000  20.56 0.000   4.50 0.000 9 0.999 9 0.999 9 0.999    7.09 0.000  3.36 0.000  1.67 0.000   2.16 0.147  2.75 0.147  1.38 0.147   45.96 0.000   4.80 0.000  2.23 0.000
294.161412 294.175301   1.75 0.147  2.68 0.147  1.34 0.147    5.76 0.000  3.36 0.000  1.68 0.000   505.31 0.000  21.14 0.000   4.57 0.000 9 0.999 9 0.999 9 0.999    7.40 0.000  3.36 0.000  1.67 0.000   2.12 0.147  2.75 0.147  1.38 0.147   55.93 0.000   5.04 0.000  2.28 0.000
294.198958 294.212847   2.35 0.147  2.69 0.147  1.34 0.147    5.98 0.000  3.37 0.000  1.68 0.000   541.08 0.000  22.50 0.000   4.73 0.000 9 0.999 9 0.999 9 0.999    9.14 0.000  3.37 0.000  1.68 0.000   3.12 0.147  2.79 0.147  1.40 0.147   59.21 0.000   5.12 0.000  2.30 0.000
294.236493 294.250382   1.47 0.147  2.68 0.147  1.34 0.147    6.38 0.000  3.37 0.000  1.68 0.000   565.13 0.000  23.41 0.000   4.83 0.000 9 0.999 9 0.999 9 0.999    8.57 0.000  3.37 0.000  1.67 0.000   2.35 0.147  2.76 0.147  1.38 0.147   62.78 0.000   5.22 0.000  2.32 0.000
294.274039 294.287940   1.25 0.147  2.68 0.147  1.34 0.147    5.21 0.000  3.36 0.000  1.68 0.000   555.78 0.000  23.06 0.000   4.79 0.000 9 0.999 9 0.999 9 0.999    8.02 0.000  3.36 0.000  1.67 0.000   1.92 0.147  2.74 0.147  1.37 0.147   61.13 0.000   5.17 0.000  2.31 0.000
294.311620 294.325498   1.46 0.147  2.68 0.147  1.34 0.147    4.92 0.147  3.36 0.147  1.68 0.147   530.87 0.000  22.11 0.000   4.68 0.000 9 0.999 9 0.999 9 0.999    8.87 0.000  3.37 0.000  1.67 0.000   1.88 0.147  2.74 0.147  1.37 0.147   59.40 0.000   5.13 0.000  2.30 0.000
294.349178 294.363079   2.04 0.147  2.68 0.147  1.34 0.147    4.65 0.147  3.36 0.147  1.68 0.147   500.93 0.000  20.98 0.000   4.55 0.000 9 0.999 9 0.999 9 0.999    7.73 0.000  3.36 0.000  1.67 0.000   1.22 0.147  2.72 0.147  1.36 0.147   49.10 0.000   4.87 0.000  2.25 0.000
294.386748 294.400625   2.14 0.147  2.69 0.147  1.34 0.147    4.92 0.147  3.36 0.147  1.68 0.147   484.40 0.000  20.35 0.000   4.47 0.000 9 0.999 9 0.999 9 0.999    6.73 0.000  3.36 0.000  1.67 0.000   2.09 0.147  2.75 0.147  1.37 0.147   47.48 0.000   4.83 0.000  2.24 0.000
294.424306 294.438194   1.39 0.147  2.68 0.147  1.34 0.147    5.10 0.000  3.36 0.000  1.68 0.000   481.28 0.000  20.23 0.000   4.46 0.000 9 0.999 9 0.999 9 0.999    7.21 0.000  3.36 0.000  1.67 0.000   2.75 0.147  2.78 0.147  1.39 0.147   44.58 0.000   4.76 0.000  2.22 0.000
294.461875 294.475775 999.99 0.999 99.99 0.999 99.99 0.999    5.85 0.000  3.37 0.000  1.68 0.000   459.46 0.000  19.41 0.000   4.36 0.000 9 0.999 9 0.999 9 0.999    7.19 0.000  3.36 0.000  1.67 0.000   1.85 0.147  2.74 0.147  1.37 0.147   37.98 0.000   4.62 0.000  2.19 0.000
294.499456 294.513345 999.99 0.999 99.99 0.999 99.99 0.999    2.19 0.147  3.34 0.147  1.67 0.147   442.25 0.000  18.76 0.000   4.29 0.000 9 0.999 9 0.999 9 0.999    6.37 0.000  3.35 0.000  1.67 0.000   1.60 0.147  2.73 0.147  1.37 0.147   34.14 0.000   4.54 0.000  2.17 0.000
294.537025 294.550926   1.67 0.147  2.68 0.147  1.34 0.147    3.09 0.147  3.35 0.147  1.67 0.147   439.97 0.000  18.68 0.000   4.28 0.000 9 0.999 9 0.999 9 0.999    5.84 0.000  3.35 0.000  1.67 0.000 999.99 0.999 99.99 0.999 99.99 0.999   34.35 0.000   4.54 0.000  2.17 0.000
294.574618 294.588507   1.68 0.147  2.68 0.147  1.34 0.147    4.85 0.147  3.36 0.147  1.68 0.147   442.46 0.000  18.77 0.000   4.29 0.000 9 0.999 9 0.999 9 0.999    4.47 0.147  3.35 0.147  1.67 0.147 999.99 0.999 99.99 0.999 99.99 0.999   38.30 0.000   4.62 0.000  2.19 0.000
294.612211 294.626100 999.99 0.999 99.99 0.999 99.99 0.999    5.04 0.000  3.36 0.000  1.68 0.000   440.80 0.000  18.71 0.000   4.28 0.000 9 0.999 9 0.999 9 0.999    5.39 0.000  3.35 0.000  1.67 0.000 999.99 0.999 99.99 0.999 99.99 0.999   38.73 0.000   4.63 0.000  2.19 0.000
294.649850 294.663750   2.48 0.147  2.69 0.147  1.34 0.147    4.86 0.147  3.36 0.147  1.68 0.147   459.57 0.000  19.42 0.000   4.36 0.000 9 0.999 9 0.999 9 0.999    5.70 0.000  3.35 0.000  1.67 0.000 999.99 0.999 99.99 0.999 99.99 0.999   41.98 0.000   4.70 0.000  2.21 0.000
294.687396 294.701296 999.99 0.999 99.99 0.999 99.99 0.999    2.98 0.147  3.35 0.147  1.67 0.147   470.39 0.000  19.82 0.000   4.41 0.000 9 0.999 9 0.999 9 0.999    5.35 0.000  3.35 0.000  1.67 0.000 999.99 0.999 99.99 0.999 99.99 0.999   41.95 0.000   4.70 0.000  2.21 0.000
