RRS/CV0001G.20140101003925.20160823000000.online_gc..air.1y.1h.CV01L_Agilent_GC-FID_7890A_G3440A.CV01L_Manual_AIR_only.lev0.nas
105 1001
Punjabi, Shalini; Carpenter, Lucy
CV01L, National Institute of Meteorology and Geophysics, , , "Espargos, Ilha do Sal 76", , , , Cape Verde
Punjabi, Shalini
ACTRIS GAW-WDCGG-node
1 1
2014 01 01 2016 08 23
0
days from file reference point
37
1 1 1 1 1 1 1 1 1 1 1 1 1 1 1 1 1 1 1 1 1 1 1 1 1 1 1 1 1 1 1 1 1 1 1 1 1
999.999999 999.99 9.999 99.99 9.999 99.99 9.999 999.99 9.999 99.99 9.999 99.99 9.999 99999.99 9.999 999.99 9.999 999.99 9.999 9999.99 9.999 99.99 9.999 99.99 9.999 999.99 9.999 99.99 9.999 99.99 9.999 9999.99 9.999 999.99 9.999 99.99 9.999
end_time of measurement, days from the file reference point
2-methylbutane, pmol/mol, Statistics=arithmetic mean, Detection limit=4.0 pmol/mol
numflag 2-methylbutane, no unit, Statistics=arithmetic mean, Detection limit=4.0 pmol/mol
2-methylbutane, pmol/mol, Statistics=expanded uncertainty 2sigma
numflag 2-methylbutane, no unit, Statistics=expanded uncertainty 2sigma
2-methylbutane, pmol/mol, Statistics=precision
numflag 2-methylbutane, no unit, Statistics=precision
2-methylpropane, pmol/mol, Statistics=arithmetic mean, Detection limit=5.0 pmol/mol
numflag 2-methylpropane, no unit, Statistics=arithmetic mean, Detection limit=5.0 pmol/mol
2-methylpropane, pmol/mol, Statistics=expanded uncertainty 2sigma
numflag 2-methylpropane, no unit, Statistics=expanded uncertainty 2sigma
2-methylpropane, pmol/mol, Statistics=precision
numflag 2-methylpropane, no unit, Statistics=precision
ethane, pmol/mol, Statistics=arithmetic mean, Detection limit=7.0 pmol/mol
numflag ethane, no unit, Statistics=arithmetic mean, Detection limit=7.0 pmol/mol
ethane, pmol/mol, Statistics=expanded uncertainty 2sigma
numflag ethane, no unit, Statistics=expanded uncertainty 2sigma
ethane, pmol/mol, Statistics=precision
numflag ethane, no unit, Statistics=precision
n-butane, pmol/mol, Statistics=arithmetic mean, Detection limit=5.0 pmol/mol
numflag n-butane, no unit, Statistics=arithmetic mean, Detection limit=5.0 pmol/mol
n-butane, pmol/mol, Statistics=expanded uncertainty 2sigma
numflag n-butane, no unit, Statistics=expanded uncertainty 2sigma
n-butane, pmol/mol, Statistics=precision
numflag n-butane, no unit, Statistics=precision
n-pentane, pmol/mol, Statistics=arithmetic mean, Detection limit=4.0 pmol/mol
numflag n-pentane, no unit, Statistics=arithmetic mean, Detection limit=4.0 pmol/mol
n-pentane, pmol/mol, Statistics=expanded uncertainty 2sigma
numflag n-pentane, no unit, Statistics=expanded uncertainty 2sigma
n-pentane, pmol/mol, Statistics=precision
numflag n-pentane, no unit, Statistics=precision
propane, pmol/mol, Statistics=arithmetic mean, Detection limit=6.0 pmol/mol
numflag propane, no unit, Statistics=arithmetic mean, Detection limit=6.0 pmol/mol
propane, pmol/mol, Statistics=expanded uncertainty 2sigma
numflag propane, no unit, Statistics=expanded uncertainty 2sigma
propane, pmol/mol, Statistics=precision
numflag propane, no unit, Statistics=precision
0
54
Data definition:              EBAS_1.1
Set type code:                TI
Timezone:                     UTC
File name:                    CV0001G.20140101003925.20160823000000.online_gc..air.1y.1h.CV01L_Agilent_GC-FID_7890A_G3440A.CV01L_Manual_AIR_only.lev0.nas
File creation:                20200622165503
Startdate:                    20140101003925
[...]
Volume std. pressure:         1013.25 hPa
Detection limit expl.:        Determined by the derived standard deviation of the integrated area of baseline signal over a time interval equal to avg peak width, data below detection limits are flagged
Measurement uncertainty expl.: Includes reproducibility (precision) + systematic err
Zero/negative values:         Zero/negative filtered
Originator:                   Punjabi, Shalini, SHALINI.PUNJABI@YORK.AC.UK, National Centre for Atmospheric Science, NCAS, Wolfson Atmospheric Chemistry Laboratories, Innovation Way, , YO10 5DQ, York, Great Britain
Originator:                   Carpenter, Lucy, LUCY.CARPENTER@YORK.AC.UK, National Centre for Atmospheric Science, NCAS, Wolfson Atmospheric Chemistry Laboratories, Innovation Way, , YO10 5DQ, York, Great Britain
Submitter:                    Punjabi, Shalini, shalini.punjabi@york.ac.uk, National Centre for Atmospheric Science, NCAS, Wolfson Atmospheric Chemistry Laboratories, Innovation Way, , YO10 5DQ, York, Great Britain
Acknowledgement:              Request details from data originator
Comment:                      Initial H2O removal by cold fingers immers. in antifreeze mixture at -28C before acqust.involves 2th stage H2O rem by Sterling coolers at -40Cb before allowing it to pass through precon unit.
starttime endtime C5H12 flag_C5H12 C5H12 flag_C5H12 C5H12 flag_C5H12 C4H10 flag_C4H10 C4H10 flag_C4H10 C4H10 flag_C4H10 C2H6 flag_C2H6 C2H6 flag_C2H6 C2H6 flag_C2H6 C4H10 flag_C4H10 C4H10 flag_C4H10 C4H10 flag_C4H10 C5H12 flag_C5H12 C5H12 flag_C5H12 C5H12 flag_C5H12 C3H8 flag_C3H8 C3H8 flag_C3H8 C3H8 flag_C3H8
  0.027373   0.041215  16.23 0.000  2.87 0.000  1.40 0.000  52.64 0.000  4.08 0.000  1.78 0.000  1183.41 0.000  47.15 0.000   7.56 0.000   93.74 0.000  5.07 0.000  1.75 0.000  12.19 0.000  3.18 0.000  1.57 0.000  286.94 0.000  12.96 0.000  3.44 0.000
  0.064769   0.078623  13.46 0.000  2.83 0.000  1.39 0.000  47.99 0.000  3.98 0.000  1.77 0.000  1156.81 0.000  46.12 0.000   7.45 0.000   83.17 0.000  4.77 0.000  1.74 0.000  11.78 0.000  3.17 0.000  1.57 0.000  276.49 0.000  12.56 0.000  3.39 0.000
  0.102188   0.116042  11.11 0.000  2.79 0.000  1.38 0.000  42.21 0.000  3.86 0.000  1.76 0.000  1139.83 0.000  45.47 0.000   7.37 0.000   76.81 0.000  4.59 0.000  1.74 0.000  11.65 0.000  3.16 0.000  1.56 0.000  264.71 0.000  12.12 0.000  3.33 0.000
  0.139606   0.153495  11.41 0.000  2.80 0.000  1.38 0.000  41.71 0.000  3.85 0.000  1.76 0.000  1135.38 0.000  45.30 0.000   7.35 0.000   74.89 0.000  4.54 0.000  1.74 0.000  11.16 0.000  3.14 0.000  1.55 0.000  260.64 0.000  11.97 0.000  3.31 0.000
  0.177072   0.190972  12.68 0.000  2.81 0.000  1.39 0.000  41.57 0.000  3.85 0.000  1.76 0.000  1140.62 0.000  45.50 0.000   7.38 0.000   73.58 0.000  4.51 0.000  1.73 0.000  11.82 0.000  3.17 0.000  1.57 0.000  265.42 0.000  12.15 0.000  3.34 0.000
  0.214583   0.228484  10.52 0.000  2.78 0.000  1.38 0.000  40.35 0.000  3.82 0.000  1.75 0.000  1140.86 0.000  45.51 0.000   7.38 0.000   71.33 0.000  4.45 0.000  1.73 0.000   8.40 0.000  3.02 0.000  1.50 0.000  250.67 0.000  11.60 0.000  3.26 0.000
  0.252083   0.265995  10.99 0.000  2.79 0.000  1.38 0.000  38.64 0.000  3.79 0.000  1.75 0.000  1122.76 0.000  44.81 0.000   7.30 0.000   69.22 0.000  4.39 0.000  1.73 0.000   8.87 0.000  3.04 0.000  1.51 0.000  244.13 0.000  11.35 0.000  3.23 0.000
  0.289595   0.303484   8.96 0.000  2.76 0.000  1.37 0.000  38.28 0.000  3.79 0.000  1.75 0.000  1112.13 0.000  44.40 0.000   7.25 0.000   65.86 0.000  4.31 0.000  1.73 0.000   8.41 0.000  3.02 0.000  1.50 0.000  239.44 0.000  11.18 0.000  3.20 0.000
  0.327072   0.340984  11.20 0.000  2.79 0.000  1.38 0.000  43.22 0.000  3.88 0.000  1.76 0.000  1150.10 0.000  45.87 0.000   7.42 0.000   71.49 0.000  4.45 0.000  1.73 0.000  10.00 0.000  3.09 0.000  1.53 0.000  248.00 0.000  11.50 0.000  3.25 0.000
  0.364560   0.378449  11.85 0.000  2.80 0.000  1.38 0.000  43.73 0.000  3.89 0.000  1.76 0.000  1162.49 0.000  46.34 0.000   7.47 0.000   76.72 0.000  4.59 0.000  1.74 0.000  10.58 0.000  3.11 0.000  1.54 0.000  260.42 0.000  11.96 0.000  3.31 0.000
  0.402060   0.415949  13.06 0.000  2.82 0.000  1.39 0.000  45.61 0.000  3.93 0.000  1.76 0.000  1203.00 0.000  47.91 0.000   7.65 0.000   75.76 0.000  4.56 0.000  1.74 0.000  10.68 0.000  3.12 0.000  1.54 0.000  269.98 0.000  12.32 0.000  3.36 0.000
  0.439572   0.453461  13.75 0.000  2.83 0.000  1.39 0.000  49.52 0.000  4.01 0.000  1.77 0.000  1243.70 0.000  49.48 0.000   7.83 0.000   85.60 0.000  4.84 0.000  1.75 0.000  12.81 0.000  3.21 0.000  1.59 0.000  286.12 0.000  12.93 0.000  3.44 0.000
  0.477106   0.490995  19.17 0.000  2.92 0.000  1.41 0.000  53.51 0.000  4.10 0.000  1.78 0.000  1281.92 0.000  50.95 0.000   8.00 0.000   92.42 0.000  5.03 0.000  1.75 0.000  15.39 0.000  3.33 0.000  1.64 0.000  296.74 0.000  13.33 0.000  3.49 0.000
  0.514641   0.528530  20.94 0.000  2.95 0.000  1.42 0.000  61.33 0.000  4.28 0.000  1.80 0.000  1332.18 0.000  52.89 0.000   8.22 0.000  103.07 0.000  5.35 0.000  1.76 0.000  14.78 0.000  3.30 0.000  1.63 0.000  334.85 0.000  14.78 0.000  3.68 0.000
  0.552188   0.566088  20.86 0.000  2.95 0.000  1.42 0.000  60.93 0.000  4.27 0.000  1.80 0.000  1335.47 0.000  53.02 0.000   8.24 0.000  104.35 0.000  5.39 0.000  1.76 0.000  16.94 0.000  3.40 0.000  1.67 0.000  338.90 0.000  14.93 0.000  3.70 0.000
  0.589792   0.603681  20.87 0.000  2.95 0.000  1.42 0.000  60.97 0.000  4.27 0.000  1.80 0.000  1338.52 0.000  53.14 0.000   8.25 0.000  105.39 0.000  5.42 0.000  1.76 0.000  16.84 0.000  3.40 0.000  1.67 0.000  349.34 0.000  15.33 0.000  3.76 0.000
  0.627442   0.641331  23.23 0.000  3.00 0.000  1.43 0.000  58.74 0.000  4.22 0.000  1.79 0.000  1334.95 0.000  53.00 0.000   8.23 0.000  104.49 0.000  5.40 0.000  1.76 0.000  16.06 0.000  3.36 0.000  1.65 0.000  348.07 0.000  15.28 0.000  3.75 0.000
  0.665093   0.678981  22.74 0.000  2.99 0.000  1.43 0.000  57.96 0.000  4.20 0.000  1.79 0.000  1321.38 0.000  52.48 0.000   8.17 0.000  102.13 0.000  5.32 0.000  1.76 0.000  15.12 0.000  3.32 0.000  1.63 0.000  337.39 0.000  14.87 0.000  3.70 0.000
  0.702755   0.716655  21.11 0.000  2.96 0.000  1.42 0.000  55.16 0.000  4.14 0.000  1.78 0.000  1294.15 0.000  51.42 0.000   8.05 0.000   95.78 0.000  5.13 0.000  1.75 0.000  14.13 0.000  3.27 0.000  1.61 0.000  328.01 0.000  14.52 0.000  3.65 0.000
  0.740382   0.754282  18.22 0.000  2.91 0.000  1.41 0.000  52.48 0.000  4.08 0.000  1.78 0.000  1281.38 0.000  50.93 0.000   8.00 0.000   91.34 0.000  5.00 0.000  1.75 0.000  13.15 0.000  3.23 0.000  1.59 0.000  316.37 0.000  14.07 0.000  3.59 0.000
  0.778009   0.791910  19.00 0.000  2.92 0.000  1.41 0.000  51.77 0.000  4.06 0.000  1.78 0.000  1261.78 0.000  50.17 0.000   7.91 0.000   89.64 0.000  4.95 0.000  1.75 0.000  13.42 0.000  3.24 0.000  1.60 0.000  303.67 0.000  13.59 0.000  3.53 0.000
  0.815625   0.829525  18.74 0.000  2.91 0.000  1.41 0.000  52.01 0.000  4.07 0.000  1.78 0.000  1247.24 0.000  49.61 0.000   7.85 0.000   89.43 0.000  4.95 0.000  1.75 0.000  13.06 0.000  3.22 0.000  1.59 0.000  298.50 0.000  13.39 0.000  3.50 0.000
  0.853229   0.867118  20.06 0.000  2.94 0.000  1.42 0.000  52.49 0.000  4.08 0.000  1.78 0.000  1238.29 0.000  49.27 0.000   7.81 0.000   95.15 0.000  5.11 0.000  1.75 0.000  13.74 0.000  3.25 0.000  1.61 0.000  302.54 0.000  13.55 0.000  3.52 0.000
  0.890845   0.904734  21.74 0.000  2.97 0.000  1.42 0.000  54.80 0.000  4.13 0.000  1.78 0.000  1262.79 0.000  50.21 0.000   7.92 0.000   98.38 0.000  5.21 0.000  1.76 0.000  16.42 0.000  3.38 0.000  1.66 0.000  305.94 0.000  13.68 0.000  3.54 0.000
  0.928391   0.942292  27.44 0.000  3.08 0.000  1.45 0.000  59.73 0.000  4.24 0.000  1.79 0.000  1281.50 0.000  50.94 0.000   8.00 0.000  105.57 0.000  5.43 0.000  1.76 0.000  17.53 0.000  3.43 0.000  1.68 0.000  319.76 0.000  14.20 0.000  3.61 0.000
  0.965961   0.979850  27.38 0.000  3.08 0.000  1.45 0.000  63.80 0.000  4.34 0.000  1.80 0.000  1292.25 0.000  51.35 0.000   8.05 0.000  111.37 0.000  5.61 0.000  1.77 0.000  17.66 0.000  3.43 0.000  1.68 0.000  333.81 0.000  14.74 0.000  3.68 0.000
  1.003530   1.017419  24.58 0.000  3.03 0.000  1.43 0.000  61.64 0.000  4.29 0.000  1.80 0.000  1312.93 0.000  52.15 0.000   8.14 0.000  111.55 0.000  5.62 0.000  1.77 0.000  16.40 0.000  3.38 0.000  1.66 0.000  340.44 0.000  14.99 0.000  3.71 0.000
  1.041088   1.054977  22.80 0.000  2.99 0.000  1.43 0.000  61.30 0.000  4.28 0.000  1.80 0.000  1297.29 0.000  51.55 0.000   8.07 0.000  105.80 0.000  5.44 0.000  1.76 0.000  17.09 0.000  3.41 0.000  1.67 0.000  344.14 0.000  15.13 0.000  3.73 0.000
  1.078634   1.092523  20.57 0.000  2.95 0.000  1.42 0.000  60.56 0.000  4.26 0.000  1.80 0.000  1320.76 0.000  52.45 0.000   8.17 0.000  102.64 0.000  5.34 0.000  1.76 0.000  15.21 0.000  3.32 0.000  1.63 0.000  350.41 0.000  15.37 0.000  3.76 0.000
  1.116169   1.130069  21.53 0.000  2.97 0.000  1.42 0.000  66.00 0.000  4.40 0.000  1.81 0.000  1354.82 0.000  53.77 0.000   8.32 0.000  115.31 0.000  5.74 0.000  1.77 0.000  17.50 0.000  3.43 0.000  1.68 0.000  377.59 0.000  16.41 0.000  3.90 0.000
  1.153681   1.167569  22.04 0.000  2.98 0.000  1.42 0.000  65.23 0.000  4.38 0.000  1.81 0.000  1378.26 0.000  54.67 0.000   8.43 0.000  117.82 0.000  5.82 0.000  1.77 0.000  16.88 0.000  3.40 0.000  1.67 0.000  379.23 0.000  16.48 0.000  3.91 0.000
  1.191181   1.205081  17.68 0.000  2.90 0.000  1.41 0.000  61.48 0.000  4.29 0.000  1.80 0.000  1325.08 0.000  52.62 0.000   8.19 0.000  105.94 0.000  5.44 0.000  1.76 0.000  15.53 0.000  3.34 0.000  1.64 0.000  361.85 0.000  15.81 0.000  3.82 0.000
  1.228681   1.242569  19.07 0.000  2.92 0.000  1.41 0.000  60.12 0.000  4.25 0.000  1.79 0.000  1328.19 0.000  52.74 0.000   8.20 0.000  109.20 0.000  5.54 0.000  1.77 0.000  17.85 0.000  3.44 0.000  1.69 0.000  375.13 0.000  16.32 0.000  3.89 0.000
  1.266192   1.280093  18.57 0.000  2.91 0.000  1.41 0.000  59.77 0.000  4.24 0.000  1.79 0.000  1294.90 0.000  51.45 0.000   8.06 0.000  104.22 0.000  5.39 0.000  1.76 0.000  15.48 0.000  3.33 0.000  1.64 0.000  356.85 0.000  15.62 0.000  3.80 0.000
  1.303692   1.317593  19.29 0.000  2.92 0.000  1.41 0.000  54.27 0.000  4.12 0.000  1.78 0.000  1254.75 0.000  49.90 0.000   7.88 0.000  100.52 0.000  5.28 0.000  1.76 0.000  14.32 0.000  3.28 0.000  1.62 0.000  345.18 0.000  15.17 0.000  3.74 0.000
  1.341169   1.355069  17.33 0.000  2.89 0.000  1.40 0.000  53.01 0.000  4.09 0.000  1.78 0.000  1232.23 0.000  49.03 0.000   7.78 0.000   97.47 0.000  5.18 0.000  1.76 0.000  17.24 0.000  3.42 0.000  1.67 0.000  335.64 0.000  14.81 0.000  3.69 0.000
  1.378634   1.392535  16.51 0.000  2.88 0.000  1.40 0.000  51.39 0.000  4.05 0.000  1.78 0.000  1199.88 0.000  47.79 0.000   7.64 0.000   93.92 0.000  5.08 0.000  1.75 0.000  16.41 0.000  3.38 0.000  1.66 0.000  330.01 0.000  14.59 0.000  3.66 0.000
  1.416146   1.430035  16.58 0.000  2.88 0.000  1.40 0.000  48.85 0.000  4.00 0.000  1.77 0.000  1196.16 0.000  47.64 0.000   7.62 0.000   90.32 0.000  4.97 0.000  1.75 0.000  14.68 0.000  3.30 0.000  1.62 0.000  320.95 0.000  14.25 0.000  3.61 0.000
  1.453669   1.467558  18.23 0.000  2.91 0.000  1.41 0.000  50.00 0.000  4.02 0.000  1.77 0.000  1197.76 0.000  47.70 0.000   7.63 0.000   91.42 0.000  5.00 0.000  1.75 0.000  15.41 0.000  3.33 0.000  1.64 0.000  325.83 0.000  14.43 0.000  3.64 0.000
  1.491192   1.505081  19.13 0.000  2.92 0.000  1.41 0.000  55.10 0.000  4.14 0.000  1.78 0.000  1231.02 0.000  48.99 0.000   7.77 0.000   98.83 0.000  5.22 0.000  1.76 0.000  17.57 0.000  3.43 0.000  1.68 0.000  347.18 0.000  15.25 0.000  3.75 0.000
  1.528762   1.542662  18.79 0.000  2.92 0.000  1.41 0.000  55.69 0.000  4.15 0.000  1.79 0.000  1279.04 0.000  50.84 0.000   7.99 0.000  105.36 0.000  5.42 0.000  1.76 0.000  16.37 0.000  3.37 0.000  1.66 0.000  366.15 0.000  15.98 0.000  3.84 0.000
  1.566354   1.580255  19.37 0.000  2.93 0.000  1.41 0.000  58.45 0.000  4.21 0.000  1.79 0.000  1314.50 0.000  52.21 0.000   8.14 0.000  110.07 0.000  5.57 0.000  1.77 0.000  18.39 0.000  3.47 0.000  1.70 0.000  384.03 0.000  16.66 0.000  3.93 0.000
  1.604005   1.617905  19.18 0.000  2.92 0.000  1.41 0.000  63.83 0.000  4.34 0.000  1.80 0.000  1341.33 0.000  53.25 0.000   8.26 0.000  110.84 0.000  5.59 0.000  1.77 0.000  16.47 0.000  3.38 0.000  1.66 0.000  394.19 0.000  17.05 0.000  3.98 0.000
  1.641667   1.655556  19.31 0.000  2.92 0.000  1.41 0.000  60.93 0.000  4.27 0.000  1.80 0.000  1409.57 0.000  55.88 0.000   8.56 0.000  114.24 0.000  5.70 0.000  1.77 0.000  18.07 0.000  3.45 0.000  1.69 0.000  413.61 0.000  17.80 0.000  4.08 0.000
  1.679306   1.693194  20.92 0.000  2.95 0.000  1.42 0.000  65.54 0.000  4.39 0.000  1.81 0.000  1429.80 0.000  56.66 0.000   8.65 0.000  122.01 0.000  5.95 0.000  1.78 0.000  18.59 0.000  3.48 0.000  1.70 0.000  413.90 0.000  17.81 0.000  4.08 0.000
  1.716910   1.730810  23.98 0.000  3.01 0.000  1.43 0.000  63.44 0.000  4.33 0.000  1.80 0.000  1427.48 0.000  56.57 0.000   8.64 0.000  117.54 0.000  5.81 0.000  1.77 0.000  19.01 0.000  3.50 0.000  1.71 0.000  417.70 0.000  17.96 0.000  4.10 0.000
  1.754537   1.768426  21.59 0.000  2.97 0.000  1.42 0.000  64.10 0.000  4.35 0.000  1.80 0.000  1464.40 0.000  58.00 0.000   8.81 0.000  123.07 0.000  5.99 0.000  1.78 0.000  17.81 0.000  3.44 0.000  1.69 0.000  425.33 0.000  18.25 0.000  4.14 0.000
  1.792153   1.806042  21.68 0.000  2.97 0.000  1.42 0.000  68.92 0.000  4.47 0.000  1.81 0.000  1531.70 0.000  60.60 0.000   9.10 0.000  129.18 0.000  6.19 0.000  1.79 0.000  19.30 0.000  3.51 0.000  1.72 0.000  444.12 0.000  18.98 0.000  4.23 0.000
  1.863218   1.877106  23.11 0.000  3.00 0.000  1.43 0.000  74.16 0.000  4.61 0.000  1.82 0.000  1598.82 0.000  63.19 0.000   9.40 0.000  145.24 0.000  6.72 0.000  1.80 0.000  19.92 0.000  3.54 0.000  1.73 0.000  478.77 0.000  20.33 0.000  4.41 0.000
  1.930127   1.944028  22.85 0.000  2.99 0.000  1.43 0.000  71.47 0.000  4.54 0.000  1.82 0.000  1585.90 0.000  62.69 0.000   9.34 0.000  135.33 0.000  6.39 0.000  1.79 0.000  19.84 0.000  3.54 0.000  1.73 0.000  459.29 0.000  19.57 0.000  4.31 0.000
  1.963576   1.977477  23.19 0.000  3.00 0.000  1.43 0.000  71.83 0.000  4.55 0.000  1.82 0.000  1590.85 0.000  62.89 0.000   9.37 0.000  137.60 0.000  6.47 0.000  1.79 0.000  21.49 0.000  3.61 0.000  1.76 0.000  471.27 0.000  20.03 0.000  4.37 0.000
  2.001111   2.015012  21.40 0.000  2.96 0.000  1.42 0.000  65.23 0.000  4.38 0.000  1.81 0.000  1554.45 0.000  61.48 0.000   9.20 0.000  130.70 0.000  6.24 0.000  1.79 0.000  18.60 0.000  3.48 0.000  1.70 0.000  433.01 0.000  18.55 0.000  4.18 0.000
  2.038657   2.052546  21.42 0.000  2.96 0.000  1.42 0.000  67.89 0.000  4.44 0.000  1.81 0.000  1593.28 0.000  62.98 0.000   9.38 0.000  132.72 0.000  6.30 0.000  1.79 0.000  17.92 0.000  3.45 0.000  1.69 0.000  432.09 0.000  18.52 0.000  4.17 0.000
  2.076181   2.090081  17.61 0.000  2.89 0.000  1.41 0.000  64.09 0.000  4.35 0.000  1.80 0.000  1555.75 0.000  61.53 0.000   9.21 0.000  120.77 0.000  5.91 0.000  1.78 0.000  16.94 0.000  3.40 0.000  1.67 0.000  405.66 0.000  17.50 0.000  4.04 0.000
  2.113727   2.127616  20.46 0.000  2.95 0.000  1.42 0.000  64.27 0.000  4.35 0.000  1.80 0.000  1547.42 0.000  61.21 0.000   9.17 0.000  120.11 0.000  5.89 0.000  1.78 0.000  17.64 0.000  3.43 0.000  1.68 0.000  408.08 0.000  17.59 0.000  4.05 0.000
  2.151238   2.165139  22.87 0.000  2.99 0.000  1.43 0.000  67.98 0.000  4.45 0.000  1.81 0.000  1563.54 0.000  61.83 0.000   9.24 0.000  132.21 0.000  6.29 0.000  1.79 0.000  19.28 0.000  3.51 0.000  1.72 0.000  413.63 0.000  17.80 0.000  4.08 0.000
  2.188738   2.202639  24.50 0.000  3.02 0.000  1.43 0.000  71.69 0.000  4.54 0.000  1.82 0.000  1598.78 0.000  63.19 0.000   9.40 0.000  138.77 0.000  6.51 0.000  1.79 0.000  19.68 0.000  3.53 0.000  1.72 0.000  439.65 0.000  18.81 0.000  4.21 0.000
  2.259745   2.273634  23.30 0.000  3.00 0.000  1.43 0.000  73.18 0.000  4.58 0.000  1.82 0.000  1624.89 0.000  64.20 0.000   9.52 0.000  147.71 0.000  6.81 0.000  1.80 0.000  20.17 0.000  3.55 0.000  1.73 0.000  457.19 0.000  19.49 0.000  4.30 0.000
  2.293183   2.307083  25.75 0.000  3.05 0.000  1.44 0.000  76.03 0.000  4.66 0.000  1.83 0.000  1649.38 0.000  65.15 0.000   9.62 0.000  150.25 0.000  6.90 0.000  1.80 0.000  20.91 0.000  3.59 0.000  1.75 0.000  452.33 0.000  19.30 0.000  4.28 0.000
  2.330660   2.344549  23.95 0.000  3.01 0.000  1.43 0.000  76.76 0.000  4.68 0.000  1.83 0.000  1644.37 0.000  64.96 0.000   9.60 0.000  150.08 0.000  6.89 0.000  1.80 0.000  21.09 0.000  3.60 0.000  1.75 0.000  458.43 0.000  19.54 0.000  4.31 0.000
  2.368125   2.382025  25.22 0.000  3.04 0.000  1.44 0.000  77.59 0.000  4.70 0.000  1.83 0.000  1713.27 0.000  67.62 0.000   9.91 0.000  157.84 0.000  7.16 0.000  1.81 0.000  23.56 0.000  3.71 0.000  1.80 0.000  474.85 0.000  20.17 0.000  4.39 0.000
  2.405637   2.419525  25.47 0.000  3.04 0.000  1.44 0.000  80.46 0.000  4.78 0.000  1.84 0.000  1775.53 0.000  70.03 0.000  10.18 0.000  166.37 0.000  7.45 0.000  1.82 0.000  22.94 0.000  3.68 0.000  1.79 0.000  510.70 0.000  21.57 0.000  4.57 0.000
  2.443137   2.457025  24.95 0.000  3.03 0.000  1.44 0.000  80.93 0.000  4.79 0.000  1.84 0.000  1791.36 0.000  70.64 0.000  10.25 0.000  165.63 0.000  7.43 0.000  1.82 0.000  24.51 0.000  3.76 0.000  1.82 0.000  504.94 0.000  21.34 0.000  4.54 0.000
