RRS/CV0001G.20130701151343.20160823000000.online_gc..air.6mo.1h.CV01L_Agilent_GC-FID_7890A_G3440A.CV01L_Manual_AIR_only.lev0.nas
111 1001
Punjabi, Shalini; Carpenter, Lucy
CV01L, National Institute of Meteorology and Geophysics, , , "Espargos, Ilha do Sal 76", , , , Cape Verde
Punjabi, Shalini
ACTRIS GAW-WDCGG-node
1 1
2013 01 01 2016 08 23
0
days from file reference point
43
1 1 1 1 1 1 1 1 1 1 1 1 1 1 1 1 1 1 1 1 1 1 1 1 1 1 1 1 1 1 1 1 1 1 1 1 1 1 1 1 1 1 1
999.999999 999.99 9.999 99.99 9.999 99.99 9.999 9999.99 9.999 99.99 9.999 99.99 9.999 99999.99 9.999 999.99 9.999 999.99 9.999 9 9.999 9 9.999 9 9.999 9999.99 9.999 99.99 9.999 99.99 9.999 999.99 9.999 99.99 9.999 99.99 9.999 9999.99 9.999 999.99 9.999 99.99 9.999
end_time of measurement, days from the file reference point
2-methylbutane, pmol/mol, Statistics=arithmetic mean, Detection limit=4.0 pmol/mol, Measurement uncertainty=2.04 %
numflag 2-methylbutane, no unit, Statistics=arithmetic mean, Detection limit=4.0 pmol/mol, Measurement uncertainty=2.04 %
2-methylbutane, pmol/mol, Statistics=expanded uncertainty 2sigma
numflag 2-methylbutane, no unit, Statistics=expanded uncertainty 2sigma
2-methylbutane, pmol/mol, Statistics=precision
numflag 2-methylbutane, no unit, Statistics=precision
2-methylpropane, pmol/mol, Statistics=arithmetic mean, Detection limit=5.0 pmol/mol, Measurement uncertainty=1.94 %
numflag 2-methylpropane, no unit, Statistics=arithmetic mean, Detection limit=5.0 pmol/mol, Measurement uncertainty=1.94 %
2-methylpropane, pmol/mol, Statistics=expanded uncertainty 2sigma
numflag 2-methylpropane, no unit, Statistics=expanded uncertainty 2sigma
2-methylpropane, pmol/mol, Statistics=precision
numflag 2-methylpropane, no unit, Statistics=precision
ethane, pmol/mol, Statistics=arithmetic mean, Detection limit=7.0 pmol/mol, Measurement uncertainty=2.04 %
numflag ethane, no unit, Statistics=arithmetic mean, Detection limit=7.0 pmol/mol, Measurement uncertainty=2.04 %
ethane, pmol/mol, Statistics=expanded uncertainty 2sigma
numflag ethane, no unit, Statistics=expanded uncertainty 2sigma
ethane, pmol/mol, Statistics=precision
numflag ethane, no unit, Statistics=precision
ethyne, pmol/mol, Statistics=arithmetic mean, Detection limit=3.0 pmol/mol
numflag ethyne, no unit, Statistics=arithmetic mean, Detection limit=3.0 pmol/mol
ethyne, pmol/mol, Statistics=expanded uncertainty 2sigma
numflag ethyne, no unit, Statistics=expanded uncertainty 2sigma
ethyne, pmol/mol, Statistics=precision
numflag ethyne, no unit, Statistics=precision
n-butane, pmol/mol, Statistics=arithmetic mean, Detection limit=5.0 pmol/mol, Measurement uncertainty=2.04 %
numflag n-butane, no unit, Statistics=arithmetic mean, Detection limit=5.0 pmol/mol, Measurement uncertainty=2.04 %
n-butane, pmol/mol, Statistics=expanded uncertainty 2sigma
numflag n-butane, no unit, Statistics=expanded uncertainty 2sigma
n-butane, pmol/mol, Statistics=precision
numflag n-butane, no unit, Statistics=precision
n-pentane, pmol/mol, Statistics=arithmetic mean, Detection limit=4.0 pmol/mol, Measurement uncertainty=2.81 %
numflag n-pentane, no unit, Statistics=arithmetic mean, Detection limit=4.0 pmol/mol, Measurement uncertainty=2.81 %
n-pentane, pmol/mol, Statistics=expanded uncertainty 2sigma
numflag n-pentane, no unit, Statistics=expanded uncertainty 2sigma
n-pentane, pmol/mol, Statistics=precision
numflag n-pentane, no unit, Statistics=precision
[...]
Volume std. pressure:         1013.25 hPa
Detection limit expl.:        Determined by the derived standard deviation of the integrated area of baseline signal over a time interval equal to avg peak width, detection limit flags are used
Measurement uncertainty expl.: Includes reproducibility (precision) + systematic err
Zero/negative values:         Zero/negative filtered
Originator:                   Punjabi, Shalini, SHALINI.PUNJABI@YORK.AC.UK, National Centre for Atmospheric Science, NCAS, Wolfson Atmospheric Chemistry Laboratories, Innovation Way, , YO10 5DQ, York, Great Britain
Originator:                   Carpenter, Lucy, LUCY.CARPENTER@YORK.AC.UK, National Centre for Atmospheric Science, NCAS, Wolfson Atmospheric Chemistry Laboratories, Innovation Way, , YO10 5DQ, York, Great Britain
Submitter:                    Punjabi, Shalini, shalini.punjabi@york.ac.uk, National Centre for Atmospheric Science, NCAS, Wolfson Atmospheric Chemistry Laboratories, Innovation Way, , YO10 5DQ, York, Great Britain
Acknowledgement:              Request details from data originator
Comment:                      Initial H2O removal by cold fingers immers. in antifreeze mixture at -28C before acqust.involves 2th stage H2O rem by Sterling coolers at -40Cb before allowing it to pass through precon unit.
starttime endtime C5H12 flag_C5H12 C5H12 flag_C5H12 C5H12 flag_C5H12 C4H10 flag_C4H10 C4H10 flag_C4H10 C4H10 flag_C4H10 C2H6 flag_C2H6 C2H6 flag_C2H6 C2H6 flag_C2H6 C2H2 flag_C2H2 C2H2 flag_C2H2 C2H2 flag_C2H2 C4H10 flag_C4H10 C4H10 flag_C4H10 C4H10 flag_C4H10 C5H12 flag_C5H12 C5H12 flag_C5H12 C5H12 flag_C5H12 C3H8 flag_C3H8 C3H8 flag_C3H8 C3H8 flag_C3H8
[from data line 2841]
312.837685 312.851586   2.20 0.147  2.69 0.147  1.34 0.147    8.24 0.000  3.38 0.000  1.68 0.000   756.63 0.000  30.73 0.000   5.68 0.000 9 0.999 9 0.999 9 0.999   13.56 0.000  3.40 0.000  1.68 0.000   3.90 0.147  2.83 0.147  1.41 0.147   95.07 0.000   6.15 0.000  2.48 0.000
312.908715 312.922593   2.17 0.147  2.69 0.147  1.34 0.147   12.73 0.000  3.42 0.000  1.69 0.000   804.46 0.000  32.56 0.000   5.89 0.000 9 0.999 9 0.999 9 0.999   18.53 0.000  3.44 0.000  1.68 0.000   2.25 0.147  2.76 0.147  1.38 0.147  112.71 0.000   6.70 0.000  2.57 0.000
312.942164 312.956065   2.90 0.147  2.69 0.147  1.35 0.147   15.34 0.000  3.45 0.000  1.70 0.000   863.02 0.000  34.81 0.000   6.15 0.000 9 0.999 9 0.999 9 0.999   23.57 0.000  3.50 0.000  1.69 0.000   3.17 0.147  2.79 0.147  1.40 0.147  128.09 0.000   7.21 0.000  2.64 0.000
312.979653 312.993553   3.17 0.147  2.70 0.147  1.35 0.147   17.33 0.000  3.47 0.000  1.70 0.000   892.10 0.000  35.93 0.000   6.28 0.000 9 0.999 9 0.999 9 0.999   26.35 0.000  3.54 0.000  1.69 0.000   4.00 0.000  2.83 0.000  1.41 0.000  141.68 0.000   7.67 0.000  2.71 0.000
313.017187 313.031088   2.85 0.147  2.69 0.147  1.35 0.147   18.90 0.000  3.49 0.000  1.71 0.000   915.11 0.000  36.81 0.000   6.38 0.000 9 0.999 9 0.999 9 0.999   26.46 0.000  3.54 0.000  1.69 0.000   3.51 0.147  2.81 0.147  1.40 0.147  142.85 0.000   7.71 0.000  2.72 0.000
313.054734 313.068611   2.13 0.147  2.69 0.147  1.34 0.147   20.52 0.000  3.51 0.000  1.71 0.000   944.10 0.000  37.93 0.000   6.51 0.000 9 0.999 9 0.999 9 0.999   28.72 0.000  3.57 0.000  1.69 0.000   2.28 0.147  2.76 0.147  1.38 0.147  148.78 0.000   7.91 0.000  2.75 0.000
313.092245 313.106134   2.63 0.147  2.69 0.147  1.34 0.147   20.05 0.000  3.50 0.000  1.71 0.000   967.75 0.000  38.84 0.000   6.61 0.000 9 0.999 9 0.999 9 0.999   31.24 0.000  3.60 0.000  1.70 0.000   3.12 0.147  2.79 0.147  1.40 0.147  155.23 0.000   8.14 0.000  2.78 0.000
313.129792 313.143681   4.98 0.000  2.71 0.000  1.35 0.000   20.16 0.000  3.50 0.000  1.71 0.000   961.39 0.000  38.59 0.000   6.58 0.000 9 0.999 9 0.999 9 0.999   32.98 0.000  3.63 0.000  1.70 0.000   4.53 0.000  2.85 0.000  1.42 0.000  157.30 0.000   8.21 0.000  2.79 0.000
313.167326 313.181227   2.04 0.147  2.68 0.147  1.34 0.147   21.90 0.000  3.53 0.000  1.71 0.000   957.93 0.000  38.46 0.000   6.57 0.000 9 0.999 9 0.999 9 0.999   31.16 0.000  3.60 0.000  1.70 0.000   3.35 0.147  2.80 0.147  1.40 0.147  147.88 0.000   7.88 0.000  2.74 0.000
313.204850 313.218738   1.55 0.147  2.68 0.147  1.34 0.147   19.56 0.000  3.50 0.000  1.71 0.000   943.80 0.000  37.92 0.000   6.51 0.000 9 0.999 9 0.999 9 0.999   29.22 0.000  3.57 0.000  1.69 0.000   2.58 0.147  2.77 0.147  1.38 0.147  149.28 0.000   7.93 0.000  2.75 0.000
313.242350 313.256250   2.05 0.147  2.68 0.147  1.34 0.147   18.73 0.000  3.49 0.000  1.71 0.000   924.36 0.000  37.17 0.000   6.42 0.000 9 0.999 9 0.999 9 0.999   28.48 0.000  3.56 0.000  1.69 0.000   2.43 0.147  2.76 0.147  1.38 0.147  144.25 0.000   7.76 0.000  2.73 0.000
313.279873 313.293773   2.19 0.147  2.69 0.147  1.34 0.147   20.51 0.000  3.51 0.000  1.71 0.000   905.70 0.000  36.45 0.000   6.34 0.000 9 0.999 9 0.999 9 0.999   28.63 0.000  3.57 0.000  1.69 0.000   3.34 0.147  2.80 0.147  1.40 0.147  135.06 0.000   7.44 0.000  2.68 0.000
313.317431 313.331319   1.26 0.147  2.68 0.147  1.34 0.147   19.60 0.000  3.50 0.000  1.71 0.000   912.30 0.000  36.71 0.000   6.37 0.000 9 0.999 9 0.999 9 0.999   30.26 0.000  3.59 0.000  1.69 0.000   2.46 0.147  2.77 0.147  1.38 0.147  134.08 0.000   7.41 0.000  2.67 0.000
313.354942 313.368831   2.67 0.147  2.69 0.147  1.34 0.147   19.42 0.000  3.49 0.000  1.71 0.000   900.80 0.000  36.26 0.000   6.32 0.000 9 0.999 9 0.999 9 0.999   30.80 0.000  3.60 0.000  1.69 0.000   4.04 0.000  2.83 0.000  1.41 0.000  132.18 0.000   7.35 0.000  2.66 0.000
313.392477 313.406366   2.75 0.147  2.69 0.147  1.34 0.147   20.73 0.000  3.51 0.000  1.71 0.000   901.05 0.000  36.27 0.000   6.32 0.000 9 0.999 9 0.999 9 0.999   28.81 0.000  3.57 0.000  1.69 0.000   2.37 0.147  2.76 0.147  1.38 0.147  130.72 0.000   7.30 0.000  2.66 0.000
313.430023 313.443912   3.22 0.147  2.70 0.147  1.35 0.147   21.65 0.000  3.52 0.000  1.71 0.000   893.11 0.000  35.97 0.000   6.28 0.000 9 0.999 9 0.999 9 0.999   31.71 0.000  3.61 0.000  1.70 0.000   2.77 0.147  2.78 0.147  1.39 0.147  140.88 0.000   7.64 0.000  2.71 0.000
313.467546 313.481447   2.45 0.147  2.69 0.147  1.34 0.147   22.99 0.000  3.54 0.000  1.72 0.000   903.13 0.000  36.35 0.000   6.33 0.000 9 0.999 9 0.999 9 0.999   33.90 0.000  3.65 0.000  1.70 0.000   2.97 0.147  2.79 0.147  1.39 0.147  133.74 0.000   7.40 0.000  2.67 0.000
313.505104 313.518993   2.42 0.147  2.69 0.147  1.34 0.147   26.02 0.000  3.58 0.000  1.72 0.000   897.27 0.000  36.13 0.000   6.30 0.000 9 0.999 9 0.999 9 0.999   37.64 0.000  3.71 0.000  1.70 0.000   2.63 0.147  2.77 0.147  1.39 0.147  131.83 0.000   7.33 0.000  2.66 0.000
313.542662 313.556562   2.51 0.147  2.69 0.147  1.34 0.147   24.30 0.000  3.56 0.000  1.72 0.000   880.10 0.000  35.47 0.000   6.22 0.000 9 0.999 9 0.999 9 0.999   35.64 0.000  3.67 0.000  1.70 0.000   2.99 0.147  2.79 0.147  1.39 0.147  127.51 0.000   7.19 0.000  2.64 0.000
313.580266 313.594155   1.91 0.147  2.68 0.147  1.34 0.147   25.63 0.000  3.58 0.000  1.72 0.000   870.55 0.000  35.10 0.000   6.18 0.000 9 0.999 9 0.999 9 0.999   34.75 0.000  3.66 0.000  1.70 0.000   2.00 0.147  2.75 0.147  1.37 0.147  120.93 0.000   6.97 0.000  2.61 0.000
313.617894 313.631782   2.83 0.147  2.69 0.147  1.34 0.147   25.34 0.000  3.57 0.000  1.72 0.000   875.68 0.000  35.30 0.000   6.20 0.000 9 0.999 9 0.999 9 0.999   36.21 0.000  3.68 0.000  1.70 0.000   2.38 0.147  2.76 0.147  1.38 0.147  128.17 0.000   7.21 0.000  2.64 0.000
313.655509 313.669410   1.59 0.147  2.68 0.147  1.34 0.147   25.25 0.000  3.57 0.000  1.72 0.000   867.43 0.000  34.98 0.000   6.17 0.000 9 0.999 9 0.999 9 0.999   33.13 0.000  3.63 0.000  1.70 0.000   2.18 0.147  2.75 0.147  1.38 0.147  116.16 0.000   6.82 0.000  2.58 0.000
313.693160 313.707049   2.02 0.147  2.68 0.147  1.34 0.147   24.94 0.000  3.57 0.000  1.72 0.000   850.82 0.000  34.34 0.000   6.09 0.000 9 0.999 9 0.999 9 0.999   34.02 0.000  3.65 0.000  1.70 0.000   1.35 0.147  2.72 0.147  1.36 0.147  106.89 0.000   6.52 0.000  2.54 0.000
313.730775 313.744676   1.69 0.147  2.68 0.147  1.34 0.147   23.76 0.000  3.55 0.000  1.72 0.000   834.98 0.000  33.73 0.000   6.02 0.000 9 0.999 9 0.999 9 0.999   32.80 0.000  3.63 0.000  1.70 0.000   1.35 0.147  2.72 0.147  1.36 0.147  110.31 0.000   6.63 0.000  2.55 0.000
313.768391 313.782269   1.86 0.147  2.68 0.147  1.34 0.147   26.54 0.000  3.59 0.000  1.72 0.000   841.81 0.000  34.00 0.000   6.05 0.000 9 0.999 9 0.999 9 0.999   34.01 0.000  3.65 0.000  1.70 0.000   2.17 0.147  2.75 0.147  1.38 0.147  107.97 0.000   6.55 0.000  2.54 0.000
313.805972 313.819873   3.05 0.147  2.69 0.147  1.35 0.147   26.96 0.000  3.60 0.000  1.72 0.000   858.05 0.000  34.62 0.000   6.13 0.000 9 0.999 9 0.999 9 0.999   38.28 0.000  3.72 0.000  1.70 0.000   2.92 0.147  2.78 0.147  1.39 0.147  115.88 0.000   6.81 0.000  2.58 0.000
313.843588 313.857477   3.29 0.147  2.70 0.147  1.35 0.147   29.63 0.000  3.64 0.000  1.73 0.000   866.58 0.000  34.95 0.000   6.16 0.000 9 0.999 9 0.999 9 0.999   40.40 0.000  3.76 0.000  1.70 0.000   3.33 0.147  2.80 0.147  1.40 0.147  113.53 0.000   6.73 0.000  2.57 0.000
313.881157 313.895046   2.79 0.147  2.69 0.147  1.34 0.147   27.99 0.000  3.61 0.000  1.73 0.000   864.68 0.000  34.87 0.000   6.16 0.000 9 0.999 9 0.999 9 0.999   41.74 0.000  3.78 0.000  1.70 0.000   2.52 0.147  2.77 0.147  1.38 0.147  116.46 0.000   6.83 0.000  2.59 0.000
313.918750 313.932639   2.38 0.147  2.69 0.147  1.34 0.147   29.13 0.000  3.63 0.000  1.73 0.000   864.17 0.000  34.86 0.000   6.15 0.000 9 0.999 9 0.999 9 0.999   43.76 0.000  3.82 0.000  1.71 0.000   2.14 0.147  2.75 0.147  1.38 0.147  121.76 0.000   7.00 0.000  2.61 0.000
313.956308 313.970197   3.61 0.147  2.70 0.147  1.35 0.147   32.06 0.000  3.68 0.000  1.73 0.000   868.13 0.000  35.01 0.000   6.17 0.000 9 0.999 9 0.999 9 0.999   46.15 0.000  3.87 0.000  1.71 0.000   2.86 0.147  2.78 0.147  1.39 0.147  122.10 0.000   7.01 0.000  2.61 0.000
313.993866 314.007766   4.05 0.000  2.70 0.000  1.35 0.000   36.73 0.000  3.76 0.000  1.74 0.000   873.72 0.000  35.22 0.000   6.20 0.000 9 0.999 9 0.999 9 0.999   51.66 0.000  3.98 0.000  1.71 0.000   3.24 0.147  2.80 0.147  1.40 0.147  126.18 0.000   7.15 0.000  2.63 0.000
314.031412 314.045313   4.00 0.147  2.70 0.147  1.35 0.147   40.02 0.000  3.82 0.000  1.75 0.000   878.78 0.000  35.42 0.000   6.22 0.000 9 0.999 9 0.999 9 0.999   55.58 0.000  4.07 0.000  1.72 0.000   2.22 0.147  2.76 0.147  1.38 0.147  128.24 0.000   7.21 0.000  2.65 0.000
314.068947 314.082847   4.40 0.000  2.71 0.000  1.35 0.000   39.10 0.000  3.80 0.000  1.75 0.000   884.30 0.000  35.63 0.000   6.24 0.000 9 0.999 9 0.999 9 0.999   58.95 0.000  4.14 0.000  1.72 0.000   3.83 0.147  2.82 0.147  1.41 0.147  132.08 0.000   7.34 0.000  2.66 0.000
314.106493 314.120394   4.52 0.000  2.71 0.000  1.35 0.000   38.66 0.000  3.79 0.000  1.75 0.000   872.64 0.000  35.18 0.000   6.19 0.000 9 0.999 9 0.999 9 0.999   56.09 0.000  4.08 0.000  1.72 0.000   3.40 0.147  2.80 0.147  1.40 0.147  127.86 0.000   7.20 0.000  2.64 0.000
314.144039 314.157928   5.41 0.000  2.72 0.000  1.36 0.000   37.72 0.000  3.78 0.000  1.75 0.000   871.92 0.000  35.15 0.000   6.19 0.000 9 0.999 9 0.999 9 0.999   52.05 0.000  3.99 0.000  1.71 0.000   2.99 0.147  2.79 0.147  1.39 0.147  127.80 0.000   7.20 0.000  2.64 0.000
314.181586 314.195486   5.51 0.000  2.72 0.000  1.36 0.000   40.21 0.000  3.82 0.000  1.75 0.000   897.02 0.000  36.12 0.000   6.30 0.000 9 0.999 9 0.999 9 0.999   55.15 0.000  4.06 0.000  1.72 0.000   3.58 0.147  2.81 0.147  1.40 0.147  132.18 0.000   7.35 0.000  2.66 0.000
314.219155 314.233044   9.83 0.000  2.77 0.000  1.37 0.000   40.58 0.000  3.83 0.000  1.75 0.000   907.11 0.000  36.51 0.000   6.34 0.000 9 0.999 9 0.999 9 0.999   57.07 0.000  4.10 0.000  1.72 0.000   3.88 0.147  2.82 0.147  1.41 0.147  139.31 0.000   7.59 0.000  2.70 0.000
314.256678 314.270556   3.56 0.147  2.70 0.147  1.35 0.147   39.91 0.000  3.82 0.000  1.75 0.000   905.91 0.000  36.46 0.000   6.34 0.000 9 0.999 9 0.999 9 0.999   54.19 0.000  4.03 0.000  1.72 0.000   4.49 0.000  2.85 0.000  1.42 0.000  143.36 0.000   7.73 0.000  2.72 0.000
314.294225 314.308113   3.93 0.147  2.70 0.147  1.35 0.147   45.17 0.000  3.92 0.000  1.76 0.000   896.41 0.000  36.09 0.000   6.30 0.000 9 0.999 9 0.999 9 0.999   61.55 0.000  4.20 0.000  1.72 0.000   2.95 0.147  2.79 0.147  1.39 0.147  144.65 0.000   7.77 0.000  2.73 0.000
314.331748 314.345648   4.46 0.000  2.71 0.000  1.35 0.000   51.39 0.000  4.05 0.000  1.78 0.000   892.55 0.000  35.95 0.000   6.28 0.000 9 0.999 9 0.999 9 0.999   70.57 0.000  4.43 0.000  1.73 0.000   4.94 0.000  2.87 0.000  1.43 0.000  150.35 0.000   7.97 0.000  2.76 0.000
314.369306 314.383183   6.59 0.000  2.73 0.000  1.36 0.000   57.39 0.000  4.19 0.000  1.79 0.000   895.05 0.000  36.04 0.000   6.29 0.000 9 0.999 9 0.999 9 0.999   80.03 0.000  4.68 0.000  1.74 0.000   3.67 0.147  2.82 0.147  1.41 0.147  155.46 0.000   8.14 0.000  2.78 0.000
314.406817 314.420718   5.72 0.000  2.72 0.000  1.36 0.000   52.98 0.000  4.09 0.000  1.78 0.000   876.52 0.000  35.33 0.000   6.21 0.000 9 0.999 9 0.999 9 0.999   75.10 0.000  4.55 0.000  1.74 0.000   4.69 0.000  2.86 0.000  1.43 0.000  148.46 0.000   7.90 0.000  2.75 0.000
314.444398 314.458299   3.68 0.147  2.70 0.147  1.35 0.147   47.67 0.000  3.97 0.000  1.77 0.000   850.57 0.000  34.33 0.000   6.09 0.000 9 0.999 9 0.999 9 0.999   65.54 0.000  4.30 0.000  1.73 0.000   4.21 0.000  2.84 0.000  1.42 0.000  136.58 0.000   7.49 0.000  2.69 0.000
314.481979 314.495868   4.21 0.000  2.71 0.000  1.35 0.000   43.35 0.000  3.88 0.000  1.76 0.000   833.53 0.000  33.68 0.000   6.02 0.000 9 0.999 9 0.999 9 0.999   58.15 0.000  4.12 0.000  1.72 0.000   2.54 0.147  2.77 0.147  1.38 0.147  131.44 0.000   7.32 0.000  2.66 0.000
314.519572 314.533472   2.71 0.147  2.69 0.147  1.34 0.147   27.25 0.000  3.60 0.000  1.72 0.000   745.11 0.000  30.29 0.000   5.63 0.000 9 0.999 9 0.999 9 0.999   36.70 0.000  3.69 0.000  1.70 0.000   1.61 0.147  2.73 0.147  1.37 0.147   98.21 0.000   6.24 0.000  2.49 0.000
314.557211 314.571100   3.16 0.147  2.70 0.147  1.35 0.147   35.26 0.000  3.73 0.000  1.74 0.000   796.69 0.000  32.26 0.000   5.85 0.000 9 0.999 9 0.999 9 0.999   45.63 0.000  3.85 0.000  1.71 0.000   3.40 0.147  2.80 0.147  1.40 0.147  109.52 0.000   6.60 0.000  2.55 0.000
314.594850 314.608738   3.11 0.147  2.69 0.147  1.35 0.147   28.77 0.000  3.62 0.000  1.73 0.000   794.48 0.000  32.18 0.000   5.85 0.000 9 0.999 9 0.999 9 0.999   42.78 0.000  3.80 0.000  1.71 0.000   3.76 0.147  2.82 0.147  1.41 0.147  115.58 0.000   6.80 0.000  2.58 0.000
314.632465 314.646366   1.61 0.147  2.68 0.147  1.34 0.147   29.09 0.000  3.63 0.000  1.73 0.000   779.02 0.000  31.59 0.000   5.78 0.000 9 0.999 9 0.999 9 0.999   36.17 0.000  3.68 0.000  1.70 0.000   2.13 0.147  2.75 0.147  1.38 0.147  109.59 0.000   6.60 0.000  2.55 0.000
314.670093 314.683993   3.87 0.147  2.70 0.147  1.35 0.147   29.58 0.000  3.64 0.000  1.73 0.000   789.98 0.000  32.01 0.000   5.83 0.000 9 0.999 9 0.999 9 0.999   39.43 0.000  3.74 0.000  1.70 0.000   2.84 0.147  2.78 0.147  1.39 0.147  113.97 0.000   6.74 0.000  2.57 0.000
314.707720 314.721609   3.09 0.147  2.69 0.147  1.35 0.147   28.42 0.000  3.62 0.000  1.73 0.000   767.77 0.000  31.15 0.000   5.73 0.000 9 0.999 9 0.999 9 0.999   34.45 0.000  3.65 0.000  1.70 0.000   1.69 0.147  2.73 0.147  1.37 0.147  103.01 0.000   6.39 0.000  2.52 0.000
314.745336 314.759225   2.44 0.147  2.69 0.147  1.34 0.147   30.00 0.000  3.64 0.000  1.73 0.000   795.53 0.000  32.22 0.000   5.85 0.000 9 0.999 9 0.999 9 0.999   40.16 0.000  3.75 0.000  1.70 0.000   3.58 0.147  2.81 0.147  1.40 0.147  115.22 0.000   6.79 0.000  2.58 0.000
314.782998 314.796887   3.18 0.147  2.70 0.147  1.35 0.147   31.34 0.000  3.67 0.000  1.73 0.000   800.66 0.000  32.42 0.000   5.87 0.000 9 0.999 9 0.999 9 0.999   41.47 0.000  3.78 0.000  1.70 0.000   2.51 0.147  2.77 0.147  1.38 0.147  119.71 0.000   6.93 0.000  2.60 0.000
314.820625 314.834525   2.03 0.147  2.68 0.147  1.34 0.147   31.86 0.000  3.67 0.000  1.73 0.000   808.75 0.000  32.73 0.000   5.91 0.000 9 0.999 9 0.999 9 0.999   41.60 0.000  3.78 0.000  1.70 0.000   1.68 0.147  2.73 0.147  1.37 0.147  120.27 0.000   6.95 0.000  2.61 0.000
314.858264 314.872164   2.90 0.147  2.69 0.147  1.35 0.147   29.95 0.000  3.64 0.000  1.73 0.000   822.90 0.000  33.27 0.000   5.97 0.000 9 0.999 9 0.999 9 0.999   42.55 0.000  3.80 0.000  1.71 0.000   2.26 0.147  2.76 0.147  1.38 0.147  120.05 0.000   6.94 0.000  2.60 0.000
314.895868 314.909769   4.20 0.000  2.71 0.000  1.35 0.000   33.93 0.000  3.71 0.000  1.74 0.000   836.29 0.000  33.78 0.000   6.03 0.000 9 0.999 9 0.999 9 0.999   50.01 0.000  3.94 0.000  1.71 0.000   3.08 0.147  2.79 0.147  1.39 0.147  133.12 0.000   7.38 0.000  2.67 0.000
314.933472 314.947373   3.73 0.147  2.70 0.147  1.35 0.147   38.20 0.000  3.78 0.000  1.75 0.000   855.48 0.000  34.52 0.000   6.11 0.000 9 0.999 9 0.999 9 0.999   54.80 0.000  4.05 0.000  1.72 0.000   4.08 0.000  2.83 0.000  1.41 0.000  143.50 0.000   7.73 0.000  2.72 0.000
314.971088 314.984977   4.99 0.000  2.71 0.000  1.35 0.000   39.51 0.000  3.81 0.000  1.75 0.000   862.23 0.000  34.78 0.000   6.14 0.000 9 0.999 9 0.999 9 0.999   57.84 0.000  4.12 0.000  1.72 0.000   3.53 0.147  2.81 0.147  1.40 0.147  147.47 0.000   7.87 0.000  2.74 0.000
