RRS/CV0001G.20150101001139.20160823000000.online_gc..air.1y.1h.CV01L_Agilent_GC-FID_7890A_G3440A.CV01L_Manual_AIR_only.lev0.nas
99 1001
Punjabi, Shalini; Carpenter, Lucy
CV01L, National Institute of Meteorology and Geophysics, , , "Espargos, Ilha do Sal 76", , , , Cape Verde
Punjabi, Shalini
ACTRIS GAW-WDCGG-node
1 1
2015 01 01 2016 08 23
0
days from file reference point
31
1 1 1 1 1 1 1 1 1 1 1 1 1 1 1 1 1 1 1 1 1 1 1 1 1 1 1 1 1 1 1
999.999999 999.99 9.999 99.99 9.999 99.99 9.999 99999.99 9.999 9999.99 9.999 999.99 9.999 999.99 9.999 99.99 9.999 99.99 9.999 9999.99 9.999 999.99 9.999 99.99 9.999 999.99 9.999 99.99 9.999 9.99 9.999
end_time of measurement, days from the file reference point
2-methylpropane, pmol/mol, Statistics=arithmetic mean, Detection limit=5.0 pmol/mol
numflag 2-methylpropane, no unit, Statistics=arithmetic mean, Detection limit=5.0 pmol/mol
2-methylpropane, pmol/mol, Statistics=expanded uncertainty 2sigma
numflag 2-methylpropane, no unit, Statistics=expanded uncertainty 2sigma
2-methylpropane, pmol/mol, Statistics=precision
numflag 2-methylpropane, no unit, Statistics=precision
ethane, pmol/mol, Statistics=arithmetic mean, Detection limit=7.0 pmol/mol
numflag ethane, no unit, Statistics=arithmetic mean, Detection limit=7.0 pmol/mol
ethane, pmol/mol, Statistics=expanded uncertainty 2sigma
numflag ethane, no unit, Statistics=expanded uncertainty 2sigma
ethane, pmol/mol, Statistics=precision
numflag ethane, no unit, Statistics=precision
ethene, pmol/mol, Statistics=arithmetic mean, Detection limit=5.0 pmol/mol
numflag ethene, no unit, Statistics=arithmetic mean, Detection limit=5.0 pmol/mol
ethene, pmol/mol, Statistics=expanded uncertainty 2sigma
numflag ethene, no unit, Statistics=expanded uncertainty 2sigma
ethene, pmol/mol, Statistics=precision
numflag ethene, no unit, Statistics=precision
propane, pmol/mol, Statistics=arithmetic mean, Detection limit=6.0 pmol/mol
numflag propane, no unit, Statistics=arithmetic mean, Detection limit=6.0 pmol/mol
propane, pmol/mol, Statistics=expanded uncertainty 2sigma
numflag propane, no unit, Statistics=expanded uncertainty 2sigma
propane, pmol/mol, Statistics=precision
numflag propane, no unit, Statistics=precision
propene, pmol/mol, Statistics=arithmetic mean, Detection limit=2.0 pmol/mol
numflag propene, no unit, Statistics=arithmetic mean, Detection limit=2.0 pmol/mol
propene, pmol/mol, Statistics=expanded uncertainty 2sigma
numflag propene, no unit, Statistics=expanded uncertainty 2sigma
propene, pmol/mol, Statistics=precision
numflag propene, no unit, Statistics=precision
0
54
Data definition:              EBAS_1.1
Set type code:                TI
Timezone:                     UTC
File name:                    CV0001G.20150101001139.20160823000000.online_gc..air.1y.1h.CV01L_Agilent_GC-FID_7890A_G3440A.CV01L_Manual_AIR_only.lev0.nas
File creation:                20200622165505
Startdate:                    20150101001139
Revision date:                20160823000000
Version:                      2
Version description:          second submission manually inspected
Data level:                   0
Period code:                  1y
Resolution code:              1h
Sample duration:              20mn
Orig. time res.:              54mn
Station code:                 CV0001G
Platform code:                CV0001S
Station name:                 Cape Verde Atmospheric Observatory
Station GAW-ID:               CVO
[...]
Volume std. temperature:      273.15 K
Volume std. pressure:         1013.25 hPa
Detection limit expl.:        Determined by the derived standard deviation of the integrated area of baseline signal over a time interval equal to avg peak width, data below detection limits are given appropriate flag.
Measurement uncertainty expl.: Includes reproducibility (precision) + systematic err
Zero/negative values:         Zero/negative filtered
Originator:                   Punjabi, Shalini, SHALINI.PUNJABI@YORK.AC.UK, National Centre for Atmospheric Science, NCAS, Wolfson Atmospheric Chemistry Laboratories, Innovation Way, , YO10 5DQ, York, Great Britain
Originator:                   Carpenter, Lucy, LUCY.CARPENTER@YORK.AC.UK, National Centre for Atmospheric Science, NCAS, Wolfson Atmospheric Chemistry Laboratories, Innovation Way, , YO10 5DQ, York, Great Britain
Submitter:                    Punjabi, Shalini, shalini.punjabi@york.ac.uk, National Centre for Atmospheric Science, NCAS, Wolfson Atmospheric Chemistry Laboratories, Innovation Way, , YO10 5DQ, York, Great Britain
Acknowledgement:              Request details from data originator
Comment:                      Initial H2O removal by cold fingers immers. in antifreeze mixture at -28C before acqust.involves 2th stage H2O rem by Sterling coolers at -40Cb before allowing it to pass through precon unit.
starttime endtime C4H10 flag_C4H10 C4H10 flag_C4H10 C4H10 flag_C4H10 C2H6 flag_C2H6 C2H6 flag_C2H6 C2H6 flag_C2H6 C2H4 flag_C2H4 C2H4 flag_C2H4 C2H4 flag_C2H4 C3H8 flag_C3H8 C3H8 flag_C3H8 C3H8 flag_C3H8 C3H6 flag_C3H6 C3H6 flag_C3H6 C3H6 flag_C3H6
[from data line 3531]
149.321725 149.335613   3.47 0.147  3.35 0.147  1.67 0.147   861.83 0.000   36.52 0.000   6.14 0.000  16.89 0.000  3.76 0.000  1.85 0.000   46.79 0.000   4.84 0.000  2.24 0.000   6.95 0.000  1.43 0.000 0.70 0.000
149.359294 149.373183   4.47 0.147  3.36 0.147  1.68 0.147   873.26 0.000   36.98 0.000   6.19 0.000  20.57 0.000  3.87 0.000  1.89 0.000   48.30 0.000   4.88 0.000  2.24 0.000   9.00 0.000  1.46 0.000 0.71 0.000
149.396840 149.410741   6.34 0.000  3.37 0.000  1.68 0.000   849.75 0.000   36.03 0.000   6.09 0.000  26.22 0.000  4.04 0.000  1.95 0.000   45.33 0.000   4.80 0.000  2.23 0.000  12.27 0.000  1.53 0.000 0.73 0.000
149.434398 149.448299   5.16 0.000  3.36 0.000  1.68 0.000   846.28 0.000   35.89 0.000   6.07 0.000  19.27 0.000  3.83 0.000  1.87 0.000   45.87 0.000   4.82 0.000  2.23 0.000   8.06 0.000  1.45 0.000 0.71 0.000
149.472002 149.485891   4.19 0.147  3.36 0.147  1.68 0.147   845.68 0.000   35.86 0.000   6.07 0.000  19.84 0.000  3.85 0.000  1.88 0.000   43.78 0.000   4.77 0.000  2.22 0.000   7.64 0.000  1.44 0.000 0.70 0.000
149.509502 149.523403   3.16 0.147  3.35 0.147  1.67 0.147   836.24 0.000   35.48 0.000   6.03 0.000  15.41 0.000  3.72 0.000  1.83 0.000   41.70 0.000   4.72 0.000  2.21 0.000   7.96 0.000  1.45 0.000 0.70 0.000
149.547060 149.560961   5.08 0.000  3.36 0.000  1.68 0.000   827.46 0.000   35.12 0.000   5.99 0.000  14.15 0.000  3.68 0.000  1.82 0.000   36.79 0.000   4.61 0.000  2.19 0.000   6.24 0.000  1.42 0.000 0.70 0.000
149.584595 149.598495   3.23 0.147  3.35 0.147  1.67 0.147   817.10 0.000   34.70 0.000   5.95 0.000  16.37 0.000  3.75 0.000  1.84 0.000   36.57 0.000   4.60 0.000  2.18 0.000   7.08 0.000  1.43 0.000 0.70 0.000
149.622153 149.636053   3.98 0.147  3.35 0.147  1.68 0.147   806.88 0.000   34.29 0.000   5.90 0.000  14.15 0.000  3.68 0.000  1.82 0.000   34.38 0.000   4.55 0.000  2.17 0.000   7.41 0.000  1.44 0.000 0.70 0.000
149.659745 149.673646   4.23 0.147  3.36 0.147  1.68 0.147   793.29 0.000   33.74 0.000   5.84 0.000  15.57 0.000  3.72 0.000  1.83 0.000   32.57 0.000   4.52 0.000  2.16 0.000   5.83 0.000  1.41 0.000 0.69 0.000
149.697326 149.711238   2.64 0.147  3.35 0.147  1.67 0.147   786.90 0.000   33.48 0.000   5.81 0.000  13.14 0.000  3.65 0.000  1.81 0.000   33.23 0.000   4.53 0.000  2.17 0.000   6.62 0.000  1.42 0.000 0.70 0.000
149.734931 149.748831   3.10 0.147  3.35 0.147  1.67 0.147   777.35 0.000   33.09 0.000   5.77 0.000  13.63 0.000  3.67 0.000  1.81 0.000   31.05 0.000   4.48 0.000  2.16 0.000   7.29 0.000  1.43 0.000 0.70 0.000
149.772488 149.786389   2.50 0.147  3.35 0.147  1.67 0.147   772.75 0.000   32.91 0.000   5.75 0.000  12.98 0.000  3.65 0.000  1.81 0.000   35.92 0.000   4.59 0.000  2.18 0.000   9.77 0.000  1.48 0.000 0.71 0.000
149.810058 149.823958   1.89 0.147  3.34 0.147  1.67 0.147   776.04 0.000   33.04 0.000   5.76 0.000  17.52 0.000  3.78 0.000  1.85 0.000   32.71 0.000   4.52 0.000  2.16 0.000   8.57 0.000  1.46 0.000 0.71 0.000
149.847558 149.861458   2.54 0.147  3.35 0.147  1.67 0.147   761.88 0.000   32.47 0.000   5.70 0.000  17.23 0.000  3.77 0.000  1.85 0.000   31.65 0.000   4.50 0.000  2.16 0.000   9.18 0.000  1.47 0.000 0.71 0.000
149.885162 149.899063   2.64 0.147  3.35 0.147  1.67 0.147   773.73 0.000   32.95 0.000   5.75 0.000  15.72 0.000  3.73 0.000  1.83 0.000   32.64 0.000   4.52 0.000  2.16 0.000   8.67 0.000  1.46 0.000 0.71 0.000
149.922731 149.936632   3.13 0.147  3.35 0.147  1.67 0.147   789.74 0.000   33.60 0.000   5.82 0.000  16.42 0.000  3.75 0.000  1.84 0.000   32.16 0.000   4.51 0.000  2.16 0.000   7.21 0.000  1.43 0.000 0.70 0.000
149.960266 149.974167   2.58 0.147  3.35 0.147  1.67 0.147   793.45 0.000   33.75 0.000   5.84 0.000  15.23 0.000  3.71 0.000  1.83 0.000   38.33 0.000   4.64 0.000  2.19 0.000   8.05 0.000  1.45 0.000 0.71 0.000
149.997836 150.011736   2.84 0.147  3.35 0.147  1.67 0.147   780.70 0.000   33.23 0.000   5.78 0.000  14.85 0.000  3.70 0.000  1.83 0.000   36.65 0.000   4.60 0.000  2.18 0.000   7.25 0.000  1.43 0.000 0.70 0.000
150.035405 150.049294   2.93 0.147  3.35 0.147  1.67 0.147   792.83 0.000   33.72 0.000   5.84 0.000  16.10 0.000  3.74 0.000  1.84 0.000   33.66 0.000   4.54 0.000  2.17 0.000   8.66 0.000  1.46 0.000 0.71 0.000
150.072975 150.086875   4.25 0.147  3.36 0.147  1.68 0.147   770.95 0.000   32.83 0.000   5.74 0.000  16.55 0.000  3.75 0.000  1.84 0.000   34.77 0.000   4.56 0.000  2.17 0.000   5.53 0.000  1.40 0.000 0.69 0.000
150.110532 150.124433   2.89 0.147  3.35 0.147  1.67 0.147   736.38 0.000   31.44 0.000   5.59 0.000  19.34 0.000  3.83 0.000  1.87 0.000   30.94 0.000   4.48 0.000  2.16 0.000   6.88 0.000  1.43 0.000 0.70 0.000
150.148067 150.161968   2.36 0.147  3.34 0.147  1.67 0.147   718.03 0.000   30.69 0.000   5.51 0.000  18.26 0.000  3.80 0.000  1.86 0.000   33.18 0.000   4.53 0.000  2.17 0.000   8.83 0.000  1.46 0.000 0.71 0.000
150.185579 150.199479   4.10 0.147  3.35 0.147  1.68 0.147   720.91 0.000   30.81 0.000   5.52 0.000  16.96 0.000  3.76 0.000  1.85 0.000   32.52 0.000   4.51 0.000  2.16 0.000   7.44 0.000  1.44 0.000 0.70 0.000
150.223299 150.237188   3.36 0.147  3.35 0.147  1.67 0.147   733.39 0.000   31.31 0.000   5.58 0.000  18.69 0.000  3.81 0.000  1.87 0.000   34.33 0.000   4.55 0.000  2.17 0.000   8.60 0.000  1.46 0.000 0.71 0.000
150.260694 150.274595   2.85 0.147  3.35 0.147  1.67 0.147   752.33 0.000   32.08 0.000   5.66 0.000  19.99 0.000  3.85 0.000  1.88 0.000   39.63 0.000   4.67 0.000  2.20 0.000   9.91 0.000  1.48 0.000 0.71 0.000
150.298275 150.312164   3.70 0.147  3.35 0.147  1.67 0.147   763.34 0.000   32.53 0.000   5.71 0.000  19.68 0.000  3.84 0.000  1.88 0.000   33.30 0.000   4.53 0.000  2.17 0.000   7.67 0.000  1.44 0.000 0.70 0.000
150.335856 150.349745   4.20 0.147  3.36 0.147  1.68 0.147   773.08 0.000   32.92 0.000   5.75 0.000  22.31 0.000  3.92 0.000  1.90 0.000   32.89 0.000   4.52 0.000  2.17 0.000   8.50 0.000  1.46 0.000 0.71 0.000
150.373414 150.387315   3.91 0.147  3.35 0.147  1.67 0.147   778.76 0.000   33.15 0.000   5.78 0.000  21.34 0.000  3.89 0.000  1.89 0.000   37.60 0.000   4.62 0.000  2.19 0.000   8.12 0.000  1.45 0.000 0.71 0.000
150.410972 150.424861   3.48 0.147  3.35 0.147  1.67 0.147   769.57 0.000   32.78 0.000   5.74 0.000  24.60 0.000  3.99 0.000  1.93 0.000   39.98 0.000   4.68 0.000  2.20 0.000   8.84 0.000  1.46 0.000 0.71 0.000
150.448542 150.462442   5.87 0.000  3.37 0.000  1.68 0.000   763.72 0.000   32.54 0.000   5.71 0.000  21.79 0.000  3.90 0.000  1.90 0.000   38.13 0.000   4.64 0.000  2.19 0.000   8.80 0.000  1.46 0.000 0.71 0.000
150.486088 150.499988   3.94 0.147  3.35 0.147  1.68 0.147   752.47 0.000   32.09 0.000   5.66 0.000  25.80 0.000  4.03 0.000  1.94 0.000   35.52 0.000   4.58 0.000  2.18 0.000   6.44 0.000  1.42 0.000 0.70 0.000
150.523657 150.537546   4.18 0.147  3.35 0.147  1.68 0.147   742.98 0.000   31.70 0.000   5.62 0.000  14.17 0.000  3.68 0.000  1.82 0.000   33.74 0.000   4.54 0.000  2.17 0.000   7.37 0.000  1.43 0.000 0.70 0.000
150.561192 150.575081   3.71 0.147  3.35 0.147  1.67 0.147   716.04 0.000   30.61 0.000   5.50 0.000  19.07 0.000  3.82 0.000  1.87 0.000   32.06 0.000   4.51 0.000  2.16 0.000   6.40 0.000  1.42 0.000 0.70 0.000
150.598866 150.612755   4.34 0.147  3.36 0.147  1.68 0.147   717.29 0.000   30.66 0.000   5.50 0.000  16.15 0.000  3.74 0.000  1.84 0.000   31.50 0.000   4.49 0.000  2.16 0.000   7.70 0.000  1.44 0.000 0.70 0.000
150.636273 150.650162   1.64 0.147  3.34 0.147  1.67 0.147   700.21 0.000   29.97 0.000   5.43 0.000  18.87 0.000  3.82 0.000  1.87 0.000   28.84 0.000   4.44 0.000  2.15 0.000   7.75 0.000  1.44 0.000 0.70 0.000
150.673808 150.687697   1.44 0.147  3.34 0.147  1.67 0.147   703.37 0.000   30.10 0.000   5.44 0.000  13.97 0.000  3.68 0.000  1.82 0.000   29.62 0.000   4.46 0.000  2.15 0.000   5.53 0.000  1.40 0.000 0.69 0.000
150.711354 150.725255   2.56 0.147  3.35 0.147  1.67 0.147   689.33 0.000   29.53 0.000   5.38 0.000  17.63 0.000  3.78 0.000  1.85 0.000   30.73 0.000   4.48 0.000  2.15 0.000   8.81 0.000  1.46 0.000 0.71 0.000
150.748889 150.762789   0.65 0.147  3.34 0.147  1.67 0.147   676.21 0.000   29.00 0.000   5.32 0.000  12.26 0.000  3.63 0.000  1.80 0.000   25.05 0.000   4.37 0.000  2.13 0.000   6.21 0.000  1.42 0.000 0.70 0.000
150.786447 150.800347   3.87 0.147  3.35 0.147  1.67 0.147   675.48 0.000   28.98 0.000   5.32 0.000  19.23 0.000  3.83 0.000  1.87 0.000   30.97 0.000   4.48 0.000  2.16 0.000   8.41 0.000  1.45 0.000 0.71 0.000
150.823993 150.837894   2.98 0.147  3.35 0.147  1.67 0.147   699.76 0.000   29.96 0.000   5.43 0.000  16.73 0.000  3.76 0.000  1.85 0.000   31.17 0.000   4.49 0.000  2.16 0.000   8.65 0.000  1.46 0.000 0.71 0.000
150.861528 150.875428   2.86 0.147  3.35 0.147  1.67 0.147   708.67 0.000   30.32 0.000   5.47 0.000  18.64 0.000  3.81 0.000  1.87 0.000   32.80 0.000   4.52 0.000  2.17 0.000   7.03 0.000  1.43 0.000 0.70 0.000
150.899109 150.912998   2.22 0.147  3.34 0.147  1.67 0.147   707.40 0.000   30.26 0.000   5.46 0.000  18.28 0.000  3.80 0.000  1.86 0.000   31.80 0.000   4.50 0.000  2.16 0.000  10.63 0.000  1.50 0.000 0.72 0.000
150.936667 150.950567   1.91 0.147  3.34 0.147  1.67 0.147   727.01 0.000   31.06 0.000   5.55 0.000  21.52 0.000  3.90 0.000  1.90 0.000   32.82 0.000   4.52 0.000  2.17 0.000   7.99 0.000  1.45 0.000 0.70 0.000
150.974201 150.988102   2.21 0.147  3.34 0.147  1.67 0.147   732.32 0.000   31.27 0.000   5.57 0.000  18.93 0.000  3.82 0.000  1.87 0.000   33.17 0.000   4.53 0.000  2.17 0.000   8.83 0.000  1.46 0.000 0.71 0.000
151.011771 151.025671   3.92 0.147  3.35 0.147  1.68 0.147   715.34 0.000   30.59 0.000   5.50 0.000  20.38 0.000  3.86 0.000  1.88 0.000   33.37 0.000   4.53 0.000  2.17 0.000   7.68 0.000  1.44 0.000 0.70 0.000
151.049306 151.063218   2.08 0.147  3.34 0.147  1.67 0.147   720.67 0.000   30.80 0.000   5.52 0.000  26.33 0.000  4.05 0.000  1.95 0.000   33.50 0.000   4.54 0.000  2.17 0.000   8.49 0.000  1.46 0.000 0.71 0.000
151.086875 151.100775   3.17 0.147  3.35 0.147  1.67 0.147   741.65 0.000   31.65 0.000   5.61 0.000  24.67 0.000  3.99 0.000  1.93 0.000   33.28 0.000   4.53 0.000  2.17 0.000   9.44 0.000  1.47 0.000 0.71 0.000
151.124444 151.138345   3.82 0.147  3.35 0.147  1.67 0.147   746.83 0.000   31.86 0.000   5.63 0.000  19.87 0.000  3.85 0.000  1.88 0.000   39.04 0.000   4.66 0.000  2.20 0.000   8.73 0.000  1.46 0.000 0.71 0.000
151.161991 151.175891   4.88 0.147  3.36 0.147  1.68 0.147   740.23 0.000   31.59 0.000   5.61 0.000  19.97 0.000  3.85 0.000  1.88 0.000   35.50 0.000   4.58 0.000  2.18 0.000   9.68 0.000  1.48 0.000 0.71 0.000
151.199537 151.213437   3.39 0.147  3.35 0.147  1.67 0.147   746.47 0.000   31.84 0.000   5.63 0.000  21.58 0.000  3.90 0.000  1.90 0.000   36.11 0.000   4.59 0.000  2.18 0.000   9.95 0.000  1.48 0.000 0.71 0.000
151.237118 151.251019   3.19 0.147  3.35 0.147  1.67 0.147   757.21 0.000   32.28 0.000   5.68 0.000  22.08 0.000  3.91 0.000  1.90 0.000   33.60 0.000   4.54 0.000  2.17 0.000   9.72 0.000  1.48 0.000 0.71 0.000
151.274699 151.288600   3.76 0.147  3.35 0.147  1.67 0.147   746.53 0.000   31.85 0.000   5.63 0.000  24.39 0.000  3.98 0.000  1.93 0.000   35.11 0.000   4.57 0.000  2.18 0.000   9.65 0.000  1.48 0.000 0.71 0.000
151.312292 151.326181   3.67 0.147  3.35 0.147  1.67 0.147   733.46 0.000   31.32 0.000   5.58 0.000  20.45 0.000  3.86 0.000  1.89 0.000   35.28 0.000   4.57 0.000  2.18 0.000   9.87 0.000  1.48 0.000 0.71 0.000
151.349838 151.363738   1.29 0.147  3.34 0.147  1.67 0.147   743.93 0.000   31.74 0.000   5.62 0.000  27.87 0.000  4.09 0.000  1.96 0.000   34.47 0.000   4.56 0.000  2.17 0.000   8.35 0.000  1.45 0.000 0.71 0.000
151.387419 151.401319   1.72 0.147  3.34 0.147  1.67 0.147   744.09 0.000   31.75 0.000   5.62 0.000  24.93 0.000  4.00 0.000  1.93 0.000   34.43 0.000   4.56 0.000  2.17 0.000   8.24 0.000  1.45 0.000 0.71 0.000
151.424965 151.438866   4.43 0.147  3.36 0.147  1.68 0.147   747.82 0.000   31.90 0.000   5.64 0.000  26.05 0.000  4.04 0.000  1.94 0.000   35.66 0.000   4.58 0.000  2.18 0.000   8.84 0.000  1.46 0.000 0.71 0.000
151.462512 151.476412   3.50 0.147  3.35 0.147  1.67 0.147   730.87 0.000   31.21 0.000   5.56 0.000  28.87 0.000  4.13 0.000  1.97 0.000   37.21 0.000   4.62 0.000  2.19 0.000   7.73 0.000  1.44 0.000 0.70 0.000
151.500058 151.513947   3.85 0.147  3.35 0.147  1.67 0.147   716.06 0.000   30.61 0.000   5.50 0.000  26.81 0.000  4.06 0.000  1.95 0.000   31.44 0.000   4.49 0.000  2.16 0.000   7.11 0.000  1.43 0.000 0.70 0.000
151.537593 151.551493   2.50 0.147  3.35 0.147  1.67 0.147   693.83 0.000   29.72 0.000   5.40 0.000  25.13 0.000  4.01 0.000  1.94 0.000   26.32 0.000   4.39 0.000  2.13 0.000   7.20 0.000  1.43 0.000 0.70 0.000
151.575162 151.589063   4.23 0.147  3.36 0.147  1.68 0.147   718.81 0.000   30.73 0.000   5.51 0.000  20.98 0.000  3.88 0.000  1.89 0.000   34.56 0.000   4.56 0.000  2.17 0.000   7.97 0.000  1.45 0.000 0.70 0.000
151.612697 151.626597   4.23 0.147  3.36 0.147  1.68 0.147   707.33 0.000   30.26 0.000   5.46 0.000  19.10 0.000  3.82 0.000  1.87 0.000   35.80 0.000   4.58 0.000  2.18 0.000   8.61 0.000  1.46 0.000 0.71 0.000
151.650301 151.664201   4.00 0.147  3.35 0.147  1.68 0.147   682.79 0.000   29.27 0.000   5.35 0.000  19.04 0.000  3.82 0.000  1.87 0.000   29.60 0.000   4.45 0.000  2.15 0.000   7.19 0.000  1.43 0.000 0.70 0.000
151.687894 151.701794   2.33 0.147  3.34 0.147  1.67 0.147   673.67 0.000   28.90 0.000   5.31 0.000  18.45 0.000  3.81 0.000  1.86 0.000   30.43 0.000   4.47 0.000  2.15 0.000   8.19 0.000  1.45 0.000 0.71 0.000
151.725509 151.739410   3.74 0.147  3.35 0.147  1.67 0.147   645.30 0.000   27.76 0.000   5.19 0.000  16.64 0.000  3.75 0.000  1.84 0.000   26.77 0.000   4.40 0.000  2.13 0.000   6.62 0.000  1.42 0.000 0.70 0.000
151.763079 151.776979   3.10 0.147  3.35 0.147  1.67 0.147   665.23 0.000   28.56 0.000   5.27 0.000  21.46 0.000  3.89 0.000  1.90 0.000   26.83 0.000   4.40 0.000  2.13 0.000   5.94 0.000  1.41 0.000 0.70 0.000
151.800648 151.814549   2.12 0.147  3.34 0.147  1.67 0.147   697.01 0.000   29.84 0.000   5.41 0.000  19.31 0.000  3.83 0.000  1.87 0.000   28.44 0.000   4.43 0.000  2.14 0.000   7.34 0.000  1.43 0.000 0.70 0.000
151.838183 151.852083   3.41 0.147  3.35 0.147  1.67 0.147   696.09 0.000   29.81 0.000   5.41 0.000  19.91 0.000  3.85 0.000  1.88 0.000   29.91 0.000   4.46 0.000  2.15 0.000   7.16 0.000  1.43 0.000 0.70 0.000
151.875764 151.889664   1.53 0.147  3.34 0.147  1.67 0.147   673.41 0.000   28.89 0.000   5.31 0.000  19.80 0.000  3.84 0.000  1.88 0.000   28.89 0.000   4.44 0.000  2.15 0.000   6.78 0.000  1.42 0.000 0.70 0.000
151.913322 151.927211 999.99 0.999 99.99 0.999 99.99 0.999   682.49 0.000   29.26 0.000   5.35 0.000  21.99 0.000  3.91 0.000  1.90 0.000   26.47 0.000   4.39 0.000  2.13 0.000  10.16 0.000  1.49 0.000 0.72 0.000
151.950880 151.964757   3.23 0.147  3.35 0.147  1.67 0.147   717.44 0.000   30.67 0.000   5.50 0.000  20.83 0.000  3.88 0.000  1.89 0.000   32.96 0.000   4.52 0.000  2.17 0.000  10.05 0.000  1.49 0.000 0.71 0.000
151.988403 152.002303   2.20 0.147  3.34 0.147  1.67 0.147   731.42 0.000   31.24 0.000   5.57 0.000  24.54 0.000  3.99 0.000  1.93 0.000   33.50 0.000   4.54 0.000  2.17 0.000   7.78 0.000  1.44 0.000 0.70 0.000
152.025926 152.039826   3.68 0.147  3.35 0.147  1.67 0.147   734.53 0.000   31.36 0.000   5.58 0.000  22.84 0.000  3.94 0.000  1.91 0.000   34.37 0.000   4.55 0.000  2.17 0.000   8.90 0.000  1.46 0.000 0.71 0.000
152.063449 152.077350   3.74 0.147  3.35 0.147  1.67 0.147   774.60 0.000   32.98 0.000   5.76 0.000  25.42 0.000  4.02 0.000  1.94 0.000   35.62 0.000   4.58 0.000  2.18 0.000   8.54 0.000  1.46 0.000 0.71 0.000
