RRS/CV0001G.20130701151343.20160823000000.online_gc..air.6mo.1h.CV01L_Agilent_GC-FID_7890A_G3440A.CV01L_Manual_AIR_only.lev0.nas
111 1001
Punjabi, Shalini; Carpenter, Lucy
CV01L, National Institute of Meteorology and Geophysics, , , "Espargos, Ilha do Sal 76", , , , Cape Verde
Punjabi, Shalini
ACTRIS GAW-WDCGG-node
1 1
2013 01 01 2016 08 23
0
days from file reference point
43
1 1 1 1 1 1 1 1 1 1 1 1 1 1 1 1 1 1 1 1 1 1 1 1 1 1 1 1 1 1 1 1 1 1 1 1 1 1 1 1 1 1 1
999.999999 999.99 9.999 99.99 9.999 99.99 9.999 9999.99 9.999 99.99 9.999 99.99 9.999 99999.99 9.999 999.99 9.999 999.99 9.999 9 9.999 9 9.999 9 9.999 9999.99 9.999 99.99 9.999 99.99 9.999 999.99 9.999 99.99 9.999 99.99 9.999 9999.99 9.999 999.99 9.999 99.99 9.999
end_time of measurement, days from the file reference point
2-methylbutane, pmol/mol, Statistics=arithmetic mean, Detection limit=4.0 pmol/mol, Measurement uncertainty=2.04 %
numflag 2-methylbutane, no unit, Statistics=arithmetic mean, Detection limit=4.0 pmol/mol, Measurement uncertainty=2.04 %
2-methylbutane, pmol/mol, Statistics=expanded uncertainty 2sigma
numflag 2-methylbutane, no unit, Statistics=expanded uncertainty 2sigma
2-methylbutane, pmol/mol, Statistics=precision
numflag 2-methylbutane, no unit, Statistics=precision
2-methylpropane, pmol/mol, Statistics=arithmetic mean, Detection limit=5.0 pmol/mol, Measurement uncertainty=1.94 %
numflag 2-methylpropane, no unit, Statistics=arithmetic mean, Detection limit=5.0 pmol/mol, Measurement uncertainty=1.94 %
2-methylpropane, pmol/mol, Statistics=expanded uncertainty 2sigma
numflag 2-methylpropane, no unit, Statistics=expanded uncertainty 2sigma
2-methylpropane, pmol/mol, Statistics=precision
numflag 2-methylpropane, no unit, Statistics=precision
ethane, pmol/mol, Statistics=arithmetic mean, Detection limit=7.0 pmol/mol, Measurement uncertainty=2.04 %
numflag ethane, no unit, Statistics=arithmetic mean, Detection limit=7.0 pmol/mol, Measurement uncertainty=2.04 %
ethane, pmol/mol, Statistics=expanded uncertainty 2sigma
numflag ethane, no unit, Statistics=expanded uncertainty 2sigma
ethane, pmol/mol, Statistics=precision
numflag ethane, no unit, Statistics=precision
ethyne, pmol/mol, Statistics=arithmetic mean, Detection limit=3.0 pmol/mol
numflag ethyne, no unit, Statistics=arithmetic mean, Detection limit=3.0 pmol/mol
ethyne, pmol/mol, Statistics=expanded uncertainty 2sigma
numflag ethyne, no unit, Statistics=expanded uncertainty 2sigma
ethyne, pmol/mol, Statistics=precision
numflag ethyne, no unit, Statistics=precision
n-butane, pmol/mol, Statistics=arithmetic mean, Detection limit=5.0 pmol/mol, Measurement uncertainty=2.04 %
numflag n-butane, no unit, Statistics=arithmetic mean, Detection limit=5.0 pmol/mol, Measurement uncertainty=2.04 %
n-butane, pmol/mol, Statistics=expanded uncertainty 2sigma
numflag n-butane, no unit, Statistics=expanded uncertainty 2sigma
n-butane, pmol/mol, Statistics=precision
numflag n-butane, no unit, Statistics=precision
n-pentane, pmol/mol, Statistics=arithmetic mean, Detection limit=4.0 pmol/mol, Measurement uncertainty=2.81 %
numflag n-pentane, no unit, Statistics=arithmetic mean, Detection limit=4.0 pmol/mol, Measurement uncertainty=2.81 %
n-pentane, pmol/mol, Statistics=expanded uncertainty 2sigma
numflag n-pentane, no unit, Statistics=expanded uncertainty 2sigma
n-pentane, pmol/mol, Statistics=precision
numflag n-pentane, no unit, Statistics=precision
[...]
Volume std. pressure:         1013.25 hPa
Detection limit expl.:        Determined by the derived standard deviation of the integrated area of baseline signal over a time interval equal to avg peak width, detection limit flags are used
Measurement uncertainty expl.: Includes reproducibility (precision) + systematic err
Zero/negative values:         Zero/negative filtered
Originator:                   Punjabi, Shalini, SHALINI.PUNJABI@YORK.AC.UK, National Centre for Atmospheric Science, NCAS, Wolfson Atmospheric Chemistry Laboratories, Innovation Way, , YO10 5DQ, York, Great Britain
Originator:                   Carpenter, Lucy, LUCY.CARPENTER@YORK.AC.UK, National Centre for Atmospheric Science, NCAS, Wolfson Atmospheric Chemistry Laboratories, Innovation Way, , YO10 5DQ, York, Great Britain
Submitter:                    Punjabi, Shalini, shalini.punjabi@york.ac.uk, National Centre for Atmospheric Science, NCAS, Wolfson Atmospheric Chemistry Laboratories, Innovation Way, , YO10 5DQ, York, Great Britain
Acknowledgement:              Request details from data originator
Comment:                      Initial H2O removal by cold fingers immers. in antifreeze mixture at -28C before acqust.involves 2th stage H2O rem by Sterling coolers at -40Cb before allowing it to pass through precon unit.
starttime endtime C5H12 flag_C5H12 C5H12 flag_C5H12 C5H12 flag_C5H12 C4H10 flag_C4H10 C4H10 flag_C4H10 C4H10 flag_C4H10 C2H6 flag_C2H6 C2H6 flag_C2H6 C2H6 flag_C2H6 C2H2 flag_C2H2 C2H2 flag_C2H2 C2H2 flag_C2H2 C4H10 flag_C4H10 C4H10 flag_C4H10 C4H10 flag_C4H10 C5H12 flag_C5H12 C5H12 flag_C5H12 C5H12 flag_C5H12 C3H8 flag_C3H8 C3H8 flag_C3H8 C3H8 flag_C3H8
[from data line 2319]
290.196204 290.210093   2.86 0.147  2.69 0.147  1.35 0.147    9.58 0.000  3.39 0.000  1.69 0.000   586.06 0.000  24.21 0.000   4.92 0.000 9 0.999 9 0.999 9 0.999   14.90 0.000  3.41 0.000  1.68 0.000   1.69 0.147  2.73 0.147  1.37 0.147   46.94 0.000   4.82 0.000  2.24 0.000
290.233785 290.247674 999.99 0.999 99.99 0.999 99.99 0.999   11.05 0.000  3.41 0.000  1.69 0.000   597.08 0.000  24.63 0.000   4.97 0.000 9 0.999 9 0.999 9 0.999   15.52 0.000  3.42 0.000  1.68 0.000   1.80 0.147  2.74 0.147  1.37 0.147   46.54 0.000   4.81 0.000  2.23 0.000
290.271319 290.285220 999.99 0.999 99.99 0.999 99.99 0.999   12.62 0.000  3.42 0.000  1.69 0.000   606.83 0.000  25.00 0.000   5.02 0.000 9 0.999 9 0.999 9 0.999   15.54 0.000  3.42 0.000  1.68 0.000   1.78 0.147  2.74 0.147  1.37 0.147   51.83 0.000   4.94 0.000  2.26 0.000
290.342326 290.356227 999.99 0.999 99.99 0.999 99.99 0.999   14.57 0.000  3.44 0.000  1.70 0.000   582.38 0.000  24.07 0.000   4.91 0.000 9 0.999 9 0.999 9 0.999   15.45 0.000  3.42 0.000  1.68 0.000   1.20 0.147  2.71 0.147  1.36 0.147   52.14 0.000   4.94 0.000  2.26 0.000
290.375799 290.389699 999.99 0.999 99.99 0.999 99.99 0.999   13.02 0.000  3.42 0.000  1.69 0.000   591.96 0.000  24.43 0.000   4.95 0.000 9 0.999 9 0.999 9 0.999   16.32 0.000  3.42 0.000  1.68 0.000 999.99 0.999 99.99 0.999 99.99 0.999   54.71 0.000   5.01 0.000  2.28 0.000
290.413322 290.427222 999.99 0.999 99.99 0.999 99.99 0.999   14.62 0.000  3.44 0.000  1.70 0.000   582.61 0.000  24.08 0.000   4.91 0.000 9 0.999 9 0.999 9 0.999   16.75 0.000  3.43 0.000  1.68 0.000   2.42 0.147  2.76 0.147  1.38 0.147   47.34 0.000   4.83 0.000  2.24 0.000
290.450880 290.464757 999.99 0.999 99.99 0.999 99.99 0.999   14.84 0.000  3.44 0.000  1.70 0.000   584.69 0.000  24.16 0.000   4.92 0.000 9 0.999 9 0.999 9 0.999   18.30 0.000  3.44 0.000  1.68 0.000   2.61 0.147  2.77 0.147  1.38 0.147   52.41 0.000   4.95 0.000  2.26 0.000
290.523067 290.536956 999.99 0.999 99.99 0.999 99.99 0.999   14.66 0.000  3.44 0.000  1.70 0.000   571.27 0.000  23.65 0.000   4.86 0.000 9 0.999 9 0.999 9 0.999 9999.99 0.999 99.99 0.999 99.99 0.999   2.45 0.147  2.77 0.147  1.38 0.147   52.38 0.000   4.95 0.000  2.26 0.000
290.556516 290.570417 999.99 0.999 99.99 0.999 99.99 0.999   13.78 0.000  3.43 0.000  1.70 0.000   581.24 0.000  24.03 0.000   4.90 0.000 9 0.999 9 0.999 9 0.999   22.59 0.000  3.49 0.000  1.69 0.000 999.99 0.999 99.99 0.999 99.99 0.999   49.29 0.000   4.88 0.000  2.25 0.000
290.594167 290.608056   0.85 0.147  2.67 0.147  1.34 0.147   15.02 0.000  3.44 0.000  1.70 0.000   565.28 0.000  23.42 0.000   4.83 0.000 9 0.999 9 0.999 9 0.999   16.97 0.000  3.43 0.000  1.68 0.000   2.22 0.147  2.76 0.147  1.38 0.147   46.57 0.000   4.81 0.000  2.23 0.000
290.631840 290.645729 999.99 0.999 99.99 0.999 99.99 0.999   12.35 0.000  3.42 0.000  1.69 0.000   562.55 0.000  23.31 0.000   4.82 0.000 9 0.999 9 0.999 9 0.999   16.89 0.000  3.43 0.000  1.68 0.000   1.54 0.147  2.73 0.147  1.36 0.147   56.09 0.000   5.04 0.000  2.28 0.000
290.669491 290.683380   1.70 0.147  2.68 0.147  1.34 0.147   12.53 0.000  3.42 0.000  1.69 0.000   551.29 0.000  22.89 0.000   4.77 0.000 9 0.999 9 0.999 9 0.999   15.65 0.000  3.42 0.000  1.68 0.000   1.82 0.147  2.74 0.147  1.37 0.147   45.40 0.000   4.78 0.000  2.23 0.000
290.707164 290.721065 999.99 0.999 99.99 0.999 99.99 0.999   13.87 0.000  3.43 0.000  1.70 0.000   545.40 0.000  22.66 0.000   4.74 0.000 9 0.999 9 0.999 9 0.999   15.27 0.000  3.41 0.000  1.68 0.000   2.48 0.147  2.77 0.147  1.38 0.147   40.98 0.000   4.68 0.000  2.21 0.000
290.744757 290.758657 999.99 0.999 99.99 0.999 99.99 0.999   13.53 0.000  3.43 0.000  1.70 0.000   536.25 0.000  22.32 0.000   4.70 0.000 9 0.999 9 0.999 9 0.999   16.04 0.000  3.42 0.000  1.68 0.000   1.47 0.147  2.73 0.147  1.36 0.147   43.30 0.000   4.73 0.000  2.22 0.000
290.782350 290.796238 999.99 0.999 99.99 0.999 99.99 0.999   13.36 0.000  3.43 0.000  1.70 0.000   524.87 0.000  21.88 0.000   4.65 0.000 9 0.999 9 0.999 9 0.999   13.44 0.000  3.40 0.000  1.68 0.000   1.40 0.147  2.72 0.147  1.36 0.147   43.52 0.000   4.74 0.000  2.22 0.000
290.820000 290.833900 999.99 0.999 99.99 0.999 99.99 0.999   10.71 0.000  3.40 0.000  1.69 0.000   515.14 0.000  21.52 0.000   4.61 0.000 9 0.999 9 0.999 9 0.999   13.37 0.000  3.40 0.000  1.68 0.000   1.83 0.147  2.74 0.147  1.37 0.147   36.84 0.000   4.59 0.000  2.19 0.000
290.857650 290.871539   2.05 0.147  2.68 0.147  1.34 0.147   15.40 0.000  3.45 0.000  1.70 0.000   521.58 0.000  21.76 0.000   4.64 0.000 9 0.999 9 0.999 9 0.999   13.61 0.000  3.40 0.000  1.68 0.000   1.80 0.147  2.74 0.147  1.37 0.147   38.34 0.000   4.62 0.000  2.19 0.000
290.895266 290.909155   1.76 0.147  2.68 0.147  1.34 0.147   14.10 0.000  3.44 0.000  1.70 0.000   513.27 0.000  21.44 0.000   4.60 0.000 9 0.999 9 0.999 9 0.999   15.87 0.000  3.42 0.000  1.68 0.000 999.99 0.999 99.99 0.999 99.99 0.999   38.18 0.000   4.62 0.000  2.19 0.000
290.932870 290.946759   3.42 0.147  2.70 0.147  1.35 0.147   13.44 0.000  3.43 0.000  1.70 0.000   510.57 0.000  21.34 0.000   4.59 0.000 9 0.999 9 0.999 9 0.999   16.00 0.000  3.42 0.000  1.68 0.000   1.56 0.147  2.73 0.147  1.36 0.147   34.75 0.000   4.55 0.000  2.17 0.000
290.970475 290.984363 999.99 0.999 99.99 0.999 99.99 0.999   14.70 0.000  3.44 0.000  1.70 0.000   519.02 0.000  21.66 0.000   4.63 0.000 9 0.999 9 0.999 9 0.999   15.68 0.000  3.42 0.000  1.68 0.000   2.58 0.147  2.77 0.147  1.38 0.147   34.15 0.000   4.54 0.000  2.17 0.000
291.008067 291.021956   2.71 0.147  2.69 0.147  1.34 0.147   14.49 0.000  3.44 0.000  1.70 0.000   513.62 0.000  21.46 0.000   4.60 0.000 9 0.999 9 0.999 9 0.999   15.78 0.000  3.42 0.000  1.68 0.000   2.61 0.147  2.77 0.147  1.38 0.147   39.81 0.000   4.66 0.000  2.20 0.000
291.045648 291.059549   2.49 0.147  2.69 0.147  1.34 0.147   14.48 0.000  3.44 0.000  1.70 0.000   514.13 0.000  21.48 0.000   4.61 0.000 9 0.999 9 0.999 9 0.999   16.12 0.000  3.42 0.000  1.68 0.000   1.81 0.147  2.74 0.147  1.37 0.147   41.42 0.000   4.69 0.000  2.21 0.000
291.083206 291.097106   3.64 0.147  2.70 0.147  1.35 0.147   13.77 0.000  3.43 0.000  1.70 0.000   519.42 0.000  21.68 0.000   4.63 0.000 9 0.999 9 0.999 9 0.999   17.59 0.000  3.44 0.000  1.68 0.000   2.29 0.147  2.76 0.147  1.38 0.147   43.59 0.000   4.74 0.000  2.22 0.000
291.120787 291.134687   4.20 0.000  2.71 0.000  1.35 0.000   16.42 0.000  3.46 0.000  1.70 0.000   519.45 0.000  21.68 0.000   4.63 0.000 9 0.999 9 0.999 9 0.999   19.81 0.000  3.46 0.000  1.68 0.000   2.66 0.147  2.77 0.147  1.39 0.147   41.39 0.000   4.69 0.000  2.21 0.000
291.158333 291.172234   3.46 0.147  2.70 0.147  1.35 0.147   18.32 0.000  3.48 0.000  1.71 0.000   526.70 0.000  21.95 0.000   4.66 0.000 9 0.999 9 0.999 9 0.999   19.65 0.000  3.46 0.000  1.68 0.000   2.27 0.147  2.76 0.147  1.38 0.147   40.54 0.000   4.67 0.000  2.20 0.000
291.195891 291.209780   1.69 0.147  2.68 0.147  1.34 0.147   16.51 0.000  3.46 0.000  1.70 0.000   521.21 0.000  21.75 0.000   4.64 0.000 9 0.999 9 0.999 9 0.999   18.06 0.000  3.44 0.000  1.68 0.000   0.91 0.147  2.70 0.147  1.35 0.147   42.67 0.000   4.72 0.000  2.21 0.000
291.233449 291.247350   2.00 0.147  2.68 0.147  1.34 0.147   17.07 0.000  3.47 0.000  1.70 0.000   534.62 0.000  22.25 0.000   4.70 0.000 9 0.999 9 0.999 9 0.999 9999.99 0.999 99.99 0.999 99.99 0.999   1.58 0.147  2.73 0.147  1.36 0.147   45.98 0.000   4.80 0.000  2.23 0.000
291.304479 291.318380 999.99 0.999 99.99 0.999 99.99 0.999   14.38 0.000  3.44 0.000  1.70 0.000   544.75 0.000  22.64 0.000   4.74 0.000 9 0.999 9 0.999 9 0.999 9999.99 0.999 99.99 0.999 99.99 0.999   1.49 0.147  2.73 0.147  1.36 0.147   49.54 0.000   4.88 0.000  2.25 0.000
291.337928 291.351829   3.02 0.147  2.69 0.147  1.35 0.147   13.13 0.000  3.43 0.000  1.69 0.000   535.80 0.000  22.30 0.000   4.70 0.000 9 0.999 9 0.999 9 0.999   15.66 0.000  3.42 0.000  1.68 0.000   1.42 0.147  2.72 0.147  1.36 0.147   45.38 0.000   4.78 0.000  2.23 0.000
291.375463 291.389352   2.08 0.147  2.68 0.147  1.34 0.147   11.13 0.000  3.41 0.000  1.69 0.000   540.45 0.000  22.48 0.000   4.72 0.000 9 0.999 9 0.999 9 0.999   14.88 0.000  3.41 0.000  1.68 0.000   1.72 0.147  2.74 0.147  1.37 0.147   40.38 0.000   4.67 0.000  2.20 0.000
291.413056 291.426944 999.99 0.999 99.99 0.999 99.99 0.999   10.92 0.000  3.41 0.000  1.69 0.000   525.75 0.000  21.92 0.000   4.66 0.000 9 0.999 9 0.999 9 0.999   14.54 0.000  3.41 0.000  1.68 0.000   1.68 0.147  2.73 0.147  1.37 0.147   38.92 0.000   4.64 0.000  2.20 0.000
291.450671 291.464560 999.99 0.999 99.99 0.999 99.99 0.999   10.05 0.000  3.40 0.000  1.69 0.000   513.58 0.000  21.46 0.000   4.60 0.000 9 0.999 9 0.999 9 0.999   12.81 0.000  3.39 0.000  1.68 0.000   1.48 0.147  2.73 0.147  1.36 0.147   34.64 0.000   4.55 0.000  2.17 0.000
291.488299 291.502176 999.99 0.999 99.99 0.999 99.99 0.999   10.45 0.000  3.40 0.000  1.69 0.000   516.47 0.000  21.57 0.000   4.62 0.000 9 0.999 9 0.999 9 0.999   11.89 0.000  3.39 0.000  1.68 0.000   1.06 0.147  2.71 0.147  1.35 0.147   36.18 0.000   4.58 0.000  2.18 0.000
291.559375 291.573264 999.99 0.999 99.99 0.999 99.99 0.999    9.07 0.000  3.39 0.000  1.69 0.000   491.13 0.000  20.61 0.000   4.50 0.000 9 0.999 9 0.999 9 0.999   10.47 0.000  3.38 0.000  1.68 0.000   3.42 0.147  2.81 0.147  1.40 0.147   32.79 0.000   4.51 0.000  2.16 0.000
291.592847 291.606736 999.99 0.999 99.99 0.999 99.99 0.999    8.13 0.000  3.38 0.000  1.68 0.000   481.93 0.000  20.26 0.000   4.46 0.000 9 0.999 9 0.999 9 0.999    8.92 0.000  3.37 0.000  1.67 0.000 999.99 0.999 99.99 0.999 99.99 0.999   27.58 0.000   4.41 0.000  2.14 0.000
291.630486 291.644387 999.99 0.999 99.99 0.999 99.99 0.999    6.09 0.000  3.37 0.000  1.68 0.000   476.86 0.000  20.07 0.000   4.44 0.000 9 0.999 9 0.999 9 0.999    9.47 0.000  3.37 0.000  1.68 0.000   1.48 0.147  2.73 0.147  1.36 0.147   23.72 0.000   4.33 0.000  2.12 0.000
291.668137 291.682025 999.99 0.999 99.99 0.999 99.99 0.999    6.76 0.000  3.37 0.000  1.68 0.000   458.37 0.000  19.37 0.000   4.36 0.000 9 0.999 9 0.999 9 0.999    7.94 0.000  3.36 0.000  1.67 0.000 999.99 0.999 99.99 0.999 99.99 0.999   23.01 0.000   4.32 0.000  2.12 0.000
291.705787 291.719688 999.99 0.999 99.99 0.999 99.99 0.999    5.63 0.000  3.36 0.000  1.68 0.000   454.22 0.000  19.21 0.000   4.34 0.000 9 0.999 9 0.999 9 0.999    7.43 0.000  3.36 0.000  1.67 0.000 999.99 0.999 99.99 0.999 99.99 0.999   24.55 0.000   4.35 0.000  2.12 0.000
291.776840 291.790741 999.99 0.999 99.99 0.999 99.99 0.999    7.79 0.000  3.38 0.000  1.68 0.000   443.18 0.000  18.80 0.000   4.29 0.000 9 0.999 9 0.999 9 0.999    7.31 0.000  3.36 0.000  1.67 0.000   1.45 0.147  2.72 0.147  1.36 0.147   25.09 0.000   4.36 0.000  2.13 0.000
291.810301 291.824190 999.99 0.999 99.99 0.999 99.99 0.999    5.58 0.000  3.36 0.000  1.68 0.000   452.79 0.000  19.16 0.000   4.33 0.000 9 0.999 9 0.999 9 0.999    8.35 0.000  3.36 0.000  1.67 0.000   1.36 0.147  2.72 0.147  1.36 0.147   22.59 0.000   4.31 0.000  2.11 0.000
291.847905 291.861806 999.99 0.999 99.99 0.999 99.99 0.999    5.96 0.000  3.37 0.000  1.68 0.000   459.82 0.000  19.42 0.000   4.37 0.000 9 0.999 9 0.999 9 0.999    7.89 0.000  3.36 0.000  1.67 0.000   1.03 0.147  2.71 0.147  1.35 0.147   23.65 0.000   4.33 0.000  2.12 0.000
291.885579 291.899479 999.99 0.999 99.99 0.999 99.99 0.999    7.86 0.000  3.38 0.000  1.68 0.000   465.15 0.000  19.63 0.000   4.39 0.000 9 0.999 9 0.999 9 0.999    7.83 0.000  3.36 0.000  1.67 0.000   2.18 0.147  2.75 0.147  1.38 0.147   26.88 0.000   4.39 0.000  2.14 0.000
291.923241 291.937130 999.99 0.999 99.99 0.999 99.99 0.999    7.17 0.000  3.37 0.000  1.68 0.000   453.47 0.000  19.19 0.000   4.34 0.000 9 0.999 9 0.999 9 0.999    8.51 0.000  3.37 0.000  1.67 0.000   2.49 0.147  2.77 0.147  1.38 0.147   25.15 0.000   4.36 0.000  2.13 0.000
291.960845 291.974745   1.45 0.147  2.68 0.147  1.34 0.147    7.41 0.000  3.38 0.000  1.68 0.000   460.41 0.000  19.45 0.000   4.37 0.000 9 0.999 9 0.999 9 0.999    7.90 0.000  3.36 0.000  1.67 0.000   3.83 0.147  2.82 0.147  1.41 0.147   27.41 0.000   4.40 0.000  2.14 0.000
291.998449 292.012350 999.99 0.999 99.99 0.999 99.99 0.999    8.25 0.000  3.38 0.000  1.68 0.000   464.20 0.000  19.59 0.000   4.39 0.000 9 0.999 9 0.999 9 0.999    9.42 0.000  3.37 0.000  1.68 0.000 999.99 0.999 99.99 0.999 99.99 0.999   26.53 0.000   4.39 0.000  2.13 0.000
292.036076 292.049977 999.99 0.999 99.99 0.999 99.99 0.999 9999.99 0.999 99.99 0.999 99.99 0.999   454.05 0.000  19.21 0.000   4.34 0.000 9 0.999 9 0.999 9 0.999 9999.99 0.999 99.99 0.999 99.99 0.999   3.36 0.147  2.80 0.147  1.40 0.147   28.16 0.000   4.42 0.000  2.14 0.000
292.073669 292.087569 999.99 0.999 99.99 0.999 99.99 0.999    6.55 0.000  3.37 0.000  1.68 0.000   461.90 0.000  19.50 0.000   4.38 0.000 9 0.999 9 0.999 9 0.999    7.88 0.000  3.36 0.000  1.67 0.000 999.99 0.999 99.99 0.999 99.99 0.999   28.46 0.000   4.42 0.000  2.14 0.000
292.111262 292.125150 999.99 0.999 99.99 0.999 99.99 0.999    7.64 0.000  3.38 0.000  1.68 0.000   467.21 0.000  19.70 0.000   4.40 0.000 9 0.999 9 0.999 9 0.999    7.51 0.000  3.36 0.000  1.67 0.000 999.99 0.999 99.99 0.999 99.99 0.999   22.43 0.000   4.31 0.000  2.11 0.000
292.148843 292.162731 999.99 0.999 99.99 0.999 99.99 0.999    7.47 0.000  3.38 0.000  1.68 0.000   475.61 0.000  20.02 0.000   4.44 0.000 9 0.999 9 0.999 9 0.999    8.15 0.000  3.36 0.000  1.67 0.000 999.99 0.999 99.99 0.999 99.99 0.999   28.93 0.000   4.43 0.000  2.15 0.000
292.186447 292.200336 999.99 0.999 99.99 0.999 99.99 0.999    6.66 0.000  3.37 0.000  1.68 0.000   495.39 0.000  20.77 0.000   4.52 0.000 9 0.999 9 0.999 9 0.999    7.70 0.000  3.36 0.000  1.67 0.000 999.99 0.999 99.99 0.999 99.99 0.999   28.09 0.000   4.42 0.000  2.14 0.000
292.224051 292.237940 999.99 0.999 99.99 0.999 99.99 0.999    6.20 0.000  3.37 0.000  1.68 0.000   492.18 0.000  20.65 0.000   4.51 0.000 9 0.999 9 0.999 9 0.999    7.83 0.000  3.36 0.000  1.67 0.000   0.98 0.147  2.71 0.147  1.35 0.147   28.07 0.000   4.41 0.000  2.14 0.000
292.261632 292.275521 999.99 0.999 99.99 0.999 99.99 0.999    6.39 0.000  3.37 0.000  1.68 0.000   497.43 0.000  20.84 0.000   4.53 0.000 9 0.999 9 0.999 9 0.999    7.14 0.000  3.36 0.000  1.67 0.000 999.99 0.999 99.99 0.999 99.99 0.999   31.64 0.000   4.48 0.000  2.16 0.000
292.299213 292.313102 999.99 0.999 99.99 0.999 99.99 0.999    5.21 0.000  3.36 0.000  1.68 0.000   483.22 0.000  20.31 0.000   4.47 0.000 9 0.999 9 0.999 9 0.999    6.76 0.000  3.36 0.000  1.67 0.000 999.99 0.999 99.99 0.999 99.99 0.999   25.46 0.000   4.37 0.000  2.13 0.000
292.336817 292.350706 999.99 0.999 99.99 0.999 99.99 0.999    5.06 0.000  3.36 0.000  1.68 0.000   486.32 0.000  20.42 0.000   4.48 0.000 9 0.999 9 0.999 9 0.999    5.10 0.000  3.35 0.000  1.67 0.000 999.99 0.999 99.99 0.999 99.99 0.999   30.26 0.000   4.46 0.000  2.15 0.000
292.374410 292.388287 999.99 0.999 99.99 0.999 99.99 0.999    3.38 0.147  3.35 0.147  1.67 0.147   518.75 0.000  21.65 0.000   4.63 0.000 9 0.999 9 0.999 9 0.999    5.48 0.000  3.35 0.000  1.67 0.000 999.99 0.999 99.99 0.999 99.99 0.999   34.88 0.000   4.55 0.000  2.18 0.000
292.412014 292.425903 999.99 0.999 99.99 0.999 99.99 0.999    3.83 0.147  3.35 0.147  1.67 0.147   526.32 0.000  21.94 0.000   4.66 0.000 9 0.999 9 0.999 9 0.999    4.31 0.147  3.35 0.147  1.67 0.147 999.99 0.999 99.99 0.999 99.99 0.999   33.28 0.000   4.52 0.000  2.17 0.000
292.449618 292.463495 999.99 0.999 99.99 0.999 99.99 0.999    3.25 0.147  3.35 0.147  1.67 0.147   519.77 0.000  21.69 0.000   4.63 0.000 9 0.999 9 0.999 9 0.999    3.81 0.147  3.34 0.147  1.67 0.147 999.99 0.999 99.99 0.999 99.99 0.999   38.15 0.000   4.62 0.000  2.19 0.000
