RRS/CV0001G.20140101003925.20160823000000.online_gc..air.1y.1h.CV01L_Agilent_GC-FID_7890A_G3440A.CV01L_Manual_AIR_only.lev0.nas
105 1001
Punjabi, Shalini; Carpenter, Lucy
CV01L, National Institute of Meteorology and Geophysics, , , "Espargos, Ilha do Sal 76", , , , Cape Verde
Punjabi, Shalini
ACTRIS GAW-WDCGG-node
1 1
2014 01 01 2016 08 23
0
days from file reference point
37
1 1 1 1 1 1 1 1 1 1 1 1 1 1 1 1 1 1 1 1 1 1 1 1 1 1 1 1 1 1 1 1 1 1 1 1 1
999.999999 999.99 9.999 99.99 9.999 99.99 9.999 999.99 9.999 99.99 9.999 99.99 9.999 99999.99 9.999 999.99 9.999 999.99 9.999 9999.99 9.999 99.99 9.999 99.99 9.999 999.99 9.999 99.99 9.999 99.99 9.999 9999.99 9.999 999.99 9.999 99.99 9.999
end_time of measurement, days from the file reference point
2-methylbutane, pmol/mol, Statistics=arithmetic mean, Detection limit=4.0 pmol/mol
numflag 2-methylbutane, no unit, Statistics=arithmetic mean, Detection limit=4.0 pmol/mol
2-methylbutane, pmol/mol, Statistics=expanded uncertainty 2sigma
numflag 2-methylbutane, no unit, Statistics=expanded uncertainty 2sigma
2-methylbutane, pmol/mol, Statistics=precision
numflag 2-methylbutane, no unit, Statistics=precision
2-methylpropane, pmol/mol, Statistics=arithmetic mean, Detection limit=5.0 pmol/mol
numflag 2-methylpropane, no unit, Statistics=arithmetic mean, Detection limit=5.0 pmol/mol
2-methylpropane, pmol/mol, Statistics=expanded uncertainty 2sigma
numflag 2-methylpropane, no unit, Statistics=expanded uncertainty 2sigma
2-methylpropane, pmol/mol, Statistics=precision
numflag 2-methylpropane, no unit, Statistics=precision
ethane, pmol/mol, Statistics=arithmetic mean, Detection limit=7.0 pmol/mol
numflag ethane, no unit, Statistics=arithmetic mean, Detection limit=7.0 pmol/mol
ethane, pmol/mol, Statistics=expanded uncertainty 2sigma
numflag ethane, no unit, Statistics=expanded uncertainty 2sigma
ethane, pmol/mol, Statistics=precision
numflag ethane, no unit, Statistics=precision
n-butane, pmol/mol, Statistics=arithmetic mean, Detection limit=5.0 pmol/mol
numflag n-butane, no unit, Statistics=arithmetic mean, Detection limit=5.0 pmol/mol
n-butane, pmol/mol, Statistics=expanded uncertainty 2sigma
numflag n-butane, no unit, Statistics=expanded uncertainty 2sigma
n-butane, pmol/mol, Statistics=precision
numflag n-butane, no unit, Statistics=precision
n-pentane, pmol/mol, Statistics=arithmetic mean, Detection limit=4.0 pmol/mol
numflag n-pentane, no unit, Statistics=arithmetic mean, Detection limit=4.0 pmol/mol
n-pentane, pmol/mol, Statistics=expanded uncertainty 2sigma
numflag n-pentane, no unit, Statistics=expanded uncertainty 2sigma
n-pentane, pmol/mol, Statistics=precision
numflag n-pentane, no unit, Statistics=precision
propane, pmol/mol, Statistics=arithmetic mean, Detection limit=6.0 pmol/mol
numflag propane, no unit, Statistics=arithmetic mean, Detection limit=6.0 pmol/mol
propane, pmol/mol, Statistics=expanded uncertainty 2sigma
numflag propane, no unit, Statistics=expanded uncertainty 2sigma
propane, pmol/mol, Statistics=precision
numflag propane, no unit, Statistics=precision
0
54
Data definition:              EBAS_1.1
Set type code:                TI
Timezone:                     UTC
File name:                    CV0001G.20140101003925.20160823000000.online_gc..air.1y.1h.CV01L_Agilent_GC-FID_7890A_G3440A.CV01L_Manual_AIR_only.lev0.nas
File creation:                20200622165503
Startdate:                    20140101003925
[...]
Volume std. pressure:         1013.25 hPa
Detection limit expl.:        Determined by the derived standard deviation of the integrated area of baseline signal over a time interval equal to avg peak width, data below detection limits are flagged
Measurement uncertainty expl.: Includes reproducibility (precision) + systematic err
Zero/negative values:         Zero/negative filtered
Originator:                   Punjabi, Shalini, SHALINI.PUNJABI@YORK.AC.UK, National Centre for Atmospheric Science, NCAS, Wolfson Atmospheric Chemistry Laboratories, Innovation Way, , YO10 5DQ, York, Great Britain
Originator:                   Carpenter, Lucy, LUCY.CARPENTER@YORK.AC.UK, National Centre for Atmospheric Science, NCAS, Wolfson Atmospheric Chemistry Laboratories, Innovation Way, , YO10 5DQ, York, Great Britain
Submitter:                    Punjabi, Shalini, shalini.punjabi@york.ac.uk, National Centre for Atmospheric Science, NCAS, Wolfson Atmospheric Chemistry Laboratories, Innovation Way, , YO10 5DQ, York, Great Britain
Acknowledgement:              Request details from data originator
Comment:                      Initial H2O removal by cold fingers immers. in antifreeze mixture at -28C before acqust.involves 2th stage H2O rem by Sterling coolers at -40Cb before allowing it to pass through precon unit.
starttime endtime C5H12 flag_C5H12 C5H12 flag_C5H12 C5H12 flag_C5H12 C4H10 flag_C4H10 C4H10 flag_C4H10 C4H10 flag_C4H10 C2H6 flag_C2H6 C2H6 flag_C2H6 C2H6 flag_C2H6 C4H10 flag_C4H10 C4H10 flag_C4H10 C4H10 flag_C4H10 C5H12 flag_C5H12 C5H12 flag_C5H12 C5H12 flag_C5H12 C3H8 flag_C3H8 C3H8 flag_C3H8 C3H8 flag_C3H8
[from data line 3953]
281.541088 281.554977 999.99 0.999 99.99 0.999 99.99 0.999   2.19 0.147  3.34 0.147  1.67 0.147   596.08 0.000  25.78 0.000   4.97 0.000    4.14 0.147  3.35 0.147  1.67 0.147 999.99 0.999 99.99 0.999 99.99 0.999   45.00 0.000   4.80 0.000  2.23 0.000
281.578669 281.592558 999.99 0.999 99.99 0.999 99.99 0.999   3.97 0.147  3.35 0.147  1.68 0.147   596.75 0.000  25.80 0.000   4.97 0.000    5.18 0.000  3.35 0.000  1.67 0.000 999.99 0.999 99.99 0.999 99.99 0.999   41.64 0.000   4.72 0.000  2.21 0.000
281.616366 281.630255 999.99 0.999 99.99 0.999 99.99 0.999   2.34 0.147  3.34 0.147  1.67 0.147   580.45 0.000  25.15 0.000   4.90 0.000    5.10 0.000  3.35 0.000  1.67 0.000 999.99 0.999 99.99 0.999 99.99 0.999   35.67 0.000   4.58 0.000  2.18 0.000
281.653993 281.667894 999.99 0.999 99.99 0.999 99.99 0.999   3.67 0.147  3.35 0.147  1.67 0.147   594.02 0.000  25.69 0.000   4.96 0.000    5.05 0.000  3.35 0.000  1.67 0.000 999.99 0.999 99.99 0.999 99.99 0.999   43.96 0.000   4.77 0.000  2.22 0.000
281.691609 281.705509 999.99 0.999 99.99 0.999 99.99 0.999   2.31 0.147  3.34 0.147  1.67 0.147   594.08 0.000  25.70 0.000   4.96 0.000    6.25 0.000  3.35 0.000  1.67 0.000 999.99 0.999 99.99 0.999 99.99 0.999   48.47 0.000   4.88 0.000  2.24 0.000
281.729236 281.743113 999.99 0.999 99.99 0.999 99.99 0.999   3.30 0.147  3.35 0.147  1.67 0.147   596.08 0.000  25.78 0.000   4.97 0.000    4.95 0.147  3.35 0.147  1.67 0.147 999.99 0.999 99.99 0.999 99.99 0.999   41.93 0.000   4.72 0.000  2.21 0.000
281.766794 281.780683 999.99 0.999 99.99 0.999 99.99 0.999   2.91 0.147  3.35 0.147  1.67 0.147   590.76 0.000  25.56 0.000   4.94 0.000    6.15 0.000  3.35 0.000  1.67 0.000 999.99 0.999 99.99 0.999 99.99 0.999   44.22 0.000   4.78 0.000  2.22 0.000
281.804410 281.818310 999.99 0.999 99.99 0.999 99.99 0.999   3.71 0.147  3.35 0.147  1.67 0.147   582.51 0.000  25.23 0.000   4.91 0.000    6.80 0.000  3.36 0.000  1.67 0.000 999.99 0.999 99.99 0.999 99.99 0.999   47.96 0.000   4.87 0.000  2.24 0.000
281.842141 281.856042 999.99 0.999 99.99 0.999 99.99 0.999   4.38 0.147  3.36 0.147  1.68 0.147   608.68 0.000  26.28 0.000   5.02 0.000    6.80 0.000  3.36 0.000  1.67 0.000 999.99 0.999 99.99 0.999 99.99 0.999   48.49 0.000   4.88 0.000  2.24 0.000
281.879850 281.893750 999.99 0.999 99.99 0.999 99.99 0.999   3.14 0.147  3.35 0.147  1.67 0.147   595.48 0.000  25.75 0.000   4.97 0.000    6.76 0.000  3.36 0.000  1.67 0.000 999.99 0.999 99.99 0.999 99.99 0.999   47.92 0.000   4.87 0.000  2.24 0.000
281.917535 281.931424 999.99 0.999 99.99 0.999 99.99 0.999   4.20 0.147  3.36 0.147  1.68 0.147   604.70 0.000  26.12 0.000   5.01 0.000    6.59 0.000  3.36 0.000  1.67 0.000 999.99 0.999 99.99 0.999 99.99 0.999   43.08 0.000   4.75 0.000  2.22 0.000
281.955104 281.969005 999.99 0.999 99.99 0.999 99.99 0.999   2.76 0.147  3.35 0.147  1.67 0.147   597.74 0.000  25.84 0.000   4.98 0.000    5.18 0.000  3.35 0.000  1.67 0.000 999.99 0.999 99.99 0.999 99.99 0.999   43.37 0.000   4.76 0.000  2.22 0.000
281.992616 282.006528 999.99 0.999 99.99 0.999 99.99 0.999   4.20 0.147  3.36 0.147  1.68 0.147   586.66 0.000  25.40 0.000   4.93 0.000    6.11 0.000  3.35 0.000  1.67 0.000 999.99 0.999 99.99 0.999 99.99 0.999   42.16 0.000   4.73 0.000  2.21 0.000
282.030220 282.044120 999.99 0.999 99.99 0.999 99.99 0.999   4.39 0.147  3.36 0.147  1.68 0.147   594.81 0.000  25.72 0.000   4.96 0.000    6.22 0.000  3.35 0.000  1.67 0.000 999.99 0.999 99.99 0.999 99.99 0.999   40.43 0.000   4.69 0.000  2.20 0.000
282.067801 282.081701 999.99 0.999 99.99 0.999 99.99 0.999   4.05 0.147  3.35 0.147  1.68 0.147   586.03 0.000  25.37 0.000   4.92 0.000    5.41 0.000  3.35 0.000  1.67 0.000 999.99 0.999 99.99 0.999 99.99 0.999   41.51 0.000   4.71 0.000  2.21 0.000
282.105394 282.119282 999.99 0.999 99.99 0.999 99.99 0.999   4.36 0.147  3.36 0.147  1.68 0.147   585.79 0.000  25.36 0.000   4.92 0.000    5.93 0.000  3.35 0.000  1.67 0.000 999.99 0.999 99.99 0.999 99.99 0.999   41.07 0.000   4.70 0.000  2.21 0.000
282.142940 282.156840 999.99 0.999 99.99 0.999 99.99 0.999   3.51 0.147  3.35 0.147  1.67 0.147   578.49 0.000  25.07 0.000   4.89 0.000    6.35 0.000  3.35 0.000  1.67 0.000 999.99 0.999 99.99 0.999 99.99 0.999   39.26 0.000   4.66 0.000  2.20 0.000
282.180521 282.194421 999.99 0.999 99.99 0.999 99.99 0.999   3.50 0.147  3.35 0.147  1.67 0.147   580.59 0.000  25.15 0.000   4.90 0.000    5.77 0.000  3.35 0.000  1.67 0.000 999.99 0.999 99.99 0.999 99.99 0.999   39.03 0.000   4.66 0.000  2.20 0.000
282.218067 282.231968 999.99 0.999 99.99 0.999 99.99 0.999   3.09 0.147  3.35 0.147  1.67 0.147   576.76 0.000  25.00 0.000   4.88 0.000    5.50 0.000  3.35 0.000  1.67 0.000 999.99 0.999 99.99 0.999 99.99 0.999   39.78 0.000   4.67 0.000  2.20 0.000
282.255590 282.269491 999.99 0.999 99.99 0.999 99.99 0.999   4.58 0.147  3.36 0.147  1.68 0.147   567.65 0.000  24.63 0.000   4.84 0.000    4.94 0.147  3.35 0.147  1.67 0.147 999.99 0.999 99.99 0.999 99.99 0.999   39.37 0.000   4.66 0.000  2.20 0.000
282.293183 282.307072 999.99 0.999 99.99 0.999 99.99 0.999   4.59 0.147  3.36 0.147  1.68 0.147   572.95 0.000  24.85 0.000   4.87 0.000    7.03 0.000  3.36 0.000  1.67 0.000 999.99 0.999 99.99 0.999 99.99 0.999   41.36 0.000   4.71 0.000  2.21 0.000
282.330683 282.344583 999.99 0.999 99.99 0.999 99.99 0.999   4.21 0.147  3.36 0.147  1.68 0.147   576.01 0.000  24.97 0.000   4.88 0.000    6.52 0.000  3.36 0.000  1.67 0.000 999.99 0.999 99.99 0.999 99.99 0.999   42.07 0.000   4.73 0.000  2.21 0.000
282.368218 282.382118   2.79 0.147  2.69 0.147  1.34 0.147   3.89 0.147  3.35 0.147  1.67 0.147   573.99 0.000  24.89 0.000   4.87 0.000    5.48 0.000  3.35 0.000  1.67 0.000 999.99 0.999 99.99 0.999 99.99 0.999   39.71 0.000   4.67 0.000  2.20 0.000
282.405775 282.419676 999.99 0.999 99.99 0.999 99.99 0.999   4.15 0.147  3.35 0.147  1.68 0.147   570.99 0.000  24.77 0.000   4.86 0.000    5.59 0.000  3.35 0.000  1.67 0.000 999.99 0.999 99.99 0.999 99.99 0.999   39.38 0.000   4.66 0.000  2.20 0.000
282.443322 282.457222 999.99 0.999 99.99 0.999 99.99 0.999   3.40 0.147  3.35 0.147  1.67 0.147   567.17 0.000  24.61 0.000   4.84 0.000    3.47 0.147  3.34 0.147  1.67 0.147 999.99 0.999 99.99 0.999 99.99 0.999   38.31 0.000   4.64 0.000  2.19 0.000
282.480868 282.494757 999.99 0.999 99.99 0.999 99.99 0.999   3.45 0.147  3.35 0.147  1.67 0.147   572.38 0.000  24.82 0.000   4.86 0.000    5.37 0.000  3.35 0.000  1.67 0.000 999.99 0.999 99.99 0.999 99.99 0.999   38.20 0.000   4.64 0.000  2.19 0.000
282.518484 282.532373   6.25 0.000  2.73 0.000  1.36 0.000   3.00 0.147  3.35 0.147  1.67 0.147   564.29 0.000  24.50 0.000   4.83 0.000    6.18 0.000  3.35 0.000  1.67 0.000   1.81 0.147  2.74 0.147  1.37 0.147   36.52 0.000   4.60 0.000  2.18 0.000
282.556169 282.570081 999.99 0.999 99.99 0.999 99.99 0.999   3.09 0.147  3.35 0.147  1.67 0.147   569.70 0.000  24.72 0.000   4.85 0.000    5.18 0.000  3.35 0.000  1.67 0.000 999.99 0.999 99.99 0.999 99.99 0.999   38.63 0.000   4.65 0.000  2.19 0.000
282.594074 282.607986 999.99 0.999 99.99 0.999 99.99 0.999   2.85 0.147  3.35 0.147  1.67 0.147   561.05 0.000  24.37 0.000   4.81 0.000    3.69 0.147  3.34 0.147  1.67 0.147 999.99 0.999 99.99 0.999 99.99 0.999   40.07 0.000   4.68 0.000  2.20 0.000
282.632049 282.645949 999.99 0.999 99.99 0.999 99.99 0.999   2.81 0.147  3.35 0.147  1.67 0.147   551.39 0.000  23.98 0.000   4.77 0.000    2.87 0.147  3.34 0.147  1.67 0.147 999.99 0.999 99.99 0.999 99.99 0.999   35.75 0.000   4.58 0.000  2.18 0.000
282.669954 282.683854 999.99 0.999 99.99 0.999 99.99 0.999   2.28 0.147  3.34 0.147  1.67 0.147   548.25 0.000  23.85 0.000   4.76 0.000    3.33 0.147  3.34 0.147  1.67 0.147 999.99 0.999 99.99 0.999 99.99 0.999   35.06 0.000   4.57 0.000  2.18 0.000
282.707928 282.721829 999.99 0.999 99.99 0.999 99.99 0.999   1.86 0.147  3.34 0.147  1.67 0.147   545.69 0.000  23.75 0.000   4.75 0.000    2.85 0.147  3.34 0.147  1.67 0.147 999.99 0.999 99.99 0.999 99.99 0.999   35.08 0.000   4.57 0.000  2.18 0.000
282.745880 282.759769 999.99 0.999 99.99 0.999 99.99 0.999   1.77 0.147  3.34 0.147  1.67 0.147   542.01 0.000  23.60 0.000   4.73 0.000    4.18 0.147  3.35 0.147  1.67 0.147 999.99 0.999 99.99 0.999 99.99 0.999   38.11 0.000   4.64 0.000  2.19 0.000
282.783785 282.797685 999.99 0.999 99.99 0.999 99.99 0.999   2.69 0.147  3.35 0.147  1.67 0.147   545.04 0.000  23.73 0.000   4.74 0.000    3.04 0.147  3.34 0.147  1.67 0.147 999.99 0.999 99.99 0.999 99.99 0.999   37.49 0.000   4.62 0.000  2.19 0.000
282.821574 282.835475 999.99 0.999 99.99 0.999 99.99 0.999   1.40 0.147  3.34 0.147  1.67 0.147   536.25 0.000  23.37 0.000   4.70 0.000    1.78 0.147  3.34 0.147  1.67 0.147 999.99 0.999 99.99 0.999 99.99 0.999   35.61 0.000   4.58 0.000  2.18 0.000
282.859340 282.873229 999.99 0.999 99.99 0.999 99.99 0.999   3.01 0.147  3.35 0.147  1.67 0.147   534.09 0.000  23.29 0.000   4.69 0.000    2.27 0.147  3.34 0.147  1.67 0.147 999.99 0.999 99.99 0.999 99.99 0.999   33.99 0.000   4.55 0.000  2.17 0.000
282.896979 282.910891 999.99 0.999 99.99 0.999 99.99 0.999   1.60 0.147  3.34 0.147  1.67 0.147   529.41 0.000  23.10 0.000   4.67 0.000    2.20 0.147  3.34 0.147  1.67 0.147 999.99 0.999 99.99 0.999 99.99 0.999   32.09 0.000   4.51 0.000  2.16 0.000
282.934595 282.948495 999.99 0.999 99.99 0.999 99.99 0.999   1.98 0.147  3.34 0.147  1.67 0.147   526.11 0.000  22.97 0.000   4.66 0.000    2.35 0.147  3.34 0.147  1.67 0.147 999.99 0.999 99.99 0.999 99.99 0.999   31.97 0.000   4.50 0.000  2.16 0.000
282.972222 282.986111 999.99 0.999 99.99 0.999 99.99 0.999   1.94 0.147  3.34 0.147  1.67 0.147   531.97 0.000  23.20 0.000   4.68 0.000    3.41 0.147  3.34 0.147  1.67 0.147 999.99 0.999 99.99 0.999 99.99 0.999   36.86 0.000   4.61 0.000  2.19 0.000
283.009850 283.023750 999.99 0.999 99.99 0.999 99.99 0.999   2.87 0.147  3.35 0.147  1.67 0.147   535.49 0.000  23.34 0.000   4.70 0.000    3.01 0.147  3.34 0.147  1.67 0.147 999.99 0.999 99.99 0.999 99.99 0.999   35.55 0.000   4.58 0.000  2.18 0.000
283.047465 283.061366 999.99 0.999 99.99 0.999 99.99 0.999   2.84 0.147  3.35 0.147  1.67 0.147   538.07 0.000  23.45 0.000   4.71 0.000    3.70 0.147  3.34 0.147  1.67 0.147 999.99 0.999 99.99 0.999 99.99 0.999   33.78 0.000   4.54 0.000  2.17 0.000
283.085035 283.098924 999.99 0.999 99.99 0.999 99.99 0.999   2.38 0.147  3.34 0.147  1.67 0.147   548.99 0.000  23.88 0.000   4.76 0.000    2.50 0.147  3.34 0.147  1.67 0.147 999.99 0.999 99.99 0.999 99.99 0.999   40.18 0.000   4.68 0.000  2.20 0.000
283.122569 283.136470 999.99 0.999 99.99 0.999 99.99 0.999   2.07 0.147  3.34 0.147  1.67 0.147   552.46 0.000  24.02 0.000   4.78 0.000    4.50 0.147  3.35 0.147  1.67 0.147 999.99 0.999 99.99 0.999 99.99 0.999   42.08 0.000   4.73 0.000  2.21 0.000
283.160197 283.174086 999.99 0.999 99.99 0.999 99.99 0.999   2.22 0.147  3.34 0.147  1.67 0.147   542.38 0.000  23.62 0.000   4.73 0.000    3.73 0.147  3.34 0.147  1.67 0.147 999.99 0.999 99.99 0.999 99.99 0.999   37.40 0.000   4.62 0.000  2.19 0.000
283.197801 283.211701 999.99 0.999 99.99 0.999 99.99 0.999   2.45 0.147  3.35 0.147  1.67 0.147   533.41 0.000  23.26 0.000   4.69 0.000    3.87 0.147  3.34 0.147  1.67 0.147 999.99 0.999 99.99 0.999 99.99 0.999   39.43 0.000   4.67 0.000  2.20 0.000
283.235394 283.249282 999.99 0.999 99.99 0.999 99.99 0.999   2.46 0.147  3.35 0.147  1.67 0.147   535.20 0.000  23.33 0.000   4.70 0.000    3.12 0.147  3.34 0.147  1.67 0.147 999.99 0.999 99.99 0.999 99.99 0.999   35.13 0.000   4.57 0.000  2.18 0.000
283.272928 283.286829 999.99 0.999 99.99 0.999 99.99 0.999   2.00 0.147  3.34 0.147  1.67 0.147   528.32 0.000  23.06 0.000   4.67 0.000    3.57 0.147  3.34 0.147  1.67 0.147 999.99 0.999 99.99 0.999 99.99 0.999   37.92 0.000   4.63 0.000  2.19 0.000
283.310440 283.324317 999.99 0.999 99.99 0.999 99.99 0.999   4.18 0.147  3.35 0.147  1.68 0.147   520.97 0.000  22.76 0.000   4.64 0.000    2.82 0.147  3.34 0.147  1.67 0.147 999.99 0.999 99.99 0.999 99.99 0.999   34.79 0.000   4.56 0.000  2.17 0.000
283.347975 283.361863   2.83 0.147  2.69 0.147  1.34 0.147   2.80 0.147  3.35 0.147  1.67 0.147   509.58 0.000  22.31 0.000   4.59 0.000    3.30 0.147  3.34 0.147  1.67 0.147 999.99 0.999 99.99 0.999 99.99 0.999   31.88 0.000   4.50 0.000  2.16 0.000
283.385463 283.399363 999.99 0.999 99.99 0.999 99.99 0.999   1.89 0.147  3.34 0.147  1.67 0.147   504.83 0.000  22.12 0.000   4.56 0.000    2.92 0.147  3.34 0.147  1.67 0.147 999.99 0.999 99.99 0.999 99.99 0.999   32.95 0.000   4.52 0.000  2.17 0.000
283.422986 283.436875 999.99 0.999 99.99 0.999 99.99 0.999   3.76 0.147  3.35 0.147  1.67 0.147   494.41 0.000  21.70 0.000   4.52 0.000    4.11 0.147  3.35 0.147  1.67 0.147   1.31 0.147  2.72 0.147  1.36 0.147   29.00 0.000   4.44 0.000  2.15 0.000
283.460579 283.474479   2.07 0.147  2.68 0.147  1.34 0.147   1.90 0.147  3.34 0.147  1.67 0.147   499.63 0.000  21.91 0.000   4.54 0.000    1.85 0.147  3.34 0.147  1.67 0.147   1.71 0.147  2.74 0.147  1.37 0.147   30.61 0.000   4.48 0.000  2.15 0.000
283.498183 283.512083   6.74 0.000  2.74 0.000  1.36 0.000   3.42 0.147  3.35 0.147  1.67 0.147   490.80 0.000  21.55 0.000   4.50 0.000    5.23 0.000  3.35 0.000  1.67 0.000   3.45 0.147  2.81 0.147  1.40 0.147   30.02 0.000   4.46 0.000  2.15 0.000
283.535833 283.549722   2.75 0.147  2.69 0.147  1.34 0.147   3.36 0.147  3.35 0.147  1.67 0.147   479.88 0.000  21.12 0.000   4.45 0.000    2.16 0.147  3.34 0.147  1.67 0.147 999.99 0.999 99.99 0.999 99.99 0.999   26.76 0.000   4.40 0.000  2.13 0.000
283.573542 283.587442 999.99 0.999 99.99 0.999 99.99 0.999   1.98 0.147  3.34 0.147  1.67 0.147   480.44 0.000  21.14 0.000   4.46 0.000    2.21 0.147  3.34 0.147  1.67 0.147 999.99 0.999 99.99 0.999 99.99 0.999   26.20 0.000   4.39 0.000  2.13 0.000
283.611424 283.625301 999.99 0.999 99.99 0.999 99.99 0.999   1.58 0.147  3.34 0.147  1.67 0.147   461.71 0.000  20.39 0.000   4.37 0.000 9999.99 0.999 99.99 0.999 99.99 0.999 999.99 0.999 99.99 0.999 99.99 0.999   24.28 0.000   4.35 0.000  2.12 0.000
283.649398 283.663287 999.99 0.999 99.99 0.999 99.99 0.999   1.42 0.147  3.34 0.147  1.67 0.147   464.52 0.000  20.51 0.000   4.39 0.000    2.20 0.147  3.34 0.147  1.67 0.147 999.99 0.999 99.99 0.999 99.99 0.999   21.53 0.000   4.30 0.000  2.11 0.000
283.687338 283.701227 999.99 0.999 99.99 0.999 99.99 0.999 999.99 0.999 99.99 0.999 99.99 0.999   462.77 0.000  20.44 0.000   4.38 0.000    1.50 0.147  3.34 0.147  1.67 0.147 999.99 0.999 99.99 0.999 99.99 0.999   23.92 0.000   4.35 0.000  2.12 0.000
283.725127 283.739016 999.99 0.999 99.99 0.999 99.99 0.999   1.91 0.147  3.34 0.147  1.67 0.147   462.55 0.000  20.43 0.000   4.38 0.000 9999.99 0.999 99.99 0.999 99.99 0.999 999.99 0.999 99.99 0.999 99.99 0.999   25.32 0.000   4.37 0.000  2.13 0.000
283.762975 283.776863 999.99 0.999 99.99 0.999 99.99 0.999 999.99 0.999 99.99 0.999 99.99 0.999   462.68 0.000  20.43 0.000   4.38 0.000    0.93 0.147  3.34 0.147  1.67 0.147 999.99 0.999 99.99 0.999 99.99 0.999   23.96 0.000   4.35 0.000  2.12 0.000
283.800856 283.814757 999.99 0.999 99.99 0.999 99.99 0.999   0.97 0.147  3.34 0.147  1.67 0.147   459.42 0.000  20.30 0.000   4.36 0.000    1.26 0.147  3.34 0.147  1.67 0.147 999.99 0.999 99.99 0.999 99.99 0.999   21.01 0.000   4.29 0.000  2.11 0.000
283.838576 283.852477 999.99 0.999 99.99 0.999 99.99 0.999   1.69 0.147  3.34 0.147  1.67 0.147   462.33 0.000  20.42 0.000   4.38 0.000    2.27 0.147  3.34 0.147  1.67 0.147 999.99 0.999 99.99 0.999 99.99 0.999   22.83 0.000   4.33 0.000  2.11 0.000
