RRS/CV0001G.20140101003925.20160823000000.online_gc..air.1y.1h.CV01L_Agilent_GC-FID_7890A_G3440A.CV01L_Manual_AIR_only.lev0.nas
105 1001
Punjabi, Shalini; Carpenter, Lucy
CV01L, National Institute of Meteorology and Geophysics, , , "Espargos, Ilha do Sal 76", , , , Cape Verde
Punjabi, Shalini
ACTRIS GAW-WDCGG-node
1 1
2014 01 01 2016 08 23
0
days from file reference point
37
1 1 1 1 1 1 1 1 1 1 1 1 1 1 1 1 1 1 1 1 1 1 1 1 1 1 1 1 1 1 1 1 1 1 1 1 1
999.999999 999.99 9.999 99.99 9.999 99.99 9.999 999.99 9.999 99.99 9.999 99.99 9.999 99999.99 9.999 999.99 9.999 999.99 9.999 9999.99 9.999 99.99 9.999 99.99 9.999 999.99 9.999 99.99 9.999 99.99 9.999 9999.99 9.999 999.99 9.999 99.99 9.999
end_time of measurement, days from the file reference point
2-methylbutane, pmol/mol, Statistics=arithmetic mean, Detection limit=4.0 pmol/mol
numflag 2-methylbutane, no unit, Statistics=arithmetic mean, Detection limit=4.0 pmol/mol
2-methylbutane, pmol/mol, Statistics=expanded uncertainty 2sigma
numflag 2-methylbutane, no unit, Statistics=expanded uncertainty 2sigma
2-methylbutane, pmol/mol, Statistics=precision
numflag 2-methylbutane, no unit, Statistics=precision
2-methylpropane, pmol/mol, Statistics=arithmetic mean, Detection limit=5.0 pmol/mol
numflag 2-methylpropane, no unit, Statistics=arithmetic mean, Detection limit=5.0 pmol/mol
2-methylpropane, pmol/mol, Statistics=expanded uncertainty 2sigma
numflag 2-methylpropane, no unit, Statistics=expanded uncertainty 2sigma
2-methylpropane, pmol/mol, Statistics=precision
numflag 2-methylpropane, no unit, Statistics=precision
ethane, pmol/mol, Statistics=arithmetic mean, Detection limit=7.0 pmol/mol
numflag ethane, no unit, Statistics=arithmetic mean, Detection limit=7.0 pmol/mol
ethane, pmol/mol, Statistics=expanded uncertainty 2sigma
numflag ethane, no unit, Statistics=expanded uncertainty 2sigma
ethane, pmol/mol, Statistics=precision
numflag ethane, no unit, Statistics=precision
n-butane, pmol/mol, Statistics=arithmetic mean, Detection limit=5.0 pmol/mol
numflag n-butane, no unit, Statistics=arithmetic mean, Detection limit=5.0 pmol/mol
n-butane, pmol/mol, Statistics=expanded uncertainty 2sigma
numflag n-butane, no unit, Statistics=expanded uncertainty 2sigma
n-butane, pmol/mol, Statistics=precision
numflag n-butane, no unit, Statistics=precision
n-pentane, pmol/mol, Statistics=arithmetic mean, Detection limit=4.0 pmol/mol
numflag n-pentane, no unit, Statistics=arithmetic mean, Detection limit=4.0 pmol/mol
n-pentane, pmol/mol, Statistics=expanded uncertainty 2sigma
numflag n-pentane, no unit, Statistics=expanded uncertainty 2sigma
n-pentane, pmol/mol, Statistics=precision
numflag n-pentane, no unit, Statistics=precision
propane, pmol/mol, Statistics=arithmetic mean, Detection limit=6.0 pmol/mol
numflag propane, no unit, Statistics=arithmetic mean, Detection limit=6.0 pmol/mol
propane, pmol/mol, Statistics=expanded uncertainty 2sigma
numflag propane, no unit, Statistics=expanded uncertainty 2sigma
propane, pmol/mol, Statistics=precision
numflag propane, no unit, Statistics=precision
0
54
Data definition:              EBAS_1.1
Set type code:                TI
Timezone:                     UTC
File name:                    CV0001G.20140101003925.20160823000000.online_gc..air.1y.1h.CV01L_Agilent_GC-FID_7890A_G3440A.CV01L_Manual_AIR_only.lev0.nas
File creation:                20200622165503
Startdate:                    20140101003925
[...]
Volume std. pressure:         1013.25 hPa
Detection limit expl.:        Determined by the derived standard deviation of the integrated area of baseline signal over a time interval equal to avg peak width, data below detection limits are flagged
Measurement uncertainty expl.: Includes reproducibility (precision) + systematic err
Zero/negative values:         Zero/negative filtered
Originator:                   Punjabi, Shalini, SHALINI.PUNJABI@YORK.AC.UK, National Centre for Atmospheric Science, NCAS, Wolfson Atmospheric Chemistry Laboratories, Innovation Way, , YO10 5DQ, York, Great Britain
Originator:                   Carpenter, Lucy, LUCY.CARPENTER@YORK.AC.UK, National Centre for Atmospheric Science, NCAS, Wolfson Atmospheric Chemistry Laboratories, Innovation Way, , YO10 5DQ, York, Great Britain
Submitter:                    Punjabi, Shalini, shalini.punjabi@york.ac.uk, National Centre for Atmospheric Science, NCAS, Wolfson Atmospheric Chemistry Laboratories, Innovation Way, , YO10 5DQ, York, Great Britain
Acknowledgement:              Request details from data originator
Comment:                      Initial H2O removal by cold fingers immers. in antifreeze mixture at -28C before acqust.involves 2th stage H2O rem by Sterling coolers at -40Cb before allowing it to pass through precon unit.
starttime endtime C5H12 flag_C5H12 C5H12 flag_C5H12 C5H12 flag_C5H12 C4H10 flag_C4H10 C4H10 flag_C4H10 C4H10 flag_C4H10 C2H6 flag_C2H6 C2H6 flag_C2H6 C2H6 flag_C2H6 C4H10 flag_C4H10 C4H10 flag_C4H10 C4H10 flag_C4H10 C5H12 flag_C5H12 C5H12 flag_C5H12 C5H12 flag_C5H12 C3H8 flag_C3H8 C3H8 flag_C3H8 C3H8 flag_C3H8
[from data line 2933]
237.740116 237.754016 999.99 0.999 99.99 0.999 99.99 0.999   3.80 0.147  3.35 0.147  1.67 0.147   524.68 0.000  22.91 0.000   4.65 0.000    7.20 0.000  3.36 0.000  1.67 0.000 999.99 0.999 99.99 0.999 99.99 0.999   16.03 0.000   4.21 0.000  2.08 0.000
237.777870 237.791771 999.99 0.999 99.99 0.999 99.99 0.999   4.74 0.147  3.36 0.147  1.68 0.147   512.29 0.000  22.41 0.000   4.60 0.000    6.70 0.000  3.36 0.000  1.67 0.000 999.99 0.999 99.99 0.999 99.99 0.999   18.95 0.000   4.26 0.000  2.10 0.000
237.815590 237.829479 999.99 0.999 99.99 0.999 99.99 0.999   5.49 0.000  3.36 0.000  1.68 0.000   516.66 0.000  22.59 0.000   4.62 0.000    6.15 0.000  3.35 0.000  1.67 0.000 999.99 0.999 99.99 0.999 99.99 0.999   18.62 0.000   4.25 0.000  2.09 0.000
237.853229 237.867118 999.99 0.999 99.99 0.999 99.99 0.999   3.35 0.147  3.35 0.147  1.67 0.147   515.03 0.000  22.52 0.000   4.61 0.000    6.59 0.000  3.36 0.000  1.67 0.000 999.99 0.999 99.99 0.999 99.99 0.999   18.83 0.000   4.26 0.000  2.09 0.000
237.890833 237.904722 999.99 0.999 99.99 0.999 99.99 0.999   1.22 0.147  3.34 0.147  1.67 0.147   514.62 0.000  22.51 0.000   4.61 0.000    4.90 0.147  3.35 0.147  1.67 0.147 999.99 0.999 99.99 0.999 99.99 0.999   15.63 0.000   4.20 0.000  2.08 0.000
237.928391 237.942292 999.99 0.999 99.99 0.999 99.99 0.999   3.51 0.147  3.35 0.147  1.67 0.147   516.49 0.000  22.58 0.000   4.62 0.000    4.38 0.147  3.35 0.147  1.67 0.147 999.99 0.999 99.99 0.999 99.99 0.999   17.37 0.000   4.23 0.000  2.09 0.000
237.965961 237.979861 999.99 0.999 99.99 0.999 99.99 0.999   3.88 0.147  3.35 0.147  1.67 0.147   513.04 0.000  22.44 0.000   4.60 0.000    5.31 0.000  3.35 0.000  1.67 0.000 999.99 0.999 99.99 0.999 99.99 0.999   16.53 0.000   4.22 0.000  2.08 0.000
238.003472 238.017373 999.99 0.999 99.99 0.999 99.99 0.999   3.11 0.147  3.35 0.147  1.67 0.147   507.10 0.000  22.21 0.000   4.57 0.000    6.72 0.000  3.36 0.000  1.67 0.000 999.99 0.999 99.99 0.999 99.99 0.999   21.42 0.000   4.30 0.000  2.11 0.000
238.040995 238.054884 999.99 0.999 99.99 0.999 99.99 0.999   2.31 0.147  3.34 0.147  1.67 0.147   514.11 0.000  22.49 0.000   4.61 0.000    5.31 0.000  3.35 0.000  1.67 0.000 999.99 0.999 99.99 0.999 99.99 0.999   18.40 0.000   4.25 0.000  2.09 0.000
238.078507 238.092396 999.99 0.999 99.99 0.999 99.99 0.999   2.08 0.147  3.34 0.147  1.67 0.147   511.98 0.000  22.40 0.000   4.60 0.000    3.85 0.147  3.34 0.147  1.67 0.147 999.99 0.999 99.99 0.999 99.99 0.999   19.46 0.000   4.27 0.000  2.10 0.000
238.116019 238.129919 999.99 0.999 99.99 0.999 99.99 0.999   3.51 0.147  3.35 0.147  1.67 0.147   514.94 0.000  22.52 0.000   4.61 0.000    6.28 0.000  3.35 0.000  1.67 0.000 999.99 0.999 99.99 0.999 99.99 0.999   20.97 0.000   4.29 0.000  2.11 0.000
238.153542 238.167431 999.99 0.999 99.99 0.999 99.99 0.999   1.96 0.147  3.34 0.147  1.67 0.147   510.40 0.000  22.34 0.000   4.59 0.000    4.27 0.147  3.35 0.147  1.67 0.147 999.99 0.999 99.99 0.999 99.99 0.999   19.37 0.000   4.26 0.000  2.10 0.000
238.190995 238.204896 999.99 0.999 99.99 0.999 99.99 0.999   3.27 0.147  3.35 0.147  1.67 0.147   515.98 0.000  22.56 0.000   4.61 0.000    4.66 0.147  3.35 0.147  1.67 0.147 999.99 0.999 99.99 0.999 99.99 0.999   20.52 0.000   4.28 0.000  2.10 0.000
238.228461 238.242361 999.99 0.999 99.99 0.999 99.99 0.999   4.81 0.147  3.36 0.147  1.68 0.147   507.67 0.000  22.23 0.000   4.58 0.000    5.97 0.000  3.35 0.000  1.67 0.000 999.99 0.999 99.99 0.999 99.99 0.999   21.57 0.000   4.30 0.000  2.11 0.000
238.265914 238.279803 999.99 0.999 99.99 0.999 99.99 0.999   2.57 0.147  3.35 0.147  1.67 0.147   514.60 0.000  22.51 0.000   4.61 0.000    4.60 0.147  3.35 0.147  1.67 0.147 999.99 0.999 99.99 0.999 99.99 0.999   18.42 0.000   4.25 0.000  2.09 0.000
238.303368 238.317280 999.99 0.999 99.99 0.999 99.99 0.999   3.77 0.147  3.35 0.147  1.67 0.147   518.27 0.000  22.65 0.000   4.62 0.000    5.40 0.000  3.35 0.000  1.67 0.000 999.99 0.999 99.99 0.999 99.99 0.999   20.86 0.000   4.29 0.000  2.10 0.000
238.340799 238.354699 999.99 0.999 99.99 0.999 99.99 0.999   2.27 0.147  3.34 0.147  1.67 0.147   528.44 0.000  23.06 0.000   4.67 0.000    4.44 0.147  3.35 0.147  1.67 0.147 999.99 0.999 99.99 0.999 99.99 0.999   17.99 0.000   4.24 0.000  2.09 0.000
238.378206 238.392106 999.99 0.999 99.99 0.999 99.99 0.999   3.76 0.147  3.35 0.147  1.67 0.147   521.53 0.000  22.78 0.000   4.64 0.000    5.47 0.000  3.35 0.000  1.67 0.000 999.99 0.999 99.99 0.999 99.99 0.999   21.02 0.000   4.29 0.000  2.11 0.000
238.415625 238.429514 999.99 0.999 99.99 0.999 99.99 0.999   1.99 0.147  3.34 0.147  1.67 0.147   512.49 0.000  22.42 0.000   4.60 0.000    8.08 0.000  3.36 0.000  1.67 0.000 999.99 0.999 99.99 0.999 99.99 0.999   17.19 0.000   4.23 0.000  2.09 0.000
238.453044 238.466944 999.99 0.999 99.99 0.999 99.99 0.999   2.73 0.147  3.35 0.147  1.67 0.147   527.59 0.000  23.03 0.000   4.67 0.000    5.18 0.000  3.35 0.000  1.67 0.000 999.99 0.999 99.99 0.999 99.99 0.999   21.37 0.000   4.30 0.000  2.11 0.000
238.490498 238.504398 999.99 0.999 99.99 0.999 99.99 0.999   2.10 0.147  3.34 0.147  1.67 0.147   525.78 0.000  22.95 0.000   4.66 0.000    3.19 0.147  3.34 0.147  1.67 0.147 999.99 0.999 99.99 0.999 99.99 0.999   16.75 0.000   4.22 0.000  2.08 0.000
238.527998 238.541910   2.11 0.147  2.69 0.147  1.34 0.147   2.96 0.147  3.35 0.147  1.67 0.147   521.07 0.000  22.77 0.000   4.64 0.000    4.83 0.147  3.35 0.147  1.67 0.147 999.99 0.999 99.99 0.999 99.99 0.999   18.57 0.000   4.25 0.000  2.09 0.000
238.565579 238.579468 999.99 0.999 99.99 0.999 99.99 0.999   2.31 0.147  3.34 0.147  1.67 0.147   520.76 0.000  22.75 0.000   4.64 0.000    4.27 0.147  3.35 0.147  1.67 0.147   2.34 0.147  2.76 0.147  1.38 0.147   21.26 0.000   4.30 0.000  2.11 0.000
238.603333 238.617222 999.99 0.999 99.99 0.999 99.99 0.999   2.13 0.147  3.34 0.147  1.67 0.147   518.43 0.000  22.66 0.000   4.62 0.000    3.48 0.147  3.34 0.147  1.67 0.147 999.99 0.999 99.99 0.999 99.99 0.999   18.75 0.000   4.25 0.000  2.09 0.000
238.641215 238.655104 999.99 0.999 99.99 0.999 99.99 0.999   2.53 0.147  3.35 0.147  1.67 0.147   509.27 0.000  22.29 0.000   4.58 0.000    3.33 0.147  3.34 0.147  1.67 0.147 999.99 0.999 99.99 0.999 99.99 0.999   19.50 0.000   4.27 0.000  2.10 0.000
238.679248 238.693137 999.99 0.999 99.99 0.999 99.99 0.999   2.54 0.147  3.35 0.147  1.67 0.147   494.08 0.000  21.69 0.000   4.52 0.000    3.23 0.147  3.34 0.147  1.67 0.147 999.99 0.999 99.99 0.999 99.99 0.999   22.17 0.000   4.31 0.000  2.11 0.000
238.717303 238.731204 999.99 0.999 99.99 0.999 99.99 0.999   3.10 0.147  3.35 0.147  1.67 0.147   501.31 0.000  21.97 0.000   4.55 0.000    4.24 0.147  3.35 0.147  1.67 0.147 999.99 0.999 99.99 0.999 99.99 0.999   22.59 0.000   4.32 0.000  2.11 0.000
238.755428 238.769329 999.99 0.999 99.99 0.999 99.99 0.999   3.15 0.147  3.35 0.147  1.67 0.147   492.85 0.000  21.64 0.000   4.51 0.000    3.91 0.147  3.34 0.147  1.67 0.147   1.45 0.147  2.72 0.147  1.36 0.147   17.49 0.000   4.23 0.000  2.09 0.000
238.793484 238.807384 999.99 0.999 99.99 0.999 99.99 0.999   3.81 0.147  3.35 0.147  1.67 0.147   496.04 0.000  21.76 0.000   4.53 0.000    4.95 0.147  3.35 0.147  1.67 0.147 999.99 0.999 99.99 0.999 99.99 0.999   23.23 0.000   4.33 0.000  2.12 0.000
238.831447 238.845336 999.99 0.999 99.99 0.999 99.99 0.999   3.64 0.147  3.35 0.147  1.67 0.147   501.35 0.000  21.98 0.000   4.55 0.000    3.95 0.147  3.34 0.147  1.67 0.147 999.99 0.999 99.99 0.999 99.99 0.999   16.45 0.000   4.22 0.000  2.08 0.000
238.869329 238.883229 999.99 0.999 99.99 0.999 99.99 0.999   4.83 0.147  3.36 0.147  1.68 0.147   488.40 0.000  21.46 0.000   4.49 0.000    4.72 0.147  3.35 0.147  1.67 0.147 999.99 0.999 99.99 0.999 99.99 0.999   18.78 0.000   4.25 0.000  2.09 0.000
238.907130 238.921030 999.99 0.999 99.99 0.999 99.99 0.999   2.91 0.147  3.35 0.147  1.67 0.147   503.03 0.000  22.04 0.000   4.56 0.000    5.60 0.000  3.35 0.000  1.67 0.000 999.99 0.999 99.99 0.999 99.99 0.999   21.32 0.000   4.30 0.000  2.11 0.000
238.944884 238.958785 999.99 0.999 99.99 0.999 99.99 0.999   3.37 0.147  3.35 0.147  1.67 0.147   498.20 0.000  21.85 0.000   4.54 0.000    6.06 0.000  3.35 0.000  1.67 0.000 999.99 0.999 99.99 0.999 99.99 0.999   16.55 0.000   4.22 0.000  2.08 0.000
238.982546 238.996458 999.99 0.999 99.99 0.999 99.99 0.999   3.99 0.147  3.35 0.147  1.68 0.147   496.77 0.000  21.79 0.000   4.53 0.000    5.08 0.000  3.35 0.000  1.67 0.000 999.99 0.999 99.99 0.999 99.99 0.999   16.58 0.000   4.22 0.000  2.08 0.000
239.020174 239.034074 999.99 0.999 99.99 0.999 99.99 0.999   3.32 0.147  3.35 0.147  1.67 0.147   490.49 0.000  21.54 0.000   4.50 0.000    4.85 0.147  3.35 0.147  1.67 0.147 999.99 0.999 99.99 0.999 99.99 0.999   18.17 0.000   4.24 0.000  2.09 0.000
239.057789 239.071678 999.99 0.999 99.99 0.999 99.99 0.999   3.76 0.147  3.35 0.147  1.67 0.147   482.27 0.000  21.21 0.000   4.47 0.000    5.62 0.000  3.35 0.000  1.67 0.000 999.99 0.999 99.99 0.999 99.99 0.999   19.27 0.000   4.26 0.000  2.10 0.000
239.095370 239.109271 999.99 0.999 99.99 0.999 99.99 0.999   3.84 0.147  3.35 0.147  1.67 0.147   479.63 0.000  21.11 0.000   4.45 0.000    6.19 0.000  3.35 0.000  1.67 0.000 999.99 0.999 99.99 0.999 99.99 0.999   17.07 0.000   4.23 0.000  2.09 0.000
239.132975 239.146875 999.99 0.999 99.99 0.999 99.99 0.999   4.02 0.147  3.35 0.147  1.68 0.147   482.27 0.000  21.21 0.000   4.47 0.000    4.50 0.147  3.35 0.147  1.67 0.147 999.99 0.999 99.99 0.999 99.99 0.999   19.34 0.000   4.26 0.000  2.10 0.000
239.170544 239.184433 999.99 0.999 99.99 0.999 99.99 0.999   3.94 0.147  3.35 0.147  1.68 0.147   481.90 0.000  21.20 0.000   4.46 0.000    3.37 0.147  3.34 0.147  1.67 0.147 999.99 0.999 99.99 0.999 99.99 0.999   14.30 0.000   4.18 0.000  2.07 0.000
239.208067 239.221968 999.99 0.999 99.99 0.999 99.99 0.999   4.02 0.147  3.35 0.147  1.68 0.147   471.14 0.000  20.77 0.000   4.42 0.000    4.63 0.147  3.35 0.147  1.67 0.147 999.99 0.999 99.99 0.999 99.99 0.999   16.60 0.000   4.22 0.000  2.08 0.000
239.245613 239.259502 999.99 0.999 99.99 0.999 99.99 0.999   3.43 0.147  3.35 0.147  1.67 0.147   469.40 0.000  20.70 0.000   4.41 0.000    4.46 0.147  3.35 0.147  1.67 0.147 999.99 0.999 99.99 0.999 99.99 0.999   17.36 0.000   4.23 0.000  2.09 0.000
239.283160 239.297060 999.99 0.999 99.99 0.999 99.99 0.999   3.34 0.147  3.35 0.147  1.67 0.147   478.10 0.000  21.05 0.000   4.45 0.000    5.02 0.000  3.35 0.000  1.67 0.000 999.99 0.999 99.99 0.999 99.99 0.999   16.19 0.000   4.21 0.000  2.08 0.000
239.320729 239.334641 999.99 0.999 99.99 0.999 99.99 0.999   2.86 0.147  3.35 0.147  1.67 0.147   476.23 0.000  20.97 0.000   4.44 0.000    5.34 0.000  3.35 0.000  1.67 0.000 999.99 0.999 99.99 0.999 99.99 0.999   19.71 0.000   4.27 0.000  2.10 0.000
240.021424 240.035324 999.99 0.999 99.99 0.999 99.99 0.999   2.93 0.147  3.35 0.147  1.67 0.147   445.04 0.000  19.73 0.000   4.30 0.000    4.51 0.147  3.35 0.147  1.67 0.147 999.99 0.999 99.99 0.999 99.99 0.999   16.43 0.000   4.22 0.000  2.08 0.000
240.059016 240.072905 999.99 0.999 99.99 0.999 99.99 0.999   2.34 0.147  3.34 0.147  1.67 0.147   482.77 0.000  21.23 0.000   4.47 0.000    4.79 0.147  3.35 0.147  1.67 0.147 999.99 0.999 99.99 0.999 99.99 0.999   16.58 0.000   4.22 0.000  2.08 0.000
240.096539 240.110440 999.99 0.999 99.99 0.999 99.99 0.999   2.12 0.147  3.34 0.147  1.67 0.147   479.94 0.000  21.12 0.000   4.45 0.000    3.01 0.147  3.34 0.147  1.67 0.147 999.99 0.999 99.99 0.999 99.99 0.999   20.04 0.000   4.28 0.000  2.10 0.000
240.134051 240.147940 999.99 0.999 99.99 0.999 99.99 0.999   2.55 0.147  3.35 0.147  1.67 0.147   478.92 0.000  21.08 0.000   4.45 0.000    2.54 0.147  3.34 0.147  1.67 0.147 999.99 0.999 99.99 0.999 99.99 0.999   14.18 0.000   4.18 0.000  2.07 0.000
240.171539 240.185440 999.99 0.999 99.99 0.999 99.99 0.999   3.24 0.147  3.35 0.147  1.67 0.147   476.91 0.000  21.00 0.000   4.44 0.000    2.60 0.147  3.34 0.147  1.67 0.147 999.99 0.999 99.99 0.999 99.99 0.999   15.59 0.000   4.20 0.000  2.08 0.000
240.209005 240.222905 999.99 0.999 99.99 0.999 99.99 0.999   2.16 0.147  3.34 0.147  1.67 0.147   492.89 0.000  21.64 0.000   4.51 0.000    5.05 0.000  3.35 0.000  1.67 0.000 999.99 0.999 99.99 0.999 99.99 0.999   15.88 0.000   4.21 0.000  2.08 0.000
240.246424 240.260324 999.99 0.999 99.99 0.999 99.99 0.999   3.57 0.147  3.35 0.147  1.67 0.147   502.08 0.000  22.01 0.000   4.55 0.000    7.15 0.000  3.36 0.000  1.67 0.000 999.99 0.999 99.99 0.999 99.99 0.999   23.53 0.000   4.34 0.000  2.12 0.000
240.283866 240.297766 999.99 0.999 99.99 0.999 99.99 0.999   3.12 0.147  3.35 0.147  1.67 0.147   518.28 0.000  22.65 0.000   4.62 0.000    5.16 0.000  3.35 0.000  1.67 0.000 999.99 0.999 99.99 0.999 99.99 0.999   17.69 0.000   4.24 0.000  2.09 0.000
240.321296 240.335197 999.99 0.999 99.99 0.999 99.99 0.999   3.46 0.147  3.35 0.147  1.67 0.147   518.20 0.000  22.65 0.000   4.62 0.000    1.12 0.147  3.34 0.147  1.67 0.147 999.99 0.999 99.99 0.999 99.99 0.999   18.78 0.000   4.25 0.000  2.09 0.000
240.358727 240.372616 999.99 0.999 99.99 0.999 99.99 0.999   2.98 0.147  3.35 0.147  1.67 0.147   511.95 0.000  22.40 0.000   4.60 0.000    2.89 0.147  3.34 0.147  1.67 0.147 999.99 0.999 99.99 0.999 99.99 0.999   21.16 0.000   4.30 0.000  2.11 0.000
240.396157 240.410046   4.91 0.000  2.71 0.000  1.35 0.000   3.18 0.147  3.35 0.147  1.67 0.147   496.60 0.000  21.79 0.000   4.53 0.000    4.39 0.147  3.35 0.147  1.67 0.147   2.08 0.147  2.75 0.147  1.37 0.147   18.94 0.000   4.26 0.000  2.10 0.000
240.433588 240.447488 999.99 0.999 99.99 0.999 99.99 0.999   3.41 0.147  3.35 0.147  1.67 0.147   494.95 0.000  21.72 0.000   4.52 0.000    2.86 0.147  3.34 0.147  1.67 0.147 999.99 0.999 99.99 0.999 99.99 0.999   20.73 0.000   4.29 0.000  2.10 0.000
240.471065 240.484965 999.99 0.999 99.99 0.999 99.99 0.999   4.85 0.147  3.36 0.147  1.68 0.147   494.86 0.000  21.72 0.000   4.52 0.000    2.94 0.147  3.34 0.147  1.67 0.147 999.99 0.999 99.99 0.999 99.99 0.999   22.33 0.000   4.32 0.000  2.11 0.000
240.508576 240.522477 999.99 0.999 99.99 0.999 99.99 0.999   3.84 0.147  3.35 0.147  1.67 0.147   498.32 0.000  21.86 0.000   4.54 0.000    4.71 0.147  3.35 0.147  1.67 0.147 999.99 0.999 99.99 0.999 99.99 0.999   21.79 0.000   4.31 0.000  2.11 0.000
240.546146 240.560046 999.99 0.999 99.99 0.999 99.99 0.999   3.32 0.147  3.35 0.147  1.67 0.147   507.01 0.000  22.20 0.000   4.57 0.000    5.53 0.000  3.35 0.000  1.67 0.000 999.99 0.999 99.99 0.999 99.99 0.999   23.33 0.000   4.33 0.000  2.12 0.000
240.583738 240.597627 999.99 0.999 99.99 0.999 99.99 0.999   4.21 0.147  3.36 0.147  1.68 0.147   504.05 0.000  22.08 0.000   4.56 0.000    5.08 0.000  3.35 0.000  1.67 0.000 999.99 0.999 99.99 0.999 99.99 0.999   19.40 0.000   4.27 0.000  2.10 0.000
240.621435 240.635336 999.99 0.999 99.99 0.999 99.99 0.999   3.19 0.147  3.35 0.147  1.67 0.147   495.51 0.000  21.74 0.000   4.52 0.000    4.72 0.147  3.35 0.147  1.67 0.147 999.99 0.999 99.99 0.999 99.99 0.999   22.01 0.000   4.31 0.000  2.11 0.000
240.659155 240.673056 999.99 0.999 99.99 0.999 99.99 0.999   2.39 0.147  3.34 0.147  1.67 0.147   486.71 0.000  21.39 0.000   4.48 0.000    4.12 0.147  3.35 0.147  1.67 0.147 999.99 0.999 99.99 0.999 99.99 0.999   20.96 0.000   4.29 0.000  2.11 0.000
240.696933 240.710822 999.99 0.999 99.99 0.999 99.99 0.999   2.85 0.147  3.35 0.147  1.67 0.147   473.64 0.000  20.87 0.000   4.43 0.000    4.75 0.147  3.35 0.147  1.67 0.147 999.99 0.999 99.99 0.999 99.99 0.999   18.21 0.000   4.24 0.000  2.09 0.000
240.734699 240.748611 999.99 0.999 99.99 0.999 99.99 0.999   2.92 0.147  3.35 0.147  1.67 0.147   469.62 0.000  20.71 0.000   4.41 0.000    4.31 0.147  3.35 0.147  1.67 0.147 999.99 0.999 99.99 0.999 99.99 0.999   17.76 0.000   4.24 0.000  2.09 0.000
