RRS/CV0001G.20140101003925.20160823000000.online_gc..air.1y.1h.CV01L_Agilent_GC-FID_7890A_G3440A.CV01L_Manual_AIR_only.lev0.nas
105 1001
Punjabi, Shalini; Carpenter, Lucy
CV01L, National Institute of Meteorology and Geophysics, , , "Espargos, Ilha do Sal 76", , , , Cape Verde
Punjabi, Shalini
ACTRIS GAW-WDCGG-node
1 1
2014 01 01 2016 08 23
0
days from file reference point
37
1 1 1 1 1 1 1 1 1 1 1 1 1 1 1 1 1 1 1 1 1 1 1 1 1 1 1 1 1 1 1 1 1 1 1 1 1
999.999999 999.99 9.999 99.99 9.999 99.99 9.999 999.99 9.999 99.99 9.999 99.99 9.999 99999.99 9.999 999.99 9.999 999.99 9.999 9999.99 9.999 99.99 9.999 99.99 9.999 999.99 9.999 99.99 9.999 99.99 9.999 9999.99 9.999 999.99 9.999 99.99 9.999
end_time of measurement, days from the file reference point
2-methylbutane, pmol/mol, Statistics=arithmetic mean, Detection limit=4.0 pmol/mol
numflag 2-methylbutane, no unit, Statistics=arithmetic mean, Detection limit=4.0 pmol/mol
2-methylbutane, pmol/mol, Statistics=expanded uncertainty 2sigma
numflag 2-methylbutane, no unit, Statistics=expanded uncertainty 2sigma
2-methylbutane, pmol/mol, Statistics=precision
numflag 2-methylbutane, no unit, Statistics=precision
2-methylpropane, pmol/mol, Statistics=arithmetic mean, Detection limit=5.0 pmol/mol
numflag 2-methylpropane, no unit, Statistics=arithmetic mean, Detection limit=5.0 pmol/mol
2-methylpropane, pmol/mol, Statistics=expanded uncertainty 2sigma
numflag 2-methylpropane, no unit, Statistics=expanded uncertainty 2sigma
2-methylpropane, pmol/mol, Statistics=precision
numflag 2-methylpropane, no unit, Statistics=precision
ethane, pmol/mol, Statistics=arithmetic mean, Detection limit=7.0 pmol/mol
numflag ethane, no unit, Statistics=arithmetic mean, Detection limit=7.0 pmol/mol
ethane, pmol/mol, Statistics=expanded uncertainty 2sigma
numflag ethane, no unit, Statistics=expanded uncertainty 2sigma
ethane, pmol/mol, Statistics=precision
numflag ethane, no unit, Statistics=precision
n-butane, pmol/mol, Statistics=arithmetic mean, Detection limit=5.0 pmol/mol
numflag n-butane, no unit, Statistics=arithmetic mean, Detection limit=5.0 pmol/mol
n-butane, pmol/mol, Statistics=expanded uncertainty 2sigma
numflag n-butane, no unit, Statistics=expanded uncertainty 2sigma
n-butane, pmol/mol, Statistics=precision
numflag n-butane, no unit, Statistics=precision
n-pentane, pmol/mol, Statistics=arithmetic mean, Detection limit=4.0 pmol/mol
numflag n-pentane, no unit, Statistics=arithmetic mean, Detection limit=4.0 pmol/mol
n-pentane, pmol/mol, Statistics=expanded uncertainty 2sigma
numflag n-pentane, no unit, Statistics=expanded uncertainty 2sigma
n-pentane, pmol/mol, Statistics=precision
numflag n-pentane, no unit, Statistics=precision
propane, pmol/mol, Statistics=arithmetic mean, Detection limit=6.0 pmol/mol
numflag propane, no unit, Statistics=arithmetic mean, Detection limit=6.0 pmol/mol
propane, pmol/mol, Statistics=expanded uncertainty 2sigma
numflag propane, no unit, Statistics=expanded uncertainty 2sigma
propane, pmol/mol, Statistics=precision
numflag propane, no unit, Statistics=precision
0
54
Data definition:              EBAS_1.1
Set type code:                TI
Timezone:                     UTC
File name:                    CV0001G.20140101003925.20160823000000.online_gc..air.1y.1h.CV01L_Agilent_GC-FID_7890A_G3440A.CV01L_Manual_AIR_only.lev0.nas
File creation:                20200622165503
Startdate:                    20140101003925
[...]
Volume std. pressure:         1013.25 hPa
Detection limit expl.:        Determined by the derived standard deviation of the integrated area of baseline signal over a time interval equal to avg peak width, data below detection limits are flagged
Measurement uncertainty expl.: Includes reproducibility (precision) + systematic err
Zero/negative values:         Zero/negative filtered
Originator:                   Punjabi, Shalini, SHALINI.PUNJABI@YORK.AC.UK, National Centre for Atmospheric Science, NCAS, Wolfson Atmospheric Chemistry Laboratories, Innovation Way, , YO10 5DQ, York, Great Britain
Originator:                   Carpenter, Lucy, LUCY.CARPENTER@YORK.AC.UK, National Centre for Atmospheric Science, NCAS, Wolfson Atmospheric Chemistry Laboratories, Innovation Way, , YO10 5DQ, York, Great Britain
Submitter:                    Punjabi, Shalini, shalini.punjabi@york.ac.uk, National Centre for Atmospheric Science, NCAS, Wolfson Atmospheric Chemistry Laboratories, Innovation Way, , YO10 5DQ, York, Great Britain
Acknowledgement:              Request details from data originator
Comment:                      Initial H2O removal by cold fingers immers. in antifreeze mixture at -28C before acqust.involves 2th stage H2O rem by Sterling coolers at -40Cb before allowing it to pass through precon unit.
starttime endtime C5H12 flag_C5H12 C5H12 flag_C5H12 C5H12 flag_C5H12 C4H10 flag_C4H10 C4H10 flag_C4H10 C4H10 flag_C4H10 C2H6 flag_C2H6 C2H6 flag_C2H6 C2H6 flag_C2H6 C4H10 flag_C4H10 C4H10 flag_C4H10 C4H10 flag_C4H10 C5H12 flag_C5H12 C5H12 flag_C5H12 C5H12 flag_C5H12 C3H8 flag_C3H8 C3H8 flag_C3H8 C3H8 flag_C3H8
[from data line 4335]
295.960880 295.974757 999.99 0.999 99.99 0.999 99.99 0.999   3.22 0.147  3.35 0.147  1.67 0.147   696.16 0.000  29.81 0.000   5.41 0.000    5.67 0.000  3.35 0.000  1.67 0.000 999.99 0.999 99.99 0.999 99.99 0.999   60.80 0.000   5.20 0.000  2.31 0.000
295.998588 296.012465 999.99 0.999 99.99 0.999 99.99 0.999   4.09 0.147  3.35 0.147  1.68 0.147   689.38 0.000  29.54 0.000   5.38 0.000    4.77 0.147  3.35 0.147  1.67 0.147 999.99 0.999 99.99 0.999 99.99 0.999   65.58 0.000   5.33 0.000  2.33 0.000
296.036296 296.050185 999.99 0.999 99.99 0.999 99.99 0.999   2.66 0.147  3.35 0.147  1.67 0.147   705.65 0.000  30.19 0.000   5.45 0.000    4.94 0.147  3.35 0.147  1.67 0.147 999.99 0.999 99.99 0.999 99.99 0.999   65.12 0.000   5.32 0.000  2.33 0.000
296.073970 296.087870 999.99 0.999 99.99 0.999 99.99 0.999   4.75 0.147  3.36 0.147  1.68 0.147   715.42 0.000  30.59 0.000   5.50 0.000    6.89 0.000  3.36 0.000  1.67 0.000 999.99 0.999 99.99 0.999 99.99 0.999   65.54 0.000   5.33 0.000  2.33 0.000
296.111667 296.125567 999.99 0.999 99.99 0.999 99.99 0.999   5.03 0.000  3.36 0.000  1.68 0.000   738.69 0.000  31.53 0.000   5.60 0.000    7.39 0.000  3.36 0.000  1.67 0.000 999.99 0.999 99.99 0.999 99.99 0.999   70.47 0.000   5.47 0.000  2.35 0.000
296.149352 296.163252 999.99 0.999 99.99 0.999 99.99 0.999   4.49 0.147  3.36 0.147  1.68 0.147   731.98 0.000  31.26 0.000   5.57 0.000    7.71 0.000  3.36 0.000  1.67 0.000 999.99 0.999 99.99 0.999 99.99 0.999   66.36 0.000   5.36 0.000  2.33 0.000
296.187049 296.200926 999.99 0.999 99.99 0.999 99.99 0.999   6.00 0.000  3.37 0.000  1.68 0.000   741.71 0.000  31.65 0.000   5.61 0.000    8.28 0.000  3.37 0.000  1.67 0.000 999.99 0.999 99.99 0.999 99.99 0.999   72.63 0.000   5.54 0.000  2.37 0.000
296.224664 296.238553 999.99 0.999 99.99 0.999 99.99 0.999   5.43 0.000  3.36 0.000  1.68 0.000   758.43 0.000  32.33 0.000   5.69 0.000   10.50 0.000  3.38 0.000  1.68 0.000   2.01 0.147  2.75 0.147  1.37 0.147   69.53 0.000   5.45 0.000  2.35 0.000
296.262269 296.276169 999.99 0.999 99.99 0.999 99.99 0.999   6.90 0.000  3.37 0.000  1.68 0.000   779.06 0.000  33.16 0.000   5.78 0.000   11.39 0.000  3.39 0.000  1.68 0.000 999.99 0.999 99.99 0.999 99.99 0.999   80.20 0.000   5.76 0.000  2.40 0.000
296.299838 296.313727   1.65 0.147  2.68 0.147  1.34 0.147   7.91 0.000  3.38 0.000  1.68 0.000   790.17 0.000  33.61 0.000   5.83 0.000   11.26 0.000  3.39 0.000  1.68 0.000 999.99 0.999 99.99 0.999 99.99 0.999   81.33 0.000   5.80 0.000  2.41 0.000
296.337407 296.351308 999.99 0.999 99.99 0.999 99.99 0.999   8.62 0.000  3.39 0.000  1.69 0.000   792.58 0.000  33.71 0.000   5.84 0.000   11.68 0.000  3.39 0.000  1.68 0.000 999.99 0.999 99.99 0.999 99.99 0.999   78.65 0.000   5.71 0.000  2.40 0.000
296.374954 296.388854  14.54 0.000  2.85 0.000  1.39 0.000   8.28 0.000  3.38 0.000  1.68 0.000   795.67 0.000  33.83 0.000   5.85 0.000   12.77 0.000  3.40 0.000  1.68 0.000   6.07 0.000  2.92 0.000  1.45 0.000   87.07 0.000   5.97 0.000  2.44 0.000
296.412465 296.426366 999.99 0.999 99.99 0.999 99.99 0.999   6.33 0.000  3.37 0.000  1.68 0.000   798.43 0.000  33.95 0.000   5.86 0.000   12.56 0.000  3.40 0.000  1.68 0.000   1.47 0.147  2.73 0.147  1.36 0.147   81.36 0.000   5.80 0.000  2.41 0.000
296.450000 296.463900 999.99 0.999 99.99 0.999 99.99 0.999   7.89 0.000  3.38 0.000  1.68 0.000   776.52 0.000  33.06 0.000   5.77 0.000   11.16 0.000  3.38 0.000  1.68 0.000 999.99 0.999 99.99 0.999 99.99 0.999   74.64 0.000   5.60 0.000  2.38 0.000
296.487558 296.501458 999.99 0.999 99.99 0.999 99.99 0.999   8.72 0.000  3.39 0.000  1.69 0.000   776.48 0.000  33.06 0.000   5.77 0.000   14.44 0.000  3.41 0.000  1.68 0.000 999.99 0.999 99.99 0.999 99.99 0.999   81.83 0.000   5.81 0.000  2.41 0.000
296.525116 296.539005 999.99 0.999 99.99 0.999 99.99 0.999   8.33 0.000  3.38 0.000  1.68 0.000   790.80 0.000  33.64 0.000   5.83 0.000   14.30 0.000  3.41 0.000  1.68 0.000 999.99 0.999 99.99 0.999 99.99 0.999   87.38 0.000   5.98 0.000  2.44 0.000
296.562685 296.576574 999.99 0.999 99.99 0.999 99.99 0.999  11.59 0.000  3.41 0.000  1.69 0.000   797.89 0.000  33.93 0.000   5.86 0.000   20.41 0.000  3.47 0.000  1.69 0.000 999.99 0.999 99.99 0.999 99.99 0.999   77.81 0.000   5.69 0.000  2.39 0.000
296.600278 296.614178 999.99 0.999 99.99 0.999 99.99 0.999  11.47 0.000  3.41 0.000  1.69 0.000   819.87 0.000  34.82 0.000   5.96 0.000   17.08 0.000  3.44 0.000  1.68 0.000   1.44 0.147  2.72 0.147  1.36 0.147   82.93 0.000   5.84 0.000  2.42 0.000
296.637998 296.651887 999.99 0.999 99.99 0.999 99.99 0.999  13.96 0.000  3.44 0.000  1.70 0.000   818.47 0.000  34.76 0.000   5.95 0.000   20.39 0.000  3.47 0.000  1.69 0.000   1.52 0.147  2.73 0.147  1.36 0.147   84.11 0.000   5.88 0.000  2.42 0.000
296.675694 296.689595   2.48 0.147  2.69 0.147  1.34 0.147  13.58 0.000  3.43 0.000  1.70 0.000   826.31 0.000  35.08 0.000   5.99 0.000   20.83 0.000  3.48 0.000  1.69 0.000   1.77 0.147  2.74 0.147  1.37 0.147   79.13 0.000   5.73 0.000  2.40 0.000
296.713426 296.727338 999.99 0.999 99.99 0.999 99.99 0.999  13.47 0.000  3.43 0.000  1.70 0.000   824.73 0.000  35.01 0.000   5.98 0.000   22.72 0.000  3.50 0.000  1.69 0.000   2.19 0.147  2.75 0.147  1.38 0.147   82.39 0.000   5.83 0.000  2.41 0.000
296.751366 296.765266 999.99 0.999 99.99 0.999 99.99 0.999 999.99 0.999 99.99 0.999 99.99 0.999 99999.99 0.999 999.99 0.999 999.99 0.999 9999.99 0.999 99.99 0.999 99.99 0.999 999.99 0.999 99.99 0.999 99.99 0.999 9999.99 0.999 999.99 0.999 99.99 0.999
296.789282 296.803160   1.80 0.147  2.68 0.147  1.34 0.147  16.15 0.000  3.46 0.000  1.70 0.000   824.46 0.000  35.00 0.000   5.98 0.000   24.04 0.000  3.52 0.000  1.69 0.000   2.27 0.147  2.76 0.147  1.38 0.147   84.11 0.000   5.88 0.000  2.42 0.000
296.827153 296.841053   1.33 0.147  2.68 0.147  1.34 0.147  17.70 0.000  3.48 0.000  1.70 0.000   810.62 0.000  34.44 0.000   5.92 0.000   27.96 0.000  3.57 0.000  1.69 0.000   1.80 0.147  2.74 0.147  1.37 0.147   81.18 0.000   5.79 0.000  2.41 0.000
296.864780 296.878681   1.83 0.147  2.68 0.147  1.34 0.147  16.70 0.000  3.46 0.000  1.70 0.000   807.61 0.000  34.32 0.000   5.90 0.000   27.87 0.000  3.57 0.000  1.69 0.000   1.81 0.147  2.74 0.147  1.37 0.147   81.08 0.000   5.79 0.000  2.41 0.000
296.902384 296.916273   1.52 0.147  2.68 0.147  1.34 0.147  19.11 0.000  3.49 0.000  1.71 0.000   803.44 0.000  34.15 0.000   5.88 0.000   30.43 0.000  3.61 0.000  1.69 0.000 999.99 0.999 99.99 0.999 99.99 0.999   81.23 0.000   5.79 0.000  2.41 0.000
296.939919 296.953819   1.76 0.147  2.68 0.147  1.34 0.147  19.97 0.000  3.50 0.000  1.71 0.000   799.96 0.000  34.01 0.000   5.87 0.000   30.83 0.000  3.61 0.000  1.69 0.000 999.99 0.999 99.99 0.999 99.99 0.999   81.40 0.000   5.80 0.000  2.41 0.000
296.977442 296.991331   2.28 0.147  2.69 0.147  1.34 0.147  20.92 0.000  3.52 0.000  1.71 0.000   801.52 0.000  34.07 0.000   5.88 0.000   30.68 0.000  3.61 0.000  1.69 0.000 999.99 0.999 99.99 0.999 99.99 0.999   81.99 0.000   5.82 0.000  2.41 0.000
297.014954 297.028854   2.75 0.147  2.69 0.147  1.34 0.147  20.60 0.000  3.51 0.000  1.71 0.000   795.97 0.000  33.85 0.000   5.85 0.000   33.12 0.000  3.65 0.000  1.70 0.000   1.68 0.147  2.73 0.147  1.37 0.147   84.90 0.000   5.90 0.000  2.43 0.000
297.052465 297.066354   2.69 0.147  2.69 0.147  1.34 0.147  23.40 0.000  3.55 0.000  1.72 0.000   799.30 0.000  33.98 0.000   5.87 0.000   35.24 0.000  3.69 0.000  1.70 0.000   1.11 0.147  2.71 0.147  1.36 0.147   83.60 0.000   5.86 0.000  2.42 0.000
297.089942 297.103831   1.82 0.147  2.68 0.147  1.34 0.147  24.06 0.000  3.56 0.000  1.72 0.000   809.35 0.000  34.39 0.000   5.91 0.000   37.83 0.000  3.73 0.000  1.70 0.000   1.95 0.147  2.75 0.147  1.37 0.147   84.52 0.000   5.89 0.000  2.43 0.000
297.127407 297.141308   1.91 0.147  2.68 0.147  1.34 0.147  24.15 0.000  3.56 0.000  1.72 0.000   808.35 0.000  34.35 0.000   5.91 0.000   38.75 0.000  3.75 0.000  1.70 0.000   2.06 0.147  2.75 0.147  1.37 0.147   85.19 0.000   5.91 0.000  2.43 0.000
297.164873 297.178762   2.00 0.147  2.68 0.147  1.34 0.147  25.71 0.000  3.58 0.000  1.72 0.000   808.79 0.000  34.37 0.000   5.91 0.000   39.00 0.000  3.76 0.000  1.70 0.000 999.99 0.999 99.99 0.999 99.99 0.999   82.37 0.000   5.83 0.000  2.41 0.000
297.202350 297.216250   2.75 0.147  2.69 0.147  1.34 0.147  23.96 0.000  3.56 0.000  1.72 0.000   812.35 0.000  34.51 0.000   5.92 0.000   38.48 0.000  3.75 0.000  1.70 0.000   1.21 0.147  2.71 0.147  1.36 0.147   85.39 0.000   5.92 0.000  2.43 0.000
297.239838 297.253738   2.34 0.147  2.69 0.147  1.34 0.147  24.53 0.000  3.57 0.000  1.72 0.000   816.52 0.000  34.68 0.000   5.94 0.000   38.25 0.000  3.74 0.000  1.70 0.000   2.22 0.147  2.76 0.147  1.38 0.147   89.10 0.000   6.04 0.000  2.45 0.000
297.277292 297.291192   2.77 0.147  2.69 0.147  1.34 0.147  24.64 0.000  3.57 0.000  1.72 0.000   824.43 0.000  35.00 0.000   5.98 0.000   40.03 0.000  3.78 0.000  1.70 0.000   1.75 0.147  2.74 0.147  1.37 0.147   91.89 0.000   6.12 0.000  2.46 0.000
297.314769 297.328657   3.52 0.147  2.70 0.147  1.35 0.147  26.50 0.000  3.59 0.000  1.72 0.000   831.88 0.000  35.30 0.000   6.01 0.000   42.53 0.000  3.83 0.000  1.71 0.000   2.58 0.147  2.77 0.147  1.38 0.147   90.72 0.000   6.09 0.000  2.46 0.000
297.352211 297.366111   3.10 0.147  2.69 0.147  1.35 0.147  28.03 0.000  3.62 0.000  1.73 0.000   846.21 0.000  35.88 0.000   6.07 0.000   43.11 0.000  3.84 0.000  1.71 0.000   2.08 0.147  2.75 0.147  1.37 0.147   95.61 0.000   6.24 0.000  2.48 0.000
297.389711 297.403600   2.28 0.147  2.69 0.147  1.34 0.147  26.93 0.000  3.60 0.000  1.72 0.000   844.67 0.000  35.82 0.000   6.07 0.000   43.49 0.000  3.85 0.000  1.71 0.000   2.73 0.147  2.78 0.147  1.39 0.147   95.75 0.000   6.25 0.000  2.48 0.000
297.427130 297.441019   2.55 0.147  2.69 0.147  1.34 0.147  29.60 0.000  3.64 0.000  1.73 0.000   856.66 0.000  36.31 0.000   6.12 0.000   46.38 0.000  3.91 0.000  1.71 0.000   2.33 0.147  2.76 0.147  1.38 0.147   98.34 0.000   6.33 0.000  2.49 0.000
297.464618 297.478519   5.02 0.000  2.72 0.000  1.35 0.000  29.23 0.000  3.64 0.000  1.73 0.000   864.19 0.000  36.61 0.000   6.15 0.000   46.62 0.000  3.91 0.000  1.71 0.000   2.55 0.147  2.77 0.147  1.38 0.147  104.70 0.000   6.54 0.000  2.53 0.000
297.502095 297.515995   4.45 0.000  2.71 0.000  1.35 0.000  28.70 0.000  3.63 0.000  1.73 0.000   866.90 0.000  36.72 0.000   6.17 0.000   46.34 0.000  3.90 0.000  1.71 0.000   2.57 0.147  2.77 0.147  1.38 0.147  101.76 0.000   6.44 0.000  2.51 0.000
297.539618 297.553519   1.99 0.147  2.68 0.147  1.34 0.147  28.11 0.000  3.62 0.000  1.73 0.000   876.39 0.000  37.11 0.000   6.21 0.000   43.68 0.000  3.85 0.000  1.71 0.000   1.95 0.147  2.75 0.147  1.37 0.147   96.07 0.000   6.26 0.000  2.48 0.000
297.576458 297.590359   3.30 0.147  2.70 0.147  1.35 0.147  25.86 0.000  3.58 0.000  1.72 0.000   863.84 0.000  36.60 0.000   6.15 0.000   39.77 0.000  3.77 0.000  1.70 0.000   1.77 0.147  2.74 0.147  1.37 0.147   95.26 0.000   6.23 0.000  2.48 0.000
297.614144 297.628044   3.65 0.147  2.70 0.147  1.35 0.147  24.74 0.000  3.57 0.000  1.72 0.000   857.62 0.000  36.35 0.000   6.12 0.000   38.26 0.000  3.74 0.000  1.70 0.000   3.04 0.147  2.79 0.147  1.39 0.147   95.22 0.000   6.23 0.000  2.48 0.000
297.651898 297.665775   4.75 0.000  2.71 0.000  1.35 0.000  22.96 0.000  3.54 0.000  1.72 0.000   863.02 0.000  36.56 0.000   6.15 0.000   34.90 0.000  3.68 0.000  1.70 0.000   2.45 0.147  2.77 0.147  1.38 0.147   94.33 0.000   6.20 0.000  2.47 0.000
297.689699 297.703600 999.99 0.999 99.99 0.999 99.99 0.999  21.91 0.000  3.53 0.000  1.71 0.000   866.34 0.000  36.70 0.000   6.16 0.000   33.10 0.000  3.65 0.000  1.70 0.000   1.75 0.147  2.74 0.147  1.37 0.147   93.24 0.000   6.17 0.000  2.47 0.000
297.727442 297.741343 999.99 0.999 99.99 0.999 99.99 0.999  20.94 0.000  3.52 0.000  1.71 0.000   855.02 0.000  36.24 0.000   6.11 0.000   30.29 0.000  3.61 0.000  1.69 0.000 999.99 0.999 99.99 0.999 99.99 0.999   88.81 0.000   6.03 0.000  2.45 0.000
297.765093 297.778993 999.99 0.999 99.99 0.999 99.99 0.999  19.29 0.000  3.50 0.000  1.71 0.000   849.41 0.000  36.01 0.000   6.09 0.000   29.46 0.000  3.59 0.000  1.69 0.000 999.99 0.999 99.99 0.999 99.99 0.999   85.53 0.000   5.92 0.000  2.43 0.000
297.802697 297.816586 999.99 0.999 99.99 0.999 99.99 0.999  18.10 0.000  3.48 0.000  1.71 0.000   849.87 0.000  36.03 0.000   6.09 0.000   27.58 0.000  3.57 0.000  1.69 0.000   1.47 0.147  2.73 0.147  1.36 0.147   83.63 0.000   5.87 0.000  2.42 0.000
297.840278 297.854167 999.99 0.999 99.99 0.999 99.99 0.999  18.29 0.000  3.48 0.000  1.71 0.000   854.97 0.000  36.24 0.000   6.11 0.000   28.10 0.000  3.57 0.000  1.69 0.000   1.57 0.147  2.73 0.147  1.36 0.147   87.22 0.000   5.98 0.000  2.44 0.000
297.877801 297.891701 999.99 0.999 99.99 0.999 99.99 0.999  16.80 0.000  3.47 0.000  1.70 0.000   856.28 0.000  36.29 0.000   6.12 0.000   25.56 0.000  3.54 0.000  1.69 0.000 999.99 0.999 99.99 0.999 99.99 0.999   81.12 0.000   5.79 0.000  2.41 0.000
297.915301 297.929190   1.81 0.147  2.68 0.147  1.34 0.147  16.61 0.000  3.46 0.000  1.70 0.000   854.18 0.000  36.21 0.000   6.11 0.000   24.99 0.000  3.53 0.000  1.69 0.000 999.99 0.999 99.99 0.999 99.99 0.999   90.59 0.000   6.08 0.000  2.46 0.000
297.952801 297.966701 999.99 0.999 99.99 0.999 99.99 0.999  15.58 0.000  3.45 0.000  1.70 0.000   850.30 0.000  36.05 0.000   6.09 0.000   23.07 0.000  3.50 0.000  1.69 0.000 999.99 0.999 99.99 0.999 99.99 0.999   86.45 0.000   5.95 0.000  2.43 0.000
297.990324 298.004213 999.99 0.999 99.99 0.999 99.99 0.999  15.78 0.000  3.45 0.000  1.70 0.000   846.20 0.000  35.88 0.000   6.07 0.000   24.54 0.000  3.52 0.000  1.69 0.000 999.99 0.999 99.99 0.999 99.99 0.999   85.31 0.000   5.92 0.000  2.43 0.000
298.027847 298.041736 999.99 0.999 99.99 0.999 99.99 0.999  15.13 0.000  3.45 0.000  1.70 0.000   831.38 0.000  35.28 0.000   6.01 0.000   22.73 0.000  3.50 0.000  1.69 0.000 999.99 0.999 99.99 0.999 99.99 0.999   83.76 0.000   5.87 0.000  2.42 0.000
298.065347 298.079248 999.99 0.999 99.99 0.999 99.99 0.999  13.92 0.000  3.43 0.000  1.70 0.000   805.70 0.000  34.24 0.000   5.89 0.000   21.00 0.000  3.48 0.000  1.69 0.000 999.99 0.999 99.99 0.999 99.99 0.999   81.47 0.000   5.80 0.000  2.41 0.000
298.102824 298.116713   2.40 0.147  2.69 0.147  1.34 0.147  13.37 0.000  3.43 0.000  1.70 0.000   809.45 0.000  34.39 0.000   5.91 0.000   23.05 0.000  3.50 0.000  1.69 0.000   1.34 0.147  2.72 0.147  1.36 0.147   80.37 0.000   5.77 0.000  2.40 0.000
298.140278 298.154178 999.99 0.999 99.99 0.999 99.99 0.999  14.62 0.000  3.44 0.000  1.70 0.000   846.64 0.000  35.90 0.000   6.08 0.000   24.89 0.000  3.53 0.000  1.69 0.000   1.92 0.147  2.74 0.147  1.37 0.147   88.92 0.000   6.03 0.000  2.45 0.000
298.177731 298.191620   1.15 0.147  2.68 0.147  1.34 0.147  15.81 0.000  3.45 0.000  1.70 0.000   858.01 0.000  36.36 0.000   6.13 0.000   24.78 0.000  3.53 0.000  1.69 0.000 999.99 0.999 99.99 0.999 99.99 0.999   88.55 0.000   6.02 0.000  2.45 0.000
298.215139 298.229051   1.69 0.147  2.68 0.147  1.34 0.147  14.08 0.000  3.44 0.000  1.70 0.000   879.37 0.000  37.23 0.000   6.22 0.000   25.18 0.000  3.53 0.000  1.69 0.000 999.99 0.999 99.99 0.999 99.99 0.999   96.38 0.000   6.27 0.000  2.48 0.000
298.252593 298.266493 999.99 0.999 99.99 0.999 99.99 0.999  15.22 0.000  3.45 0.000  1.70 0.000   894.82 0.000  37.85 0.000   6.29 0.000   22.77 0.000  3.50 0.000  1.69 0.000 999.99 0.999 99.99 0.999 99.99 0.999   94.37 0.000   6.20 0.000  2.47 0.000
298.290046 298.303947 999.99 0.999 99.99 0.999 99.99 0.999  14.51 0.000  3.44 0.000  1.70 0.000   898.37 0.000  38.00 0.000   6.30 0.000   21.70 0.000  3.49 0.000  1.69 0.000   2.13 0.147  2.75 0.147  1.38 0.147   94.19 0.000   6.20 0.000  2.47 0.000
