RRS/CV0001G.20130701151343.20160823000000.online_gc..air.6mo.1h.CV01L_Agilent_GC-FID_7890A_G3440A.CV01L_Manual_AIR_only.lev0.nas
111 1001
Punjabi, Shalini; Carpenter, Lucy
CV01L, National Institute of Meteorology and Geophysics, , , "Espargos, Ilha do Sal 76", , , , Cape Verde
Punjabi, Shalini
ACTRIS GAW-WDCGG-node
1 1
2013 01 01 2016 08 23
0
days from file reference point
43
1 1 1 1 1 1 1 1 1 1 1 1 1 1 1 1 1 1 1 1 1 1 1 1 1 1 1 1 1 1 1 1 1 1 1 1 1 1 1 1 1 1 1
999.999999 999.99 9.999 99.99 9.999 99.99 9.999 9999.99 9.999 99.99 9.999 99.99 9.999 99999.99 9.999 999.99 9.999 999.99 9.999 9 9.999 9 9.999 9 9.999 9999.99 9.999 99.99 9.999 99.99 9.999 999.99 9.999 99.99 9.999 99.99 9.999 9999.99 9.999 999.99 9.999 99.99 9.999
end_time of measurement, days from the file reference point
2-methylbutane, pmol/mol, Statistics=arithmetic mean, Detection limit=4.0 pmol/mol, Measurement uncertainty=2.04 %
numflag 2-methylbutane, no unit, Statistics=arithmetic mean, Detection limit=4.0 pmol/mol, Measurement uncertainty=2.04 %
2-methylbutane, pmol/mol, Statistics=expanded uncertainty 2sigma
numflag 2-methylbutane, no unit, Statistics=expanded uncertainty 2sigma
2-methylbutane, pmol/mol, Statistics=precision
numflag 2-methylbutane, no unit, Statistics=precision
2-methylpropane, pmol/mol, Statistics=arithmetic mean, Detection limit=5.0 pmol/mol, Measurement uncertainty=1.94 %
numflag 2-methylpropane, no unit, Statistics=arithmetic mean, Detection limit=5.0 pmol/mol, Measurement uncertainty=1.94 %
2-methylpropane, pmol/mol, Statistics=expanded uncertainty 2sigma
numflag 2-methylpropane, no unit, Statistics=expanded uncertainty 2sigma
2-methylpropane, pmol/mol, Statistics=precision
numflag 2-methylpropane, no unit, Statistics=precision
ethane, pmol/mol, Statistics=arithmetic mean, Detection limit=7.0 pmol/mol, Measurement uncertainty=2.04 %
numflag ethane, no unit, Statistics=arithmetic mean, Detection limit=7.0 pmol/mol, Measurement uncertainty=2.04 %
ethane, pmol/mol, Statistics=expanded uncertainty 2sigma
numflag ethane, no unit, Statistics=expanded uncertainty 2sigma
ethane, pmol/mol, Statistics=precision
numflag ethane, no unit, Statistics=precision
ethyne, pmol/mol, Statistics=arithmetic mean, Detection limit=3.0 pmol/mol
numflag ethyne, no unit, Statistics=arithmetic mean, Detection limit=3.0 pmol/mol
ethyne, pmol/mol, Statistics=expanded uncertainty 2sigma
numflag ethyne, no unit, Statistics=expanded uncertainty 2sigma
ethyne, pmol/mol, Statistics=precision
numflag ethyne, no unit, Statistics=precision
n-butane, pmol/mol, Statistics=arithmetic mean, Detection limit=5.0 pmol/mol, Measurement uncertainty=2.04 %
numflag n-butane, no unit, Statistics=arithmetic mean, Detection limit=5.0 pmol/mol, Measurement uncertainty=2.04 %
n-butane, pmol/mol, Statistics=expanded uncertainty 2sigma
numflag n-butane, no unit, Statistics=expanded uncertainty 2sigma
n-butane, pmol/mol, Statistics=precision
numflag n-butane, no unit, Statistics=precision
n-pentane, pmol/mol, Statistics=arithmetic mean, Detection limit=4.0 pmol/mol, Measurement uncertainty=2.81 %
numflag n-pentane, no unit, Statistics=arithmetic mean, Detection limit=4.0 pmol/mol, Measurement uncertainty=2.81 %
n-pentane, pmol/mol, Statistics=expanded uncertainty 2sigma
numflag n-pentane, no unit, Statistics=expanded uncertainty 2sigma
n-pentane, pmol/mol, Statistics=precision
numflag n-pentane, no unit, Statistics=precision
[...]
Volume std. pressure:         1013.25 hPa
Detection limit expl.:        Determined by the derived standard deviation of the integrated area of baseline signal over a time interval equal to avg peak width, detection limit flags are used
Measurement uncertainty expl.: Includes reproducibility (precision) + systematic err
Zero/negative values:         Zero/negative filtered
Originator:                   Punjabi, Shalini, SHALINI.PUNJABI@YORK.AC.UK, National Centre for Atmospheric Science, NCAS, Wolfson Atmospheric Chemistry Laboratories, Innovation Way, , YO10 5DQ, York, Great Britain
Originator:                   Carpenter, Lucy, LUCY.CARPENTER@YORK.AC.UK, National Centre for Atmospheric Science, NCAS, Wolfson Atmospheric Chemistry Laboratories, Innovation Way, , YO10 5DQ, York, Great Britain
Submitter:                    Punjabi, Shalini, shalini.punjabi@york.ac.uk, National Centre for Atmospheric Science, NCAS, Wolfson Atmospheric Chemistry Laboratories, Innovation Way, , YO10 5DQ, York, Great Britain
Acknowledgement:              Request details from data originator
Comment:                      Initial H2O removal by cold fingers immers. in antifreeze mixture at -28C before acqust.involves 2th stage H2O rem by Sterling coolers at -40Cb before allowing it to pass through precon unit.
starttime endtime C5H12 flag_C5H12 C5H12 flag_C5H12 C5H12 flag_C5H12 C4H10 flag_C4H10 C4H10 flag_C4H10 C4H10 flag_C4H10 C2H6 flag_C2H6 C2H6 flag_C2H6 C2H6 flag_C2H6 C2H2 flag_C2H2 C2H2 flag_C2H2 C2H2 flag_C2H2 C4H10 flag_C4H10 C4H10 flag_C4H10 C4H10 flag_C4H10 C5H12 flag_C5H12 C5H12 flag_C5H12 C5H12 flag_C5H12 C3H8 flag_C3H8 C3H8 flag_C3H8 C3H8 flag_C3H8
[from data line 638]
213.840463 213.854363   3.13 0.147  2.70 0.147  1.35 0.147    5.36 0.000  3.36 0.000  1.68 0.000   488.94 0.000  20.52 0.000   4.49 0.000 9 0.999 9 0.999 9 0.999   10.32 0.000  3.38 0.000  1.68 0.000   4.15 0.000  2.84 0.000  1.42 0.000   25.28 0.000   4.36 0.000  2.13 0.000
213.877928 213.891806   2.73 0.147  2.69 0.147  1.34 0.147    6.31 0.000  3.37 0.000  1.68 0.000   495.79 0.000  20.78 0.000   4.52 0.000 9 0.999 9 0.999 9 0.999    9.11 0.000  3.37 0.000  1.68 0.000   4.36 0.000  2.84 0.000  1.42 0.000   23.69 0.000   4.33 0.000  2.12 0.000
213.915324 213.929213   4.72 0.000  2.71 0.000  1.35 0.000    5.94 0.000  3.37 0.000  1.68 0.000   492.55 0.000  20.66 0.000   4.51 0.000 9 0.999 9 0.999 9 0.999    8.71 0.000  3.37 0.000  1.67 0.000   3.48 0.147  2.81 0.147  1.40 0.147   24.62 0.000   4.35 0.000  2.12 0.000
213.952720 213.966609   4.34 0.000  2.71 0.000  1.35 0.000    5.77 0.000  3.37 0.000  1.68 0.000   487.56 0.000  20.47 0.000   4.49 0.000 9 0.999 9 0.999 9 0.999    9.88 0.000  3.37 0.000  1.68 0.000   3.45 0.147  2.81 0.147  1.40 0.147   26.16 0.000   4.38 0.000  2.13 0.000
213.990104 214.004005   3.93 0.147  2.70 0.147  1.35 0.147    6.31 0.000  3.37 0.000  1.68 0.000   482.15 0.000  20.27 0.000   4.46 0.000 9 0.999 9 0.999 9 0.999    9.59 0.000  3.37 0.000  1.68 0.000   3.27 0.147  2.80 0.147  1.40 0.147   25.09 0.000   4.36 0.000  2.13 0.000
214.027488 214.041389   3.56 0.147  2.70 0.147  1.35 0.147    6.48 0.000  3.37 0.000  1.68 0.000   481.68 0.000  20.25 0.000   4.46 0.000 9 0.999 9 0.999 9 0.999    8.76 0.000  3.37 0.000  1.67 0.000   4.03 0.000  2.83 0.000  1.41 0.000   27.51 0.000   4.40 0.000  2.14 0.000
214.064873 214.078773   4.76 0.000  2.71 0.000  1.35 0.000    5.30 0.000  3.36 0.000  1.68 0.000   484.07 0.000  20.34 0.000   4.47 0.000 9 0.999 9 0.999 9 0.999   10.06 0.000  3.37 0.000  1.68 0.000   5.19 0.000  2.88 0.000  1.44 0.000   26.05 0.000   4.38 0.000  2.13 0.000
214.102292 214.116192   4.81 0.000  2.71 0.000  1.35 0.000    5.06 0.000  3.36 0.000  1.68 0.000   481.51 0.000  20.24 0.000   4.46 0.000 9 0.999 9 0.999 9 0.999    8.86 0.000  3.37 0.000  1.67 0.000   3.82 0.147  2.82 0.147  1.41 0.147   24.92 0.000   4.36 0.000  2.13 0.000
214.139722 214.153623   3.70 0.147  2.70 0.147  1.35 0.147    5.82 0.000  3.37 0.000  1.68 0.000   486.07 0.000  20.42 0.000   4.48 0.000 9 0.999 9 0.999 9 0.999   10.02 0.000  3.37 0.000  1.68 0.000   4.62 0.000  2.86 0.000  1.42 0.000   28.46 0.000   4.42 0.000  2.14 0.000
214.177153 214.191042   4.01 0.000  2.70 0.000  1.35 0.000    5.51 0.000  3.36 0.000  1.68 0.000   478.58 0.000  20.13 0.000   4.45 0.000 9 0.999 9 0.999 9 0.999    9.55 0.000  3.37 0.000  1.68 0.000   5.59 0.000  2.90 0.000  1.44 0.000   28.12 0.000   4.42 0.000  2.14 0.000
214.214549 214.228438   4.40 0.000  2.71 0.000  1.35 0.000    7.39 0.000  3.38 0.000  1.68 0.000   481.23 0.000  20.23 0.000   4.46 0.000 9 0.999 9 0.999 9 0.999    9.92 0.000  3.37 0.000  1.68 0.000   4.26 0.000  2.84 0.000  1.42 0.000   27.31 0.000   4.40 0.000  2.14 0.000
214.251956 214.265856   4.92 0.000  2.71 0.000  1.35 0.000    6.83 0.000  3.37 0.000  1.68 0.000   471.60 0.000  19.87 0.000   4.42 0.000 9 0.999 9 0.999 9 0.999    9.60 0.000  3.37 0.000  1.68 0.000   3.62 0.147  2.81 0.147  1.40 0.147   25.37 0.000   4.36 0.000  2.13 0.000
214.289329 214.303229   3.84 0.147  2.70 0.147  1.35 0.147    6.71 0.000  3.37 0.000  1.68 0.000   479.66 0.000  20.17 0.000   4.45 0.000 9 0.999 9 0.999 9 0.999   10.40 0.000  3.38 0.000  1.68 0.000   3.46 0.147  2.81 0.147  1.40 0.147   26.00 0.000   4.38 0.000  2.13 0.000
214.326701 214.340602   5.04 0.000  2.72 0.000  1.35 0.000    5.61 0.000  3.36 0.000  1.68 0.000   472.42 0.000  19.90 0.000   4.42 0.000 9 0.999 9 0.999 9 0.999   12.52 0.000  3.39 0.000  1.68 0.000   4.85 0.000  2.86 0.000  1.43 0.000   27.51 0.000   4.40 0.000  2.14 0.000
214.364097 214.377998   4.17 0.000  2.71 0.000  1.35 0.000    6.49 0.000  3.37 0.000  1.68 0.000   479.40 0.000  20.16 0.000   4.45 0.000 9 0.999 9 0.999 9 0.999   10.75 0.000  3.38 0.000  1.68 0.000   3.71 0.147  2.82 0.147  1.41 0.147   25.22 0.000   4.36 0.000  2.13 0.000
214.401493 214.415394 999.99 0.999 99.99 0.999 99.99 0.999    7.36 0.000  3.38 0.000  1.68 0.000   471.06 0.000  19.85 0.000   4.42 0.000 9 0.999 9 0.999 9 0.999   13.19 0.000  3.40 0.000  1.68 0.000 999.99 0.999 99.99 0.999 99.99 0.999   24.64 0.000   4.35 0.000  2.12 0.000
214.438935 214.452812   5.28 0.000  2.72 0.000  1.36 0.000    9.15 0.000  3.39 0.000  1.69 0.000   469.11 0.000  19.77 0.000   4.41 0.000 9 0.999 9 0.999 9 0.999   14.94 0.000  3.41 0.000  1.68 0.000   3.83 0.147  2.82 0.147  1.41 0.147   24.34 0.000   4.35 0.000  2.12 0.000
214.476377 214.490266   6.61 0.000  2.73 0.000  1.36 0.000    7.80 0.000  3.38 0.000  1.68 0.000   458.08 0.000  19.36 0.000   4.36 0.000 9 0.999 9 0.999 9 0.999   13.91 0.000  3.40 0.000  1.68 0.000   4.45 0.000  2.85 0.000  1.42 0.000   23.61 0.000   4.33 0.000  2.12 0.000
214.513819 214.527720   4.27 0.000  2.71 0.000  1.35 0.000    6.88 0.000  3.37 0.000  1.68 0.000   454.52 0.000  19.23 0.000   4.34 0.000 9 0.999 9 0.999 9 0.999   11.98 0.000  3.39 0.000  1.68 0.000   3.44 0.147  2.81 0.147  1.40 0.147   20.61 0.000   4.28 0.000  2.10 0.000
214.551296 214.565197   3.57 0.147  2.70 0.147  1.35 0.147    7.97 0.000  3.38 0.000  1.68 0.000   448.30 0.000  18.99 0.000   4.31 0.000 9 0.999 9 0.999 9 0.999   12.93 0.000  3.39 0.000  1.68 0.000   2.87 0.147  2.78 0.147  1.39 0.147   21.33 0.000   4.29 0.000  2.11 0.000
214.588819 214.602708 999.99 0.999 99.99 0.999 99.99 0.999    5.74 0.000  3.36 0.000  1.68 0.000   445.68 0.000  18.89 0.000   4.30 0.000 9 0.999 9 0.999 9 0.999   10.08 0.000  3.37 0.000  1.68 0.000   3.17 0.147  2.79 0.147  1.40 0.147   19.77 0.000   4.27 0.000  2.10 0.000
214.626331 214.640231 999.99 0.999 99.99 0.999 99.99 0.999    4.23 0.147  3.36 0.147  1.68 0.147   443.53 0.000  18.81 0.000   4.29 0.000 9 0.999 9 0.999 9 0.999    8.42 0.000  3.36 0.000  1.67 0.000 999.99 0.999 99.99 0.999 99.99 0.999   20.94 0.000   4.29 0.000  2.11 0.000
214.663866 214.677766 999.99 0.999 99.99 0.999 99.99 0.999    3.88 0.147  3.35 0.147  1.67 0.147   431.14 0.000  18.35 0.000   4.24 0.000 9 0.999 9 0.999 9 0.999    7.77 0.000  3.36 0.000  1.67 0.000   2.98 0.147  2.79 0.147  1.39 0.147   20.44 0.000   4.28 0.000  2.10 0.000
214.701424 214.715324 999.99 0.999 99.99 0.999 99.99 0.999    4.35 0.147  3.36 0.147  1.68 0.147   420.33 0.000  17.94 0.000   4.19 0.000 9 0.999 9 0.999 9 0.999    7.47 0.000  3.36 0.000  1.67 0.000   2.96 0.147  2.79 0.147  1.39 0.147   19.36 0.000   4.26 0.000  2.10 0.000
214.772419 214.786319 999.99 0.999 99.99 0.999 99.99 0.999    5.50 0.000  3.36 0.000  1.68 0.000   399.30 0.000  17.15 0.000   4.10 0.000 9 0.999 9 0.999 9 0.999 9999.99 0.999 99.99 0.999 99.99 0.999 999.99 0.999 99.99 0.999 99.99 0.999   20.30 0.000   4.28 0.000  2.10 0.000
214.805891 214.819780   4.53 0.000  2.71 0.000  1.35 0.000    5.02 0.000  3.36 0.000  1.68 0.000   400.23 0.000  17.19 0.000   4.10 0.000 9 0.999 9 0.999 9 0.999    8.83 0.000  3.37 0.000  1.67 0.000   4.65 0.000  2.86 0.000  1.43 0.000   19.13 0.000   4.26 0.000  2.10 0.000
214.843345 214.857245   3.36 0.147  2.70 0.147  1.35 0.147    4.28 0.147  3.36 0.147  1.68 0.147   410.15 0.000  17.56 0.000   4.15 0.000 9 0.999 9 0.999 9 0.999    7.50 0.000  3.36 0.000  1.67 0.000   4.52 0.000  2.85 0.000  1.42 0.000   17.71 0.000   4.23 0.000  2.09 0.000
214.880764 214.894664   2.59 0.147  2.69 0.147  1.34 0.147    5.76 0.000  3.36 0.000  1.68 0.000   410.05 0.000  17.56 0.000   4.15 0.000 9 0.999 9 0.999 9 0.999    6.83 0.000  3.36 0.000  1.67 0.000   3.83 0.147  2.82 0.147  1.41 0.147   21.48 0.000   4.30 0.000  2.11 0.000
214.918194 214.932095   4.52 0.000  2.71 0.000  1.35 0.000    4.94 0.147  3.36 0.147  1.68 0.147   416.01 0.000  17.78 0.000   4.17 0.000 9 0.999 9 0.999 9 0.999    7.17 0.000  3.36 0.000  1.67 0.000   3.59 0.147  2.81 0.147  1.40 0.147   22.21 0.000   4.31 0.000  2.11 0.000
214.955579 214.969491   3.27 0.147  2.70 0.147  1.35 0.147    4.25 0.147  3.36 0.147  1.68 0.147   414.41 0.000  17.72 0.000   4.17 0.000 9 0.999 9 0.999 9 0.999    8.23 0.000  3.36 0.000  1.67 0.000   3.99 0.147  2.83 0.147  1.41 0.147   22.00 0.000   4.30 0.000  2.11 0.000
214.992951 215.006852   3.07 0.147  2.69 0.147  1.35 0.147    4.39 0.147  3.36 0.147  1.68 0.147   413.16 0.000  17.67 0.000   4.16 0.000 9 0.999 9 0.999 9 0.999    6.26 0.000  3.35 0.000  1.67 0.000   4.30 0.000  2.84 0.000  1.42 0.000   23.07 0.000   4.32 0.000  2.12 0.000
215.030370 215.044248   2.62 0.147  2.69 0.147  1.34 0.147    2.79 0.147  3.35 0.147  1.67 0.147   408.14 0.000  17.48 0.000   4.14 0.000 9 0.999 9 0.999 9 0.999    6.40 0.000  3.35 0.000  1.67 0.000   3.87 0.147  2.82 0.147  1.41 0.147   20.82 0.000   4.28 0.000  2.10 0.000
215.067755 215.081655   3.83 0.147  2.70 0.147  1.35 0.147    3.79 0.147  3.35 0.147  1.67 0.147   399.27 0.000  17.15 0.000   4.10 0.000 9 0.999 9 0.999 9 0.999    5.35 0.000  3.35 0.000  1.67 0.000   4.21 0.000  2.84 0.000  1.42 0.000   19.13 0.000   4.26 0.000  2.10 0.000
215.105139 215.119039   2.95 0.147  2.69 0.147  1.35 0.147 9999.99 0.999 99.99 0.999 99.99 0.999   384.73 0.000  16.61 0.000   4.03 0.000 9 0.999 9 0.999 9 0.999    3.58 0.147  3.34 0.147  1.67 0.147   4.15 0.000  2.84 0.000  1.42 0.000   17.93 0.000   4.24 0.000  2.09 0.000
215.142500 215.156400 999.99 0.999 99.99 0.999 99.99 0.999 9999.99 0.999 99.99 0.999 99.99 0.999   366.15 0.000  15.92 0.000   3.95 0.000 9 0.999 9 0.999 9 0.999    3.55 0.147  3.34 0.147  1.67 0.147 999.99 0.999 99.99 0.999 99.99 0.999   14.00 0.000   4.18 0.000  2.07 0.000
215.179907 215.193808 999.99 0.999 99.99 0.999 99.99 0.999 9999.99 0.999 99.99 0.999 99.99 0.999   380.69 0.000  16.46 0.000   4.02 0.000 9 0.999 9 0.999 9 0.999    3.62 0.147  3.34 0.147  1.67 0.147   3.27 0.147  2.80 0.147  1.40 0.147   15.37 0.000   4.20 0.000  2.08 0.000
215.217280 215.231181 999.99 0.999 99.99 0.999 99.99 0.999 9999.99 0.999 99.99 0.999 99.99 0.999   407.64 0.000  17.47 0.000   4.14 0.000 9 0.999 9 0.999 9 0.999    3.63 0.147  3.34 0.147  1.67 0.147   3.28 0.147  2.80 0.147  1.40 0.147   17.55 0.000   4.23 0.000  2.09 0.000
215.254664 215.268553 999.99 0.999 99.99 0.999 99.99 0.999 9999.99 0.999 99.99 0.999 99.99 0.999   414.45 0.000  17.72 0.000   4.17 0.000 9 0.999 9 0.999 9 0.999    3.60 0.147  3.34 0.147  1.67 0.147 999.99 0.999 99.99 0.999 99.99 0.999   15.33 0.000   4.20 0.000  2.08 0.000
215.292014 215.305903 999.99 0.999 99.99 0.999 99.99 0.999 9999.99 0.999 99.99 0.999 99.99 0.999   406.41 0.000  17.42 0.000   4.13 0.000 9 0.999 9 0.999 9 0.999 9999.99 0.999 99.99 0.999 99.99 0.999   2.41 0.147  2.76 0.147  1.38 0.147   13.55 0.000   4.17 0.000  2.07 0.000
215.329352 215.343252 999.99 0.999 99.99 0.999 99.99 0.999 9999.99 0.999 99.99 0.999 99.99 0.999   403.23 0.000  17.30 0.000   4.12 0.000 9 0.999 9 0.999 9 0.999    4.14 0.147  3.34 0.147  1.67 0.147 999.99 0.999 99.99 0.999 99.99 0.999   15.77 0.000   4.20 0.000  2.08 0.000
215.366713 215.380613 999.99 0.999 99.99 0.999 99.99 0.999 9999.99 0.999 99.99 0.999 99.99 0.999   412.64 0.000  17.65 0.000   4.16 0.000 9 0.999 9 0.999 9 0.999    4.71 0.147  3.35 0.147  1.67 0.147 999.99 0.999 99.99 0.999 99.99 0.999   16.54 0.000   4.21 0.000  2.08 0.000
215.404039 215.417940 999.99 0.999 99.99 0.999 99.99 0.999 9999.99 0.999 99.99 0.999 99.99 0.999   414.56 0.000  17.72 0.000   4.17 0.000 9 0.999 9 0.999 9 0.999    4.92 0.147  3.35 0.147  1.67 0.147 999.99 0.999 99.99 0.999 99.99 0.999   18.58 0.000   4.25 0.000  2.09 0.000
215.441424 215.455324   2.54 0.147  2.69 0.147  1.34 0.147    2.89 0.147  3.35 0.147  1.67 0.147   426.12 0.000  18.16 0.000   4.22 0.000 9 0.999 9 0.999 9 0.999    7.89 0.000  3.36 0.000  1.67 0.000   2.91 0.147  2.78 0.147  1.39 0.147   20.83 0.000   4.28 0.000  2.10 0.000
215.478819 215.492697 999.99 0.999 99.99 0.999 99.99 0.999    4.78 0.147  3.36 0.147  1.68 0.147   434.96 0.000  18.49 0.000   4.26 0.000 9 0.999 9 0.999 9 0.999    8.48 0.000  3.37 0.000  1.67 0.000 999.99 0.999 99.99 0.999 99.99 0.999   24.09 0.000   4.34 0.000  2.12 0.000
215.516238 215.530139   3.54 0.147  2.70 0.147  1.35 0.147    4.26 0.147  3.36 0.147  1.68 0.147   443.45 0.000  18.81 0.000   4.29 0.000 9 0.999 9 0.999 9 0.999    8.78 0.000  3.37 0.000  1.67 0.000   4.56 0.000  2.85 0.000  1.42 0.000   26.74 0.000   4.39 0.000  2.13 0.000
215.553704 215.567604   2.50 0.147  2.69 0.147  1.34 0.147    4.07 0.147  3.35 0.147  1.68 0.147   437.68 0.000  18.59 0.000   4.27 0.000 9 0.999 9 0.999 9 0.999    7.11 0.000  3.36 0.000  1.67 0.000   3.71 0.147  2.82 0.147  1.41 0.147   25.54 0.000   4.37 0.000  2.13 0.000
215.591157 215.605058 999.99 0.999 99.99 0.999 99.99 0.999    3.29 0.147  3.35 0.147  1.67 0.147   423.52 0.000  18.06 0.000   4.21 0.000 9 0.999 9 0.999 9 0.999    7.77 0.000  3.36 0.000  1.67 0.000   4.20 0.000  2.84 0.000  1.42 0.000   24.51 0.000   4.35 0.000  2.12 0.000
215.628623 215.642523 999.99 0.999 99.99 0.999 99.99 0.999    3.02 0.147  3.35 0.147  1.67 0.147   425.91 0.000  18.15 0.000   4.22 0.000 9 0.999 9 0.999 9 0.999    7.28 0.000  3.36 0.000  1.67 0.000   4.01 0.000  2.83 0.000  1.41 0.000   22.34 0.000   4.31 0.000  2.11 0.000
215.666076 215.679965 999.99 0.999 99.99 0.999 99.99 0.999    4.09 0.147  3.35 0.147  1.68 0.147   437.30 0.000  18.58 0.000   4.27 0.000 9 0.999 9 0.999 9 0.999    7.36 0.000  3.36 0.000  1.67 0.000   3.13 0.147  2.79 0.147  1.40 0.147   23.92 0.000   4.34 0.000  2.12 0.000
215.703530 215.717419 999.99 0.999 99.99 0.999 99.99 0.999 9999.99 0.999 99.99 0.999 99.99 0.999   429.20 0.000  18.27 0.000   4.23 0.000 9 0.999 9 0.999 9 0.999    5.97 0.000  3.35 0.000  1.67 0.000   3.50 0.147  2.81 0.147  1.40 0.147   23.10 0.000   4.32 0.000  2.12 0.000
215.740984 215.754873 999.99 0.999 99.99 0.999 99.99 0.999    3.06 0.147  3.35 0.147  1.67 0.147   421.63 0.000  17.99 0.000   4.20 0.000 9 0.999 9 0.999 9 0.999    4.48 0.147  3.35 0.147  1.67 0.147 999.99 0.999 99.99 0.999 99.99 0.999   22.17 0.000   4.31 0.000  2.11 0.000
215.778403 215.792292 999.99 0.999 99.99 0.999 99.99 0.999    4.16 0.147  3.35 0.147  1.68 0.147   414.88 0.000  17.74 0.000   4.17 0.000 9 0.999 9 0.999 9 0.999    5.72 0.000  3.35 0.000  1.67 0.000 999.99 0.999 99.99 0.999 99.99 0.999   22.49 0.000   4.31 0.000  2.11 0.000
215.815845 215.829734 999.99 0.999 99.99 0.999 99.99 0.999    4.00 0.147  3.35 0.147  1.68 0.147   435.92 0.000  18.53 0.000   4.26 0.000 9 0.999 9 0.999 9 0.999    5.45 0.000  3.35 0.000  1.67 0.000 999.99 0.999 99.99 0.999 99.99 0.999   22.49 0.000   4.31 0.000  2.11 0.000
215.853218 215.867118 999.99 0.999 99.99 0.999 99.99 0.999    3.67 0.147  3.35 0.147  1.67 0.147   428.31 0.000  18.24 0.000   4.23 0.000 9 0.999 9 0.999 9 0.999    5.76 0.000  3.35 0.000  1.67 0.000 999.99 0.999 99.99 0.999 99.99 0.999   23.17 0.000   4.32 0.000  2.12 0.000
215.890613 215.904502 999.99 0.999 99.99 0.999 99.99 0.999 9999.99 0.999 99.99 0.999 99.99 0.999   433.93 0.000  18.45 0.000   4.25 0.000 9 0.999 9 0.999 9 0.999    2.69 0.147  3.34 0.147  1.67 0.147 999.99 0.999 99.99 0.999 99.99 0.999   18.83 0.000   4.25 0.000  2.09 0.000
215.927975 215.941863 999.99 0.999 99.99 0.999 99.99 0.999 9999.99 0.999 99.99 0.999 99.99 0.999   452.18 0.000  19.14 0.000   4.33 0.000 9 0.999 9 0.999 9 0.999    4.99 0.147  3.35 0.147  1.67 0.147 999.99 0.999 99.99 0.999 99.99 0.999   18.71 0.000   4.25 0.000  2.09 0.000
215.965324 215.979213 999.99 0.999 99.99 0.999 99.99 0.999 9999.99 0.999 99.99 0.999 99.99 0.999   455.38 0.000  19.26 0.000   4.35 0.000 9 0.999 9 0.999 9 0.999    4.55 0.147  3.35 0.147  1.67 0.147 999.99 0.999 99.99 0.999 99.99 0.999   20.20 0.000   4.27 0.000  2.10 0.000
