RRS/CV0001G.20150101001139.20160823000000.online_gc..air.1y.1h.CV01L_Agilent_GC-FID_7890A_G3440A.CV01L_Manual_AIR_only.lev0.nas
99 1001
Punjabi, Shalini; Carpenter, Lucy
CV01L, National Institute of Meteorology and Geophysics, , , "Espargos, Ilha do Sal 76", , , , Cape Verde
Punjabi, Shalini
ACTRIS GAW-WDCGG-node
1 1
2015 01 01 2016 08 23
0
days from file reference point
31
1 1 1 1 1 1 1 1 1 1 1 1 1 1 1 1 1 1 1 1 1 1 1 1 1 1 1 1 1 1 1
999.999999 999.99 9.999 99.99 9.999 99.99 9.999 99999.99 9.999 9999.99 9.999 999.99 9.999 999.99 9.999 99.99 9.999 99.99 9.999 9999.99 9.999 999.99 9.999 99.99 9.999 999.99 9.999 99.99 9.999 9.99 9.999
end_time of measurement, days from the file reference point
2-methylpropane, pmol/mol, Statistics=arithmetic mean, Detection limit=5.0 pmol/mol
numflag 2-methylpropane, no unit, Statistics=arithmetic mean, Detection limit=5.0 pmol/mol
2-methylpropane, pmol/mol, Statistics=expanded uncertainty 2sigma
numflag 2-methylpropane, no unit, Statistics=expanded uncertainty 2sigma
2-methylpropane, pmol/mol, Statistics=precision
numflag 2-methylpropane, no unit, Statistics=precision
ethane, pmol/mol, Statistics=arithmetic mean, Detection limit=7.0 pmol/mol
numflag ethane, no unit, Statistics=arithmetic mean, Detection limit=7.0 pmol/mol
ethane, pmol/mol, Statistics=expanded uncertainty 2sigma
numflag ethane, no unit, Statistics=expanded uncertainty 2sigma
ethane, pmol/mol, Statistics=precision
numflag ethane, no unit, Statistics=precision
ethene, pmol/mol, Statistics=arithmetic mean, Detection limit=5.0 pmol/mol
numflag ethene, no unit, Statistics=arithmetic mean, Detection limit=5.0 pmol/mol
ethene, pmol/mol, Statistics=expanded uncertainty 2sigma
numflag ethene, no unit, Statistics=expanded uncertainty 2sigma
ethene, pmol/mol, Statistics=precision
numflag ethene, no unit, Statistics=precision
propane, pmol/mol, Statistics=arithmetic mean, Detection limit=6.0 pmol/mol
numflag propane, no unit, Statistics=arithmetic mean, Detection limit=6.0 pmol/mol
propane, pmol/mol, Statistics=expanded uncertainty 2sigma
numflag propane, no unit, Statistics=expanded uncertainty 2sigma
propane, pmol/mol, Statistics=precision
numflag propane, no unit, Statistics=precision
propene, pmol/mol, Statistics=arithmetic mean, Detection limit=2.0 pmol/mol
numflag propene, no unit, Statistics=arithmetic mean, Detection limit=2.0 pmol/mol
propene, pmol/mol, Statistics=expanded uncertainty 2sigma
numflag propene, no unit, Statistics=expanded uncertainty 2sigma
propene, pmol/mol, Statistics=precision
numflag propene, no unit, Statistics=precision
0
54
Data definition:              EBAS_1.1
Set type code:                TI
Timezone:                     UTC
File name:                    CV0001G.20150101001139.20160823000000.online_gc..air.1y.1h.CV01L_Agilent_GC-FID_7890A_G3440A.CV01L_Manual_AIR_only.lev0.nas
File creation:                20200622165505
Startdate:                    20150101001139
Revision date:                20160823000000
Version:                      2
Version description:          second submission manually inspected
Data level:                   0
Period code:                  1y
Resolution code:              1h
Sample duration:              20mn
Orig. time res.:              54mn
Station code:                 CV0001G
Platform code:                CV0001S
Station name:                 Cape Verde Atmospheric Observatory
Station GAW-ID:               CVO
[...]
Volume std. temperature:      273.15 K
Volume std. pressure:         1013.25 hPa
Detection limit expl.:        Determined by the derived standard deviation of the integrated area of baseline signal over a time interval equal to avg peak width, data below detection limits are given appropriate flag.
Measurement uncertainty expl.: Includes reproducibility (precision) + systematic err
Zero/negative values:         Zero/negative filtered
Originator:                   Punjabi, Shalini, SHALINI.PUNJABI@YORK.AC.UK, National Centre for Atmospheric Science, NCAS, Wolfson Atmospheric Chemistry Laboratories, Innovation Way, , YO10 5DQ, York, Great Britain
Originator:                   Carpenter, Lucy, LUCY.CARPENTER@YORK.AC.UK, National Centre for Atmospheric Science, NCAS, Wolfson Atmospheric Chemistry Laboratories, Innovation Way, , YO10 5DQ, York, Great Britain
Submitter:                    Punjabi, Shalini, shalini.punjabi@york.ac.uk, National Centre for Atmospheric Science, NCAS, Wolfson Atmospheric Chemistry Laboratories, Innovation Way, , YO10 5DQ, York, Great Britain
Acknowledgement:              Request details from data originator
Comment:                      Initial H2O removal by cold fingers immers. in antifreeze mixture at -28C before acqust.involves 2th stage H2O rem by Sterling coolers at -40Cb before allowing it to pass through precon unit.
starttime endtime C4H10 flag_C4H10 C4H10 flag_C4H10 C4H10 flag_C4H10 C2H6 flag_C2H6 C2H6 flag_C2H6 C2H6 flag_C2H6 C2H4 flag_C2H4 C2H4 flag_C2H4 C2H4 flag_C2H4 C3H8 flag_C3H8 C3H8 flag_C3H8 C3H8 flag_C3H8 C3H6 flag_C3H6 C3H6 flag_C3H6 C3H6 flag_C3H6
[from data line 4733]
205.285822 205.299722   5.40 0.000  3.36 0.000  1.68 0.000   550.83 0.000   23.96 0.000   4.77 0.000  33.50 0.000  4.28 0.000  2.02 0.000   27.45 0.000   4.41 0.000  2.14 0.000   9.17 0.000  1.47 0.000 0.71 0.000
205.323368 205.337269   8.03 0.000  3.38 0.000  1.68 0.000   565.87 0.000   24.56 0.000   4.83 0.000  31.14 0.000  4.20 0.000  2.00 0.000   29.34 0.000   4.45 0.000  2.15 0.000   9.38 0.000  1.47 0.000 0.71 0.000
205.361019 205.374931   9.65 0.000  3.39 0.000  1.69 0.000   583.62 0.000   25.27 0.000   4.91 0.000  29.96 0.000  4.16 0.000  1.99 0.000   28.50 0.000   4.43 0.000  2.14 0.000   7.90 0.000  1.44 0.000 0.70 0.000
205.398426 205.412326   8.43 0.000  3.38 0.000  1.68 0.000   578.76 0.000   25.08 0.000   4.89 0.000  28.66 0.000  4.12 0.000  1.97 0.000   27.58 0.000   4.41 0.000  2.14 0.000   9.74 0.000  1.48 0.000 0.71 0.000
205.435949 205.449838   7.04 0.000  3.37 0.000  1.68 0.000   570.79 0.000   24.76 0.000   4.86 0.000  33.10 0.000  4.27 0.000  2.02 0.000   28.00 0.000   4.42 0.000  2.14 0.000   9.35 0.000  1.47 0.000 0.71 0.000
205.473495 205.487384   7.83 0.000  3.38 0.000  1.68 0.000   607.31 0.000   26.23 0.000   5.02 0.000  30.85 0.000  4.19 0.000  2.00 0.000   27.13 0.000   4.41 0.000  2.14 0.000   6.86 0.000  1.43 0.000 0.70 0.000
205.511019 205.524907   7.47 0.000  3.38 0.000  1.68 0.000   601.52 0.000   25.99 0.000   4.99 0.000  34.03 0.000  4.30 0.000  2.03 0.000   27.55 0.000   4.41 0.000  2.14 0.000   8.97 0.000  1.46 0.000 0.71 0.000
205.548553 205.562454   6.81 0.000  3.37 0.000  1.68 0.000   606.15 0.000   26.18 0.000   5.01 0.000  37.51 0.000  4.42 0.000  2.07 0.000   26.90 0.000   4.40 0.000  2.14 0.000  10.75 0.000  1.50 0.000 0.72 0.000
205.586065 205.599965   6.41 0.000  3.37 0.000  1.68 0.000   609.87 0.000   26.33 0.000   5.03 0.000  37.62 0.000  4.42 0.000  2.07 0.000   28.14 0.000   4.43 0.000  2.14 0.000   9.92 0.000  1.48 0.000 0.71 0.000
205.623623 205.637535   6.18 0.000  3.37 0.000  1.68 0.000   601.30 0.000   25.99 0.000   4.99 0.000  40.59 0.000  4.52 0.000  2.10 0.000   23.21 0.000   4.33 0.000  2.12 0.000  11.51 0.000  1.52 0.000 0.72 0.000
205.661215 205.675104   5.66 0.000  3.36 0.000  1.68 0.000   602.33 0.000   26.03 0.000   5.00 0.000  42.02 0.000  4.58 0.000  2.12 0.000   27.63 0.000   4.42 0.000  2.14 0.000  13.29 0.000  1.56 0.000 0.73 0.000
205.698773 205.712674   6.02 0.000  3.37 0.000  1.68 0.000   593.52 0.000   25.67 0.000   4.96 0.000  22.89 0.000  3.94 0.000  1.91 0.000   23.96 0.000   4.35 0.000  2.12 0.000   9.75 0.000  1.48 0.000 0.71 0.000
205.736400 205.750301   6.76 0.000  3.37 0.000  1.68 0.000   592.80 0.000   25.64 0.000   4.95 0.000 999.99 0.999 99.99 0.999 99.99 0.999   24.50 0.000   4.36 0.000  2.12 0.000 999.99 0.999 99.99 0.999 9.99 0.999
205.773993 205.787882   7.14 0.000  3.38 0.000  1.68 0.000   591.34 0.000   25.59 0.000   4.95 0.000  22.74 0.000  3.93 0.000  1.91 0.000   27.21 0.000   4.41 0.000  2.14 0.000   9.11 0.000  1.47 0.000 0.71 0.000
205.811551 205.825440   6.48 0.000  3.37 0.000  1.68 0.000   588.85 0.000   25.49 0.000   4.94 0.000  33.05 0.000  4.27 0.000  2.02 0.000   23.69 0.000   4.34 0.000  2.12 0.000  10.38 0.000  1.49 0.000 0.72 0.000
205.849132 205.863032   7.85 0.000  3.38 0.000  1.68 0.000   580.47 0.000   25.15 0.000   4.90 0.000  36.53 0.000  4.38 0.000  2.06 0.000   26.54 0.000   4.39 0.000  2.13 0.000  10.39 0.000  1.49 0.000 0.72 0.000
205.886701 205.900602   7.57 0.000  3.38 0.000  1.68 0.000   582.90 0.000   25.25 0.000   4.91 0.000  44.06 0.000  4.65 0.000  2.14 0.000   26.29 0.000   4.39 0.000  2.13 0.000  12.27 0.000  1.53 0.000 0.73 0.000
205.924259 205.938160   7.30 0.000  3.38 0.000  1.68 0.000   599.99 0.000   25.93 0.000   4.99 0.000  35.42 0.000  4.35 0.000  2.04 0.000   24.67 0.000   4.36 0.000  2.12 0.000  11.74 0.000  1.52 0.000 0.72 0.000
205.961817 205.975718   6.22 0.000  3.37 0.000  1.68 0.000   601.80 0.000   26.01 0.000   4.99 0.000  27.55 0.000  4.08 0.000  1.96 0.000   25.00 0.000   4.37 0.000  2.13 0.000   9.26 0.000  1.47 0.000 0.71 0.000
205.999340 206.013241   7.41 0.000  3.38 0.000  1.68 0.000   599.44 0.000   25.91 0.000   4.98 0.000  28.46 0.000  4.11 0.000  1.97 0.000   24.08 0.000   4.35 0.000  2.12 0.000  10.21 0.000  1.49 0.000 0.72 0.000
206.036887 206.050775   7.06 0.000  3.37 0.000  1.68 0.000   592.33 0.000   25.63 0.000   4.95 0.000  26.02 0.000  4.04 0.000  1.94 0.000   29.10 0.000   4.44 0.000  2.15 0.000  10.63 0.000  1.50 0.000 0.72 0.000
206.074421 206.088310   6.76 0.000  3.37 0.000  1.68 0.000   600.21 0.000   25.94 0.000   4.99 0.000  23.89 0.000  3.97 0.000  1.92 0.000   27.33 0.000   4.41 0.000  2.14 0.000   8.81 0.000  1.46 0.000 0.71 0.000
206.111944 206.125833   8.61 0.000  3.39 0.000  1.68 0.000   585.63 0.000   25.36 0.000   4.92 0.000  29.39 0.000  4.14 0.000  1.98 0.000   23.39 0.000   4.34 0.000  2.12 0.000   9.77 0.000  1.48 0.000 0.71 0.000
206.149468 206.163368   7.84 0.000  3.38 0.000  1.68 0.000   588.56 0.000   25.47 0.000   4.93 0.000  27.73 0.000  4.09 0.000  1.96 0.000   24.05 0.000   4.35 0.000  2.12 0.000   9.99 0.000  1.48 0.000 0.71 0.000
206.187014 206.200914   8.91 0.000  3.39 0.000  1.69 0.000   587.88 0.000   25.45 0.000   4.93 0.000  43.82 0.000  4.64 0.000  2.13 0.000   28.89 0.000   4.44 0.000  2.15 0.000  12.17 0.000  1.53 0.000 0.72 0.000
206.224572 206.238461   8.50 0.000  3.39 0.000  1.68 0.000   589.53 0.000   25.51 0.000   4.94 0.000  26.07 0.000  4.04 0.000  1.95 0.000   25.82 0.000   4.38 0.000  2.13 0.000   8.41 0.000  1.45 0.000 0.71 0.000
206.262072 206.275961   8.13 0.000  3.38 0.000  1.68 0.000   582.98 0.000   25.25 0.000   4.91 0.000  19.68 0.000  3.84 0.000  1.88 0.000   25.91 0.000   4.38 0.000  2.13 0.000   9.45 0.000  1.47 0.000 0.71 0.000
206.299595 206.313495   9.17 0.000  3.39 0.000  1.69 0.000   577.12 0.000   25.01 0.000   4.88 0.000  22.74 0.000  3.93 0.000  1.91 0.000   24.54 0.000   4.36 0.000  2.12 0.000   9.44 0.000  1.47 0.000 0.71 0.000
206.337106 206.350995   7.42 0.000  3.38 0.000  1.68 0.000   620.65 0.000   26.76 0.000   5.08 0.000  28.75 0.000  4.12 0.000  1.97 0.000   25.01 0.000   4.37 0.000  2.13 0.000  11.98 0.000  1.53 0.000 0.72 0.000
206.374641 206.388530   7.80 0.000  3.38 0.000  1.68 0.000   597.60 0.000   25.84 0.000   4.97 0.000  34.50 0.000  4.31 0.000  2.04 0.000   26.56 0.000   4.39 0.000  2.13 0.000  11.08 0.000  1.51 0.000 0.72 0.000
206.412164 206.426053   5.63 0.000  3.36 0.000  1.68 0.000   604.19 0.000   26.10 0.000   5.00 0.000  39.57 0.000  4.49 0.000  2.09 0.000   24.75 0.000   4.36 0.000  2.12 0.000  12.14 0.000  1.53 0.000 0.72 0.000
206.449688 206.463588   4.24 0.147  3.36 0.147  1.68 0.147   595.48 0.000   25.75 0.000   4.97 0.000  30.07 0.000  4.17 0.000  1.99 0.000   23.34 0.000   4.33 0.000  2.12 0.000  10.13 0.000  1.49 0.000 0.72 0.000
206.487199 206.501100   2.05 0.147  3.34 0.147  1.67 0.147   598.68 0.000   25.88 0.000   4.98 0.000  29.82 0.000  4.16 0.000  1.99 0.000   20.86 0.000   4.29 0.000  2.10 0.000   8.87 0.000  1.46 0.000 0.71 0.000
206.524769 206.538669   3.64 0.147  3.35 0.147  1.67 0.147   567.81 0.000   24.64 0.000   4.84 0.000  25.28 0.000  4.01 0.000  1.94 0.000   21.69 0.000   4.30 0.000  2.11 0.000   9.93 0.000  1.48 0.000 0.71 0.000
206.562326 206.576238   3.12 0.147  3.35 0.147  1.67 0.147   568.33 0.000   24.66 0.000   4.85 0.000  33.75 0.000  4.29 0.000  2.03 0.000   17.21 0.000   4.23 0.000  2.09 0.000   9.49 0.000  1.47 0.000 0.71 0.000
206.599919 206.613819   3.88 0.147  3.35 0.147  1.67 0.147   540.16 0.000   23.53 0.000   4.72 0.000  28.40 0.000  4.11 0.000  1.97 0.000   17.95 0.000   4.24 0.000  2.09 0.000   8.22 0.000  1.45 0.000 0.71 0.000
206.637488 206.651377   4.79 0.147  3.36 0.147  1.68 0.147   529.19 0.000   23.09 0.000   4.67 0.000  27.51 0.000  4.08 0.000  1.96 0.000   19.61 0.000   4.27 0.000  2.10 0.000   9.54 0.000  1.48 0.000 0.71 0.000
206.675058 206.688947   2.68 0.147  3.35 0.147  1.67 0.147   525.64 0.000   22.95 0.000   4.66 0.000  24.82 0.000  4.00 0.000  1.93 0.000   21.36 0.000   4.30 0.000  2.11 0.000   7.81 0.000  1.44 0.000 0.70 0.000
206.712627 206.726516   2.98 0.147  3.35 0.147  1.67 0.147   510.52 0.000   22.34 0.000   4.59 0.000  26.07 0.000  4.04 0.000  1.95 0.000   19.68 0.000   4.27 0.000  2.10 0.000   9.15 0.000  1.47 0.000 0.71 0.000
206.750208 206.764097   2.61 0.147  3.35 0.147  1.67 0.147   498.40 0.000   21.86 0.000   4.54 0.000  24.59 0.000  3.99 0.000  1.93 0.000   19.52 0.000   4.27 0.000  2.10 0.000   9.51 0.000  1.48 0.000 0.71 0.000
206.787789 206.801667   1.83 0.147  3.34 0.147  1.67 0.147   491.32 0.000   21.58 0.000   4.51 0.000  31.89 0.000  4.23 0.000  2.01 0.000   18.13 0.000   4.24 0.000  2.09 0.000  10.29 0.000  1.49 0.000 0.72 0.000
206.825336 206.839225 999.99 0.999 99.99 0.999 99.99 0.999   470.56 0.000   20.75 0.000   4.41 0.000  20.22 0.000  3.86 0.000  1.88 0.000   14.73 0.000   4.19 0.000  2.07 0.000   8.47 0.000  1.45 0.000 0.71 0.000
206.862882 206.876782 999.99 0.999 99.99 0.999 99.99 0.999   467.25 0.000   20.61 0.000   4.40 0.000  23.05 0.000  3.94 0.000  1.91 0.000   14.65 0.000   4.19 0.000  2.07 0.000  10.93 0.000  1.50 0.000 0.72 0.000
206.900405 206.914306   0.87 0.147  3.34 0.147  1.67 0.147   468.95 0.000   20.68 0.000   4.41 0.000  27.68 0.000  4.09 0.000  1.96 0.000   13.79 0.000   4.17 0.000  2.07 0.000   9.71 0.000  1.48 0.000 0.71 0.000
206.937951 206.951840   2.63 0.147  3.35 0.147  1.67 0.147   471.98 0.000   20.80 0.000   4.42 0.000  24.24 0.000  3.98 0.000  1.93 0.000   11.22 0.000   4.14 0.000  2.06 0.000   9.24 0.000  1.47 0.000 0.71 0.000
206.975486 206.989387   2.07 0.147  3.34 0.147  1.67 0.147   474.41 0.000   20.90 0.000   4.43 0.000  21.31 0.000  3.89 0.000  1.89 0.000   13.62 0.000   4.17 0.000  2.07 0.000   7.21 0.000  1.43 0.000 0.70 0.000
207.013009 207.026910 999.99 0.999 99.99 0.999 99.99 0.999   449.37 0.000   19.90 0.000   4.32 0.000  20.93 0.000  3.88 0.000  1.89 0.000    9.52 0.000   4.11 0.000  2.05 0.000  12.35 0.000  1.53 0.000 0.73 0.000
207.049757 207.063657 999.99 0.999 99.99 0.999 99.99 0.999   454.61 0.000   20.11 0.000   4.34 0.000  21.33 0.000  3.89 0.000  1.89 0.000    9.83 0.000   4.12 0.000  2.05 0.000   9.16 0.000  1.47 0.000 0.71 0.000
207.087257 207.101157 999.99 0.999 99.99 0.999 99.99 0.999   461.52 0.000   20.39 0.000   4.37 0.000  22.14 0.000  3.92 0.000  1.90 0.000   13.07 0.000   4.16 0.000  2.07 0.000   7.63 0.000  1.44 0.000 0.70 0.000
207.124780 207.138681 999.99 0.999 99.99 0.999 99.99 0.999   452.26 0.000   20.02 0.000   4.33 0.000  25.24 0.000  4.01 0.000  1.94 0.000   12.62 0.000   4.16 0.000  2.06 0.000   9.00 0.000  1.47 0.000 0.71 0.000
207.162303 207.176192 999.99 0.999 99.99 0.999 99.99 0.999   456.49 0.000   20.19 0.000   4.35 0.000  23.57 0.000  3.96 0.000  1.92 0.000   12.85 0.000   4.16 0.000  2.06 0.000   7.75 0.000  1.44 0.000 0.70 0.000
207.199815 207.213704 999.99 0.999 99.99 0.999 99.99 0.999   457.23 0.000   20.22 0.000   4.35 0.000  18.70 0.000  3.81 0.000  1.87 0.000    9.83 0.000   4.12 0.000  2.05 0.000   8.69 0.000  1.46 0.000 0.71 0.000
207.237303 207.251204   1.70 0.147  3.34 0.147  1.67 0.147   460.23 0.000   20.34 0.000   4.37 0.000  20.48 0.000  3.87 0.000  1.89 0.000   14.61 0.000   4.19 0.000  2.07 0.000   6.98 0.000  1.43 0.000 0.70 0.000
207.274838 207.288750 999.99 0.999 99.99 0.999 99.99 0.999   459.31 0.000   20.30 0.000   4.36 0.000  21.69 0.000  3.90 0.000  1.90 0.000   16.71 0.000   4.22 0.000  2.08 0.000   8.68 0.000  1.46 0.000 0.71 0.000
207.312373 207.326273   2.79 0.147  3.35 0.147  1.67 0.147   463.16 0.000   20.45 0.000   4.38 0.000  25.16 0.000  4.01 0.000  1.94 0.000   19.21 0.000   4.26 0.000  2.10 0.000  11.66 0.000  1.52 0.000 0.72 0.000
207.349907 207.363808   3.89 0.147  3.35 0.147  1.67 0.147   455.50 0.000   20.15 0.000   4.35 0.000  24.57 0.000  3.99 0.000  1.93 0.000   19.77 0.000   4.27 0.000  2.10 0.000   8.45 0.000  1.45 0.000 0.71 0.000
207.387431 207.401505   4.56 0.147  3.36 0.147  1.68 0.147   453.19 0.000   20.05 0.000   4.34 0.000  21.53 0.000  3.90 0.000  1.90 0.000   16.66 0.000   4.22 0.000  2.08 0.000   9.61 0.000  1.48 0.000 0.71 0.000
207.425185 207.439120   1.40 0.147  3.34 0.147  1.67 0.147   450.42 0.000   19.94 0.000   4.32 0.000  24.99 0.000  4.00 0.000  1.93 0.000   13.81 0.000   4.17 0.000  2.07 0.000   8.87 0.000  1.46 0.000 0.71 0.000
207.462813 207.476748   2.60 0.147  3.35 0.147  1.67 0.147   455.07 0.000   20.13 0.000   4.34 0.000  23.17 0.000  3.95 0.000  1.91 0.000   18.81 0.000   4.26 0.000  2.09 0.000  10.52 0.000  1.50 0.000 0.72 0.000
207.500451 207.514387   2.59 0.147  3.35 0.147  1.67 0.147   456.86 0.000   20.20 0.000   4.35 0.000  18.65 0.000  3.81 0.000  1.87 0.000   17.50 0.000   4.23 0.000  2.09 0.000   7.76 0.000  1.44 0.000 0.70 0.000
207.538113 207.552049   4.00 0.147  3.35 0.147  1.68 0.147   444.82 0.000   19.72 0.000   4.30 0.000  12.29 0.000  3.63 0.000  1.80 0.000   18.68 0.000   4.25 0.000  2.09 0.000   8.24 0.000  1.45 0.000 0.71 0.000
208.021366 208.035255   1.45 0.147  3.34 0.147  1.67 0.147   574.23 0.000   24.90 0.000   4.87 0.000  17.85 0.000  3.79 0.000  1.86 0.000   21.79 0.000   4.31 0.000  2.11 0.000   7.82 0.000  1.44 0.000 0.70 0.000
208.058889 208.072789 999.99 0.999 99.99 0.999 99.99 0.999   579.57 0.000   25.11 0.000   4.90 0.000  20.39 0.000  3.86 0.000  1.88 0.000   22.32 0.000   4.32 0.000  2.11 0.000   8.41 0.000  1.45 0.000 0.71 0.000
208.096505 208.110312 999.99 0.999 99.99 0.999 99.99 0.999   589.15 0.000   25.50 0.000   4.94 0.000  19.85 0.000  3.85 0.000  1.88 0.000   22.46 0.000   4.32 0.000  2.11 0.000  11.05 0.000  1.51 0.000 0.72 0.000
208.133970 208.147859   2.19 0.147  3.34 0.147  1.67 0.147   584.01 0.000   25.29 0.000   4.91 0.000  20.73 0.000  3.87 0.000  1.89 0.000   21.79 0.000   4.31 0.000  2.11 0.000   6.08 0.000  1.41 0.000 0.70 0.000
208.171470 208.185382 999.99 0.999 99.99 0.999 99.99 0.999   605.82 0.000   26.17 0.000   5.01 0.000  22.00 0.000  3.91 0.000  1.90 0.000   22.71 0.000   4.32 0.000  2.11 0.000   9.48 0.000  1.47 0.000 0.71 0.000
208.209016 208.222905   1.16 0.147  3.34 0.147  1.67 0.147   622.07 0.000   26.82 0.000   5.08 0.000  21.05 0.000  3.88 0.000  1.89 0.000   26.80 0.000   4.40 0.000  2.13 0.000  10.11 0.000  1.49 0.000 0.72 0.000
208.246609 208.260498   2.18 0.147  3.34 0.147  1.67 0.147   630.74 0.000   27.17 0.000   5.12 0.000  18.59 0.000  3.81 0.000  1.87 0.000   28.80 0.000   4.44 0.000  2.14 0.000   6.95 0.000  1.43 0.000 0.70 0.000
208.284132 208.298032 999.99 0.999 99.99 0.999 99.99 0.999   644.27 0.000   27.72 0.000   5.18 0.000  19.59 0.000  3.84 0.000  1.88 0.000   28.26 0.000   4.43 0.000  2.14 0.000   9.38 0.000  1.47 0.000 0.71 0.000
208.321667 208.335567   1.64 0.147  3.34 0.147  1.67 0.147   635.05 0.000   27.34 0.000   5.14 0.000  21.07 0.000  3.88 0.000  1.89 0.000   26.41 0.000   4.39 0.000  2.13 0.000   8.53 0.000  1.46 0.000 0.71 0.000
208.359190 208.373079   1.73 0.147  3.34 0.147  1.67 0.147   620.67 0.000   26.77 0.000   5.08 0.000  20.53 0.000  3.87 0.000  1.89 0.000   28.73 0.000   4.44 0.000  2.14 0.000  10.48 0.000  1.49 0.000 0.72 0.000
208.396701 208.410590   3.05 0.147  3.35 0.147  1.67 0.147   632.99 0.000   27.26 0.000   5.13 0.000  21.89 0.000  3.91 0.000  1.90 0.000   29.35 0.000   4.45 0.000  2.15 0.000   9.14 0.000  1.47 0.000 0.71 0.000
208.434236 208.448125   2.65 0.147  3.35 0.147  1.67 0.147   625.11 0.000   26.94 0.000   5.10 0.000  20.55 0.000  3.87 0.000  1.89 0.000   29.91 0.000   4.46 0.000  2.15 0.000   9.90 0.000  1.48 0.000 0.71 0.000
208.471806 208.485671   1.70 0.147  3.34 0.147  1.67 0.147   628.83 0.000   27.09 0.000   5.11 0.000  26.64 0.000  4.06 0.000  1.95 0.000   27.68 0.000   4.42 0.000  2.14 0.000   9.79 0.000  1.48 0.000 0.71 0.000
