RRS/CV0001G.20150101001139.20160823000000.online_gc..air.1y.1h.CV01L_Agilent_GC-FID_7890A_G3440A.CV01L_Manual_AIR_only.lev0.nas
99 1001
Punjabi, Shalini; Carpenter, Lucy
CV01L, National Institute of Meteorology and Geophysics, , , "Espargos, Ilha do Sal 76", , , , Cape Verde
Punjabi, Shalini
ACTRIS GAW-WDCGG-node
1 1
2015 01 01 2016 08 23
0
days from file reference point
31
1 1 1 1 1 1 1 1 1 1 1 1 1 1 1 1 1 1 1 1 1 1 1 1 1 1 1 1 1 1 1
999.999999 999.99 9.999 99.99 9.999 99.99 9.999 99999.99 9.999 9999.99 9.999 999.99 9.999 999.99 9.999 99.99 9.999 99.99 9.999 9999.99 9.999 999.99 9.999 99.99 9.999 999.99 9.999 99.99 9.999 9.99 9.999
end_time of measurement, days from the file reference point
2-methylpropane, pmol/mol, Statistics=arithmetic mean, Detection limit=5.0 pmol/mol
numflag 2-methylpropane, no unit, Statistics=arithmetic mean, Detection limit=5.0 pmol/mol
2-methylpropane, pmol/mol, Statistics=expanded uncertainty 2sigma
numflag 2-methylpropane, no unit, Statistics=expanded uncertainty 2sigma
2-methylpropane, pmol/mol, Statistics=precision
numflag 2-methylpropane, no unit, Statistics=precision
ethane, pmol/mol, Statistics=arithmetic mean, Detection limit=7.0 pmol/mol
numflag ethane, no unit, Statistics=arithmetic mean, Detection limit=7.0 pmol/mol
ethane, pmol/mol, Statistics=expanded uncertainty 2sigma
numflag ethane, no unit, Statistics=expanded uncertainty 2sigma
ethane, pmol/mol, Statistics=precision
numflag ethane, no unit, Statistics=precision
ethene, pmol/mol, Statistics=arithmetic mean, Detection limit=5.0 pmol/mol
numflag ethene, no unit, Statistics=arithmetic mean, Detection limit=5.0 pmol/mol
ethene, pmol/mol, Statistics=expanded uncertainty 2sigma
numflag ethene, no unit, Statistics=expanded uncertainty 2sigma
ethene, pmol/mol, Statistics=precision
numflag ethene, no unit, Statistics=precision
propane, pmol/mol, Statistics=arithmetic mean, Detection limit=6.0 pmol/mol
numflag propane, no unit, Statistics=arithmetic mean, Detection limit=6.0 pmol/mol
propane, pmol/mol, Statistics=expanded uncertainty 2sigma
numflag propane, no unit, Statistics=expanded uncertainty 2sigma
propane, pmol/mol, Statistics=precision
numflag propane, no unit, Statistics=precision
propene, pmol/mol, Statistics=arithmetic mean, Detection limit=2.0 pmol/mol
numflag propene, no unit, Statistics=arithmetic mean, Detection limit=2.0 pmol/mol
propene, pmol/mol, Statistics=expanded uncertainty 2sigma
numflag propene, no unit, Statistics=expanded uncertainty 2sigma
propene, pmol/mol, Statistics=precision
numflag propene, no unit, Statistics=precision
0
54
Data definition:              EBAS_1.1
Set type code:                TI
Timezone:                     UTC
File name:                    CV0001G.20150101001139.20160823000000.online_gc..air.1y.1h.CV01L_Agilent_GC-FID_7890A_G3440A.CV01L_Manual_AIR_only.lev0.nas
File creation:                20200622165505
Startdate:                    20150101001139
Revision date:                20160823000000
Version:                      2
Version description:          second submission manually inspected
Data level:                   0
Period code:                  1y
Resolution code:              1h
Sample duration:              20mn
Orig. time res.:              54mn
Station code:                 CV0001G
Platform code:                CV0001S
Station name:                 Cape Verde Atmospheric Observatory
Station GAW-ID:               CVO
[...]
Volume std. temperature:      273.15 K
Volume std. pressure:         1013.25 hPa
Detection limit expl.:        Determined by the derived standard deviation of the integrated area of baseline signal over a time interval equal to avg peak width, data below detection limits are given appropriate flag.
Measurement uncertainty expl.: Includes reproducibility (precision) + systematic err
Zero/negative values:         Zero/negative filtered
Originator:                   Punjabi, Shalini, SHALINI.PUNJABI@YORK.AC.UK, National Centre for Atmospheric Science, NCAS, Wolfson Atmospheric Chemistry Laboratories, Innovation Way, , YO10 5DQ, York, Great Britain
Originator:                   Carpenter, Lucy, LUCY.CARPENTER@YORK.AC.UK, National Centre for Atmospheric Science, NCAS, Wolfson Atmospheric Chemistry Laboratories, Innovation Way, , YO10 5DQ, York, Great Britain
Submitter:                    Punjabi, Shalini, shalini.punjabi@york.ac.uk, National Centre for Atmospheric Science, NCAS, Wolfson Atmospheric Chemistry Laboratories, Innovation Way, , YO10 5DQ, York, Great Britain
Acknowledgement:              Request details from data originator
Comment:                      Initial H2O removal by cold fingers immers. in antifreeze mixture at -28C before acqust.involves 2th stage H2O rem by Sterling coolers at -40Cb before allowing it to pass through precon unit.
starttime endtime C4H10 flag_C4H10 C4H10 flag_C4H10 C4H10 flag_C4H10 C2H6 flag_C2H6 C2H6 flag_C2H6 C2H6 flag_C2H6 C2H4 flag_C2H4 C2H4 flag_C2H4 C2H4 flag_C2H4 C3H8 flag_C3H8 C3H8 flag_C3H8 C3H8 flag_C3H8 C3H6 flag_C3H6 C3H6 flag_C3H6 C3H6 flag_C3H6
[from data line 4432]
190.542002 190.555903   7.07 0.000  3.37 0.000  1.68 0.000   564.01 0.000   24.49 0.000   4.83 0.000  17.81 0.000  3.79 0.000  1.86 0.000   24.82 0.000   4.36 0.000  2.12 0.000   8.54 0.000  1.46 0.000 0.71 0.000
190.579583 190.593588 999.99 0.999 99.99 0.999 99.99 0.999   573.75 0.000   24.88 0.000   4.87 0.000  23.39 0.000  3.95 0.000  1.92 0.000   28.73 0.000   4.44 0.000  2.14 0.000  12.26 0.000  1.53 0.000 0.73 0.000
190.617245 190.631146   5.76 0.000  3.37 0.000  1.68 0.000   572.98 0.000   24.85 0.000   4.87 0.000  19.24 0.000  3.83 0.000  1.87 0.000   27.15 0.000   4.41 0.000  2.14 0.000   8.11 0.000  1.45 0.000 0.71 0.000
190.654896 190.668785   5.12 0.000  3.36 0.000  1.68 0.000   581.28 0.000   25.18 0.000   4.90 0.000  19.35 0.000  3.83 0.000  1.87 0.000   22.95 0.000   4.33 0.000  2.12 0.000   5.28 0.000  1.40 0.000 0.69 0.000
190.692569 190.706470   3.43 0.147  3.35 0.147  1.67 0.147   563.44 0.000   24.46 0.000   4.82 0.000  18.35 0.000  3.80 0.000  1.86 0.000   20.59 0.000   4.29 0.000  2.10 0.000   7.72 0.000  1.44 0.000 0.70 0.000
190.730150 190.744051   4.96 0.147  3.36 0.147  1.68 0.147   559.50 0.000   24.31 0.000   4.81 0.000  18.72 0.000  3.81 0.000  1.87 0.000   19.80 0.000   4.27 0.000  2.10 0.000   7.02 0.000  1.43 0.000 0.70 0.000
190.767743 190.781632   5.73 0.000  3.36 0.000  1.68 0.000   548.69 0.000   23.87 0.000   4.76 0.000  17.59 0.000  3.78 0.000  1.85 0.000   18.84 0.000   4.26 0.000  2.09 0.000   7.59 0.000  1.44 0.000 0.70 0.000
190.805359 190.819259   3.31 0.147  3.35 0.147  1.67 0.147   518.90 0.000   22.68 0.000   4.63 0.000  15.47 0.000  3.72 0.000  1.83 0.000   18.18 0.000   4.24 0.000  2.09 0.000   6.32 0.000  1.42 0.000 0.70 0.000
190.842963 190.856852   2.90 0.147  3.35 0.147  1.67 0.147   529.06 0.000   23.09 0.000   4.67 0.000  18.59 0.000  3.81 0.000  1.87 0.000   17.12 0.000   4.23 0.000  2.09 0.000   7.90 0.000  1.44 0.000 0.70 0.000
190.880556 190.894444   3.75 0.147  3.35 0.147  1.67 0.147   567.12 0.000   24.61 0.000   4.84 0.000  21.22 0.000  3.89 0.000  1.89 0.000   21.11 0.000   4.29 0.000  2.11 0.000  10.05 0.000  1.49 0.000 0.71 0.000
190.918171 190.932072   4.47 0.147  3.36 0.147  1.68 0.147   564.97 0.000   24.53 0.000   4.83 0.000  18.99 0.000  3.82 0.000  1.87 0.000   20.61 0.000   4.29 0.000  2.10 0.000   6.42 0.000  1.42 0.000 0.70 0.000
190.955799 190.969699   6.40 0.000  3.37 0.000  1.68 0.000   559.30 0.000   24.30 0.000   4.81 0.000  21.29 0.000  3.89 0.000  1.89 0.000   24.07 0.000   4.35 0.000  2.12 0.000   8.60 0.000  1.46 0.000 0.71 0.000
190.993403 191.007303   4.03 0.147  3.35 0.147  1.68 0.147   535.67 0.000   23.35 0.000   4.70 0.000  28.14 0.000  4.10 0.000  1.97 0.000   23.17 0.000   4.33 0.000  2.12 0.000   9.53 0.000  1.48 0.000 0.71 0.000
191.030984 191.044896 999.99 0.999 99.99 0.999 99.99 0.999   536.64 0.000   23.39 0.000   4.71 0.000  41.41 0.000  4.55 0.000  2.11 0.000   25.51 0.000   4.37 0.000  2.13 0.000  14.05 0.000  1.57 0.000 0.73 0.000
191.068576 191.082465 999.99 0.999 99.99 0.999 99.99 0.999   538.85 0.000   23.48 0.000   4.72 0.000  31.72 0.000  4.22 0.000  2.01 0.000   22.36 0.000   4.32 0.000  2.11 0.000  10.11 0.000  1.49 0.000 0.72 0.000
191.106111 191.120023   6.19 0.000  3.37 0.000  1.68 0.000   543.26 0.000   23.65 0.000   4.73 0.000  22.83 0.000  3.94 0.000  1.91 0.000   23.08 0.000   4.33 0.000  2.12 0.000   8.18 0.000  1.45 0.000 0.71 0.000
191.143657 191.157569   8.97 0.000  3.39 0.000  1.69 0.000   556.69 0.000   24.19 0.000   4.79 0.000  21.84 0.000  3.91 0.000  1.90 0.000   27.46 0.000   4.41 0.000  2.14 0.000   9.40 0.000  1.47 0.000 0.71 0.000
191.181181 191.195081   9.57 0.000  3.39 0.000  1.69 0.000   582.04 0.000   25.21 0.000   4.91 0.000  27.57 0.000  4.09 0.000  1.96 0.000   29.09 0.000   4.44 0.000  2.15 0.000   7.86 0.000  1.44 0.000 0.70 0.000
191.218704 191.232593   9.79 0.000  3.40 0.000  1.69 0.000   584.45 0.000   25.31 0.000   4.92 0.000  24.33 0.000  3.98 0.000  1.93 0.000   30.85 0.000   4.48 0.000  2.16 0.000  11.83 0.000  1.52 0.000 0.72 0.000
191.256250 191.270150   9.99 0.000  3.40 0.000  1.69 0.000   578.65 0.000   25.08 0.000   4.89 0.000  26.52 0.000  4.05 0.000  1.95 0.000   30.63 0.000   4.48 0.000  2.15 0.000  10.11 0.000  1.49 0.000 0.72 0.000
191.293762 191.307650   5.92 0.000  3.37 0.000  1.68 0.000   573.64 0.000   24.87 0.000   4.87 0.000  26.89 0.000  4.06 0.000  1.95 0.000   25.67 0.000   4.38 0.000  2.13 0.000   6.87 0.000  1.43 0.000 0.70 0.000
191.331319 191.345208   7.20 0.000  3.38 0.000  1.68 0.000   554.73 0.000   24.11 0.000   4.79 0.000  30.08 0.000  4.17 0.000  1.99 0.000   27.06 0.000   4.40 0.000  2.14 0.000  13.48 0.000  1.56 0.000 0.73 0.000
191.368831 191.382720   5.84 0.000  3.37 0.000  1.68 0.000   551.58 0.000   23.99 0.000   4.77 0.000  28.21 0.000  4.11 0.000  1.97 0.000   27.73 0.000   4.42 0.000  2.14 0.000   9.03 0.000  1.47 0.000 0.71 0.000
191.406354 191.420255   5.28 0.000  3.36 0.000  1.68 0.000   567.12 0.000   24.61 0.000   4.84 0.000  34.68 0.000  4.32 0.000  2.04 0.000   28.16 0.000   4.43 0.000  2.14 0.000  12.29 0.000  1.53 0.000 0.73 0.000
191.443900 191.457789   4.57 0.147  3.36 0.147  1.68 0.147   570.89 0.000   24.76 0.000   4.86 0.000  25.90 0.000  4.03 0.000  1.94 0.000   26.23 0.000   4.39 0.000  2.13 0.000  10.75 0.000  1.50 0.000 0.72 0.000
191.481447 191.495347   4.39 0.147  3.36 0.147  1.68 0.147   555.94 0.000   24.16 0.000   4.79 0.000  23.54 0.000  3.96 0.000  1.92 0.000   25.73 0.000   4.38 0.000  2.13 0.000   7.74 0.000  1.44 0.000 0.70 0.000
191.518981 191.532882   3.59 0.147  3.35 0.147  1.67 0.147   554.34 0.000   24.10 0.000   4.78 0.000  24.04 0.000  3.97 0.000  1.92 0.000   24.09 0.000   4.35 0.000  2.12 0.000   8.24 0.000  1.45 0.000 0.71 0.000
191.556551 191.570440   3.24 0.147  3.35 0.147  1.67 0.147   556.74 0.000   24.20 0.000   4.79 0.000  23.99 0.000  3.97 0.000  1.92 0.000   28.83 0.000   4.44 0.000  2.15 0.000   8.20 0.000  1.45 0.000 0.71 0.000
191.594190 191.607998   2.75 0.147  3.35 0.147  1.67 0.147   565.57 0.000   24.55 0.000   4.83 0.000  25.78 0.000  4.03 0.000  1.94 0.000   23.03 0.000   4.33 0.000  2.12 0.000   6.63 0.000  1.42 0.000 0.70 0.000
191.631667 191.645556   2.43 0.147  3.34 0.147  1.67 0.147   566.92 0.000   24.60 0.000   4.84 0.000  20.69 0.000  3.87 0.000  1.89 0.000   22.49 0.000   4.32 0.000  2.11 0.000   6.02 0.000  1.41 0.000 0.70 0.000
191.669236 191.683125   2.06 0.147  3.34 0.147  1.67 0.147   568.67 0.000   24.67 0.000   4.85 0.000  22.63 0.000  3.93 0.000  1.91 0.000   24.79 0.000   4.36 0.000  2.12 0.000   8.36 0.000  1.45 0.000 0.71 0.000
191.706794 191.720683 999.99 0.999 99.99 0.999 99.99 0.999   580.18 0.000   25.14 0.000   4.90 0.000  19.60 0.000  3.84 0.000  1.88 0.000   20.51 0.000   4.28 0.000  2.10 0.000   5.61 0.000  1.41 0.000 0.69 0.000
191.744375 191.758275   1.73 0.147  3.34 0.147  1.67 0.147   579.16 0.000   25.10 0.000   4.89 0.000  17.94 0.000  3.79 0.000  1.86 0.000   23.49 0.000   4.34 0.000  2.12 0.000   5.88 0.000  1.41 0.000 0.69 0.000
193.747998 193.761887 999.99 0.999 99.99 0.999 99.99 0.999 99999.99 0.999 9999.99 0.999 999.99 0.999 999.99 0.999 99.99 0.999 99.99 0.999 9999.99 0.999 999.99 0.999 99.99 0.999 999.99 0.999 99.99 0.999 9.99 0.999
193.782720 193.796609   7.99 0.000  3.38 0.000  1.68 0.000   563.37 0.000   24.46 0.000   4.82 0.000 999.99 0.999 99.99 0.999 99.99 0.999   22.84 0.000   4.33 0.000  2.11 0.000   3.39 0.000  1.37 0.000 0.68 0.000
193.820197 193.834086   8.24 0.000  3.38 0.000  1.68 0.000   562.21 0.000   24.41 0.000   4.82 0.000 999.99 0.999 99.99 0.999 99.99 0.999   21.95 0.000   4.31 0.000  2.11 0.000   3.21 0.000  1.37 0.000 0.68 0.000
193.857697 193.871586   8.64 0.000  3.39 0.000  1.69 0.000   554.20 0.000   24.09 0.000   4.78 0.000 999.99 0.999 99.99 0.999 99.99 0.999   22.79 0.000   4.32 0.000  2.11 0.000 999.99 0.999 99.99 0.999 9.99 0.999
193.895208 193.909109   8.99 0.000  3.39 0.000  1.69 0.000   525.13 0.000   22.93 0.000   4.65 0.000 999.99 0.999 99.99 0.999 99.99 0.999   22.99 0.000   4.33 0.000  2.12 0.000   4.67 0.000  1.39 0.000 0.69 0.000
193.932685 193.946574   7.83 0.000  3.38 0.000  1.68 0.000   545.25 0.000   23.73 0.000   4.74 0.000 999.99 0.999 99.99 0.999 99.99 0.999   25.54 0.000   4.38 0.000  2.13 0.000   4.84 0.000  1.39 0.000 0.69 0.000
193.970185 193.984086   6.03 0.000  3.37 0.000  1.68 0.000   551.10 0.000   23.97 0.000   4.77 0.000 999.99 0.999 99.99 0.999 99.99 0.999   26.26 0.000   4.39 0.000  2.13 0.000   7.00 0.000  1.43 0.000 0.70 0.000
194.007697 194.021597   7.71 0.000  3.38 0.000  1.68 0.000   548.36 0.000   23.86 0.000   4.76 0.000  19.24 0.000  3.83 0.000  1.87 0.000   23.07 0.000   4.33 0.000  2.12 0.000   5.66 0.000  1.41 0.000 0.69 0.000
194.045185 194.059074   5.43 0.000  3.36 0.000  1.68 0.000   547.00 0.000   23.80 0.000   4.75 0.000  16.83 0.000  3.76 0.000  1.85 0.000   25.12 0.000   4.37 0.000  2.13 0.000   6.42 0.000  1.42 0.000 0.70 0.000
194.082685 194.096574   4.80 0.147  3.36 0.147  1.68 0.147   534.05 0.000   23.29 0.000   4.69 0.000  20.53 0.000  3.87 0.000  1.89 0.000   24.23 0.000   4.35 0.000  2.12 0.000   8.35 0.000  1.45 0.000 0.71 0.000
194.120174 194.134074   4.17 0.147  3.35 0.147  1.68 0.147   540.11 0.000   23.53 0.000   4.72 0.000  14.82 0.000  3.70 0.000  1.82 0.000   22.88 0.000   4.33 0.000  2.12 0.000   7.84 0.000  1.44 0.000 0.70 0.000
194.157708 194.171597   5.36 0.000  3.36 0.000  1.68 0.000   538.93 0.000   23.48 0.000   4.72 0.000  14.04 0.000  3.68 0.000  1.82 0.000   23.92 0.000   4.35 0.000  2.12 0.000   6.12 0.000  1.41 0.000 0.70 0.000
194.195174 194.209086   4.67 0.147  3.36 0.147  1.68 0.147   530.72 0.000   23.15 0.000   4.68 0.000  17.92 0.000  3.79 0.000  1.86 0.000   22.89 0.000   4.33 0.000  2.12 0.000   5.43 0.000  1.40 0.000 0.69 0.000
194.232697 194.246586   7.63 0.000  3.38 0.000  1.68 0.000   536.17 0.000   23.37 0.000   4.70 0.000  17.56 0.000  3.78 0.000  1.85 0.000   26.08 0.000   4.39 0.000  2.13 0.000   8.27 0.000  1.45 0.000 0.71 0.000
194.270174 194.284074   7.06 0.000  3.37 0.000  1.68 0.000   538.20 0.000   23.45 0.000   4.71 0.000  15.76 0.000  3.73 0.000  1.83 0.000   23.65 0.000   4.34 0.000  2.12 0.000   5.71 0.000  1.41 0.000 0.69 0.000
194.307720 194.321609   7.62 0.000  3.38 0.000  1.68 0.000   522.68 0.000   22.83 0.000   4.64 0.000  23.16 0.000  3.95 0.000  1.91 0.000   27.00 0.000   4.40 0.000  2.14 0.000   8.55 0.000  1.46 0.000 0.71 0.000
194.345266 194.359086   7.78 0.000  3.38 0.000  1.68 0.000   529.80 0.000   23.11 0.000   4.68 0.000  19.05 0.000  3.82 0.000  1.87 0.000   26.08 0.000   4.39 0.000  2.13 0.000   8.43 0.000  1.45 0.000 0.71 0.000
194.382743 194.396632  10.30 0.000  3.40 0.000  1.69 0.000   524.64 0.000   22.91 0.000   4.65 0.000  19.89 0.000  3.85 0.000  1.88 0.000   28.09 0.000   4.42 0.000  2.14 0.000   8.81 0.000  1.46 0.000 0.71 0.000
194.420243 194.434155  10.63 0.000  3.40 0.000  1.69 0.000   521.97 0.000   22.80 0.000   4.64 0.000  17.77 0.000  3.79 0.000  1.86 0.000   27.41 0.000   4.41 0.000  2.14 0.000   7.51 0.000  1.44 0.000 0.70 0.000
194.457755 194.471655   8.43 0.000  3.38 0.000  1.68 0.000   523.68 0.000   22.87 0.000   4.65 0.000  22.02 0.000  3.91 0.000  1.90 0.000   23.69 0.000   4.34 0.000  2.12 0.000   6.73 0.000  1.42 0.000 0.70 0.000
194.495231 194.509120   8.36 0.000  3.38 0.000  1.68 0.000   521.09 0.000   22.77 0.000   4.64 0.000  20.71 0.000  3.87 0.000  1.89 0.000   23.13 0.000   4.33 0.000  2.12 0.000   6.76 0.000  1.42 0.000 0.70 0.000
194.532755 194.546667   8.18 0.000  3.38 0.000  1.68 0.000   518.33 0.000   22.66 0.000   4.62 0.000  17.70 0.000  3.78 0.000  1.86 0.000   22.99 0.000   4.33 0.000  2.12 0.000   6.86 0.000  1.43 0.000 0.70 0.000
194.570301 194.584213   6.76 0.000  3.37 0.000  1.68 0.000   514.94 0.000   22.52 0.000   4.61 0.000  17.90 0.000  3.79 0.000  1.86 0.000   21.48 0.000   4.30 0.000  2.11 0.000   6.53 0.000  1.42 0.000 0.70 0.000
194.607824 194.621713   6.80 0.000  3.37 0.000  1.68 0.000   514.50 0.000   22.50 0.000   4.61 0.000  18.90 0.000  3.82 0.000  1.87 0.000   25.05 0.000   4.37 0.000  2.13 0.000   6.21 0.000  1.42 0.000 0.70 0.000
194.645336 194.659248   6.68 0.000  3.37 0.000  1.68 0.000   509.54 0.000   22.30 0.000   4.59 0.000  17.70 0.000  3.78 0.000  1.86 0.000   21.27 0.000   4.30 0.000  2.11 0.000   7.92 0.000  1.44 0.000 0.70 0.000
194.682917 194.696817   4.97 0.147  3.36 0.147  1.68 0.147   507.64 0.000   22.23 0.000   4.58 0.000  11.55 0.000  3.61 0.000  1.79 0.000   20.39 0.000   4.28 0.000  2.10 0.000   6.96 0.000  1.43 0.000 0.70 0.000
194.720521 194.734387   5.24 0.000  3.36 0.000  1.68 0.000   499.54 0.000   21.90 0.000   4.54 0.000  12.72 0.000  3.64 0.000  1.80 0.000   21.84 0.000   4.31 0.000  2.11 0.000   5.74 0.000  1.41 0.000 0.69 0.000
194.758067 194.771968   4.67 0.147  3.36 0.147  1.68 0.147   509.98 0.000   22.32 0.000   4.59 0.000  17.32 0.000  3.77 0.000  1.85 0.000   17.98 0.000   4.24 0.000  2.09 0.000   4.49 0.000  1.39 0.000 0.69 0.000
194.795671 194.809560   5.39 0.000  3.36 0.000  1.68 0.000   524.94 0.000   22.92 0.000   4.65 0.000  15.15 0.000  3.71 0.000  1.83 0.000   19.75 0.000   4.27 0.000  2.10 0.000   6.56 0.000  1.42 0.000 0.70 0.000
194.833241 194.847153   7.07 0.000  3.37 0.000  1.68 0.000   512.64 0.000   22.43 0.000   4.60 0.000  14.31 0.000  3.69 0.000  1.82 0.000   19.18 0.000   4.26 0.000  2.10 0.000   8.25 0.000  1.45 0.000 0.71 0.000
194.870833 194.884722   5.66 0.000  3.36 0.000  1.68 0.000   523.27 0.000   22.85 0.000   4.65 0.000  16.72 0.000  3.75 0.000  1.85 0.000   20.72 0.000   4.29 0.000  2.10 0.000   8.57 0.000  1.46 0.000 0.71 0.000
194.908380 194.922269   7.81 0.000  3.38 0.000  1.68 0.000   519.78 0.000   22.71 0.000   4.63 0.000  15.27 0.000  3.71 0.000  1.83 0.000   21.20 0.000   4.30 0.000  2.11 0.000   8.20 0.000  1.45 0.000 0.71 0.000
194.945903 194.959803   7.26 0.000  3.38 0.000  1.68 0.000   525.27 0.000   22.93 0.000   4.66 0.000  18.90 0.000  3.82 0.000  1.87 0.000   28.20 0.000   4.43 0.000  2.14 0.000   6.17 0.000  1.41 0.000 0.70 0.000
194.983495 194.997384  10.45 0.000  3.40 0.000  1.69 0.000   527.04 0.000   23.00 0.000   4.66 0.000  18.90 0.000  3.82 0.000  1.87 0.000   21.26 0.000   4.30 0.000  2.11 0.000   8.17 0.000  1.45 0.000 0.71 0.000
195.021007 195.034907   8.87 0.000  3.39 0.000  1.69 0.000   532.43 0.000   23.22 0.000   4.69 0.000  20.97 0.000  3.88 0.000  1.89 0.000   21.78 0.000   4.31 0.000  2.11 0.000   6.64 0.000  1.42 0.000 0.70 0.000
195.058565 195.072454   9.80 0.000  3.40 0.000  1.69 0.000   533.30 0.000   23.26 0.000   4.69 0.000  23.19 0.000  3.95 0.000  1.91 0.000   22.82 0.000   4.33 0.000  2.11 0.000   6.38 0.000  1.42 0.000 0.70 0.000
195.096088 195.109988   8.04 0.000  3.38 0.000  1.68 0.000   539.40 0.000   23.50 0.000   4.72 0.000  21.00 0.000  3.88 0.000  1.89 0.000   24.97 0.000   4.36 0.000  2.13 0.000   7.34 0.000  1.43 0.000 0.70 0.000
195.133634 195.147523   6.52 0.000  3.37 0.000  1.68 0.000   544.38 0.000   23.70 0.000   4.74 0.000  26.80 0.000  4.06 0.000  1.95 0.000   22.20 0.000   4.31 0.000  2.11 0.000   7.91 0.000  1.44 0.000 0.70 0.000
195.171169 195.185069   6.13 0.000  3.37 0.000  1.68 0.000   543.22 0.000   23.65 0.000   4.73 0.000  21.76 0.000  3.90 0.000  1.90 0.000   19.10 0.000   4.26 0.000  2.10 0.000   8.53 0.000  1.46 0.000 0.71 0.000
195.208704 195.222593   7.11 0.000  3.37 0.000  1.68 0.000   547.79 0.000   23.84 0.000   4.75 0.000  21.94 0.000  3.91 0.000  1.90 0.000   20.43 0.000   4.28 0.000  2.10 0.000   8.90 0.000  1.46 0.000 0.71 0.000
195.246250 195.260139   5.35 0.000  3.36 0.000  1.68 0.000   551.62 0.000   23.99 0.000   4.77 0.000  22.27 0.000  3.92 0.000  1.90 0.000   18.57 0.000   4.25 0.000  2.09 0.000   6.97 0.000  1.43 0.000 0.70 0.000
195.283796 195.297685   5.19 0.000  3.36 0.000  1.68 0.000   555.21 0.000   24.13 0.000   4.79 0.000  17.81 0.000  3.79 0.000  1.86 0.000   19.72 0.000   4.27 0.000  2.10 0.000   6.72 0.000  1.42 0.000 0.70 0.000
