RRS/CZ0003R.20150101120000.20170728090000.steel_canister..air.1y.78h.CZ01L_Andersen_instrument.CZ01L_Agilent_VOC_AIR.lev2.nas
183 1001
Vana, Milan; Diskova, Jitka
CZ03L, "Institute of Chemical Process Fundamentals ASCR v. v. i., ICPF, Laboratory of Aerosol Chemistry and Physics", , , "Rozvojova 2,, 16502, Prague 6, Czech Republic", , , , 
Pekarek, Jaroslav
ACTRIS EMEP GAW-WDCRG
1 1
2015 01 01 2017 07 28
0
days from file reference point
115
1 1 1 1 1 1 1 1 1 1 1 1 1 1 1 1 1 1 1 1 1 1 1 1 1 1 1 1 1 1 1 1 1 1 1 1 1 1 1 1 1 1 1 1 1 1 1 1 1 1 1 1 1 1 1 1 1 1 1 1 1 1 1 1 1 1 1 1 1 1 1 1 1 1 1 1 1 1 1 1 1 1 1 1 1 1 1 1 1 1 1 1 1 1 1 1 1 1 1 1 1 1 1 1 1 1 1 1 1 1 1 1 1 1 1
999.999999 999.999 9.999 99.999 9.999 99.999 9.999 999.999 9.999 9.999 9.999 9.999 9.999 9999.999 9.999 999.999 9.999 99.999 9.999 9999.999 9.999 999.999 9.999 99.999 9.999 9999.999 9.999 999.999 9.999 99.999 9.999 99999.999 9.999 9999.999 9.999 999.999 9.999 99999.999 9.999 9999.999 9.999 999.999 9.999 999.999 9.999 99.999 9.999 9.999 9.999 99999.999 9.999 9999.999 9.999 999.999 9.999 9999.999 9.999 999.999 9.999 99.999 9.999 9999.999 9.999 99.999 9.999 9.999 9.999 9999.999 9.999 999.999 9.999 99.999 9.999 999.999 9.999 99.999 9.999 9.999 9.999 999.999 9.999 99.999 9.999 9.999 9.999 99999.999 9.999 9999.999 9.999 99.999 9.999 999.999 9.999 99.999 9.999 9.999 9.999 99999.999 9.999 9999.999 9.999 999.999 9.999 9999.999 9.999 9999.999 9.999 99.999 9.999 9999.999 9.999 999.999 9.999 99.999 9.999
end_time of measurement, days from the file reference point
1-butene, pmol/mol, Statistics=arithmetic mean
numflag 1-butene, no unit, Statistics=arithmetic mean
1-butene, pmol/mol, Statistics=expanded uncertainty 2sigma
numflag 1-butene, no unit, Statistics=expanded uncertainty 2sigma
1-butene, pmol/mol, Statistics=precision
numflag 1-butene, no unit, Statistics=precision
1-pentene, pmol/mol, Statistics=arithmetic mean
numflag 1-pentene, no unit, Statistics=arithmetic mean
1-pentene, pmol/mol, Statistics=expanded uncertainty 2sigma
numflag 1-pentene, no unit, Statistics=expanded uncertainty 2sigma
1-pentene, pmol/mol, Statistics=precision
numflag 1-pentene, no unit, Statistics=precision
2-methylbutane, pmol/mol, Statistics=arithmetic mean
numflag 2-methylbutane, no unit, Statistics=arithmetic mean
2-methylbutane, pmol/mol, Statistics=expanded uncertainty 2sigma
numflag 2-methylbutane, no unit, Statistics=expanded uncertainty 2sigma
2-methylbutane, pmol/mol, Statistics=precision
numflag 2-methylbutane, no unit, Statistics=precision
2-methylpropane, pmol/mol, Statistics=arithmetic mean
numflag 2-methylpropane, no unit, Statistics=arithmetic mean
2-methylpropane, pmol/mol, Statistics=expanded uncertainty 2sigma
numflag 2-methylpropane, no unit, Statistics=expanded uncertainty 2sigma
2-methylpropane, pmol/mol, Statistics=precision
numflag 2-methylpropane, no unit, Statistics=precision
benzene, pmol/mol, Statistics=arithmetic mean
numflag benzene, no unit, Statistics=arithmetic mean
benzene, pmol/mol, Statistics=expanded uncertainty 2sigma
numflag benzene, no unit, Statistics=expanded uncertainty 2sigma
benzene, pmol/mol, Statistics=precision
numflag benzene, no unit, Statistics=precision
ethane, pmol/mol, Statistics=arithmetic mean
numflag ethane, no unit, Statistics=arithmetic mean
ethane, pmol/mol, Statistics=expanded uncertainty 2sigma
numflag ethane, no unit, Statistics=expanded uncertainty 2sigma
ethane, pmol/mol, Statistics=precision
[...]
Detection limit expl.:        Detection limit flag used
Zero/negative values code:    Zero/negative possible
Zero/negative values:         Zero and neg. values may appear due to statistical variations at very low concentrations
Originator:                   Vana, Milan, , , , , , , , , 
Originator:                   Diskova, Jitka, diskova@chmi.cz, CHMI, , , , , 14306, Prague, Czech Republic
Submitter:                    Pekarek, Jaroslav, , , , , , , , , 
Acknowledgement:              Request acknowledgement details from data originator
Comment:                      No SOP currently available
starttime endtime C4H8 flag_C4H8 C4H8 flag_C4H8 C4H8 flag_C4H8 C5H10 flag_C5H10 C5H10 flag_C5H10 C5H10 flag_C5H10 C5H12 flag_C5H12 C5H12 flag_C5H12 C5H12 flag_C5H12 C4H10 flag_C4H10 C4H10 flag_C4H10 C4H10 flag_C4H10 C6H6 flag_C6H6 C6H6 flag_C6H6 C6H6 flag_C6H6 C2H6 flag_C2H6 C2H6 flag_C2H6 C2H6 flag_C2H6 C2H4 flag_C2H4 C2H4 flag_C2H4 C2H4 flag_C2H4 Ethylbenzene flag_Ethylbenzene Ethylbenzene flag_Ethylbenzene Ethylbenzene flag_Ethylbenzene C2H2 flag_C2H2 C2H2 flag_C2H2 C2H2 flag_C2H2 C5H8 flag_C5H8 C5H8 flag_C5H8 C5H8 flag_C5H8 m,p-xylene flag_m,p-xylene m,p-xylene flag_m,p-xylene m,p-xylene flag_m,p-xylene C4H10 flag_C4H10 C4H10 flag_C4H10 C4H10 flag_C4H10 C7H16 flag_C7H16 C7H16 flag_C7H16 C7H16 flag_C7H16 C6H12 flag_C6H12 C6H12 flag_C6H12 C6H12 flag_C6H12 C5H12 flag_C5H12 C5H12 flag_C5H12 C5H12 flag_C5H12 o-xylene flag_o-xylene o-xylene flag_o-xylene o-xylene flag_o-xylene C3H8 flag_C3H8 C3H8 flag_C3H8 C3H8 flag_C3H8 C3H6 flag_C3H6 C3H6 flag_C3H6 C3H6 flag_C3H6 C6H5CH3 flag_C6H5CH3 C6H5CH3 flag_C6H5CH3 C6H5CH3 flag_C6H5CH3
  0.5   0.503472  37.841 0.000  4.617 0.000  0.859 0.000   4.351 0.000 0.222 0.000 0.074 0.000  198.158 0.000  10.304 0.000  1.011 0.000  305.469 0.000  17.717 0.000  1.986 0.000  318.108 0.000   8.907 0.000  1.018 0.000  2772.100 0.000   72.075 0.000  13.306 0.000  1549.097 0.000   68.160 0.000   8.365 0.000  21.622 0.000  0.908 0.000 0.138 0.000   526.154 0.000   60.508 0.000  20.099 0.000   10.900 0.000   0.447 0.000  0.077 0.000   58.359 0.000  3.677 0.000 0.438 0.000  534.390 0.000  17.100 0.000  2.458 0.000  36.685 0.000  5.613 0.000 0.227 0.000  58.415 0.000  3.505 0.000 0.362 0.000   131.409 0.000   16.295 0.000  1.091 0.000  33.718 0.000  3.170 0.000 0.310 0.000  1255.795 0.000   41.441 0.000   8.163 0.000  261.857 0.000   47.658 0.000  1.519 0.000  170.945 0.000   8.376 0.000  1.145 0.000
  4.0   4.003472  13.591 0.000  1.658 0.000  0.309 0.000   1.844 0.000 0.094 0.000 0.031 0.000  124.743 0.000   6.487 0.000  0.636 0.000  209.503 0.000  12.151 0.000  1.362 0.000  181.211 0.000   5.074 0.000  0.580 0.000  2140.165 0.000   55.644 0.000  10.273 0.000   680.604 0.000   29.947 0.000   3.675 0.000  16.589 0.000  0.697 0.000 0.106 0.000   337.329 0.000   38.793 0.000  12.886 0.000    6.244 0.000   0.256 0.000  0.044 0.000   40.091 0.000  2.526 0.000 0.301 0.000  361.051 0.000  11.554 0.000  1.661 0.000  23.007 0.000  3.520 0.000 0.143 0.000  36.073 0.000  2.164 0.000 0.224 0.000    97.549 0.000   12.096 0.000  0.810 0.000  19.651 0.000  1.847 0.000 0.181 0.000   917.926 0.000   30.292 0.000   5.967 0.000  116.855 0.000   21.268 0.000  0.678 0.000   93.599 0.000   4.586 0.000  0.627 0.000
  7.0   7.003472  25.468 0.000  3.107 0.000  0.578 0.000   3.369 0.000 0.172 0.000 0.057 0.000  129.648 0.000   6.742 0.000  0.661 0.000  187.127 0.000  10.853 0.000  1.216 0.000  250.900 0.000   7.025 0.000  0.803 0.000  2112.246 0.000   54.918 0.000  10.139 0.000  1049.990 0.000   46.200 0.000   5.670 0.000  22.096 0.000  0.928 0.000 0.141 0.000   494.571 0.000   56.876 0.000  18.893 0.000    6.744 0.000   0.277 0.000  0.048 0.000   62.415 0.000  3.932 0.000 0.468 0.000  321.678 0.000  10.294 0.000  1.480 0.000  35.072 0.000  5.366 0.000 0.217 0.000  31.264 0.000  1.876 0.000 0.194 0.000   111.597 0.000   13.838 0.000  0.926 0.000  22.125 0.000  2.080 0.000 0.204 0.000   874.685 0.000   28.865 0.000   5.685 0.000  176.950 0.000   32.205 0.000  1.026 0.000  129.826 0.000   6.361 0.000  0.870 0.000
 11.0  11.003472  10.082 0.000  1.230 0.000  0.229 0.000   2.997 0.000 0.153 0.000 0.051 0.000   85.329 0.000   4.437 0.000  0.435 0.000  142.125 0.000   8.243 0.000  0.924 0.000  138.551 0.000   3.879 0.000  0.443 0.000  1992.916 0.000   51.816 0.000   9.566 0.000   313.098 0.000   13.776 0.000   1.691 0.000   7.280 0.000  0.306 0.000 0.047 0.000   283.617 0.000   32.616 0.000  10.834 0.000    3.604 0.000   0.148 0.000  0.026 0.000   15.352 0.000  0.967 0.000 0.115 0.000  264.234 0.000   8.456 0.000  1.215 0.000  18.519 0.000  2.833 0.000 0.115 0.000  23.500 0.000  1.410 0.000 0.146 0.000    74.387 0.000    9.224 0.000  0.617 0.000   8.116 0.000  0.763 0.000 0.075 0.000   804.680 0.000   26.554 0.000   5.230 0.000   57.105 0.000   10.393 0.000  0.331 0.000   49.242 0.000   2.413 0.000  0.330 0.000
 14.0  14.003472  16.888 0.000  2.060 0.000  0.383 0.000   4.044 0.000 0.206 0.000 0.069 0.000  105.801 0.000   5.502 0.000  0.540 0.000  160.667 0.000   9.319 0.000  1.044 0.000  179.194 0.000   5.017 0.000  0.573 0.000  2125.755 0.000   55.270 0.000  10.204 0.000   594.577 0.000   26.161 0.000   3.211 0.000  11.830 0.000  0.497 0.000 0.076 0.000   331.441 0.000   38.116 0.000  12.661 0.000    6.160 0.000   0.253 0.000  0.044 0.000   27.956 0.000  1.761 0.000 0.210 0.000  300.178 0.000   9.606 0.000  1.381 0.000  24.558 0.000  3.757 0.000 0.152 0.000  28.025 0.000  1.682 0.000 0.174 0.000    84.774 0.000   10.512 0.000  0.704 0.000  10.524 0.000  0.989 0.000 0.097 0.000   881.171 0.000   29.079 0.000   5.728 0.000  104.861 0.000   19.085 0.000  0.608 0.000   73.258 0.000   3.590 0.000  0.491 0.000
 18.0  18.003472  21.077 0.000  2.571 0.000  0.478 0.000   2.344 0.000 0.120 0.000 0.040 0.000  138.115 0.000   7.182 0.000  0.704 0.000  224.156 0.000  13.001 0.000  1.457 0.000  343.739 0.000   9.625 0.000  1.100 0.000  2535.305 0.000   65.918 0.000  12.169 0.000  1332.462 0.000   58.628 0.000   7.195 0.000  24.588 0.000  1.033 0.000 0.157 0.000   617.338 0.000   70.994 0.000  23.582 0.000    3.715 0.000   0.152 0.000  0.026 0.000   52.938 0.000  3.335 0.000 0.397 0.000  378.214 0.000  12.103 0.000  1.740 0.000  29.052 0.000  4.445 0.000 0.180 0.000  36.679 0.000  2.201 0.000 0.227 0.000   115.702 0.000   14.347 0.000  0.960 0.000  21.770 0.000  2.046 0.000 0.200 0.000  1004.147 0.000   33.137 0.000   6.527 0.000  147.429 0.000   26.832 0.000  0.855 0.000  137.252 0.000   6.725 0.000  0.920 0.000
 21.0  21.003472  35.116 0.000  4.284 0.000  0.797 0.000   3.470 0.000 0.177 0.000 0.059 0.000  238.122 0.000  12.382 0.000  1.214 0.000  391.658 0.000  22.716 0.000  2.546 0.000  494.876 0.000  13.857 0.000  1.584 0.000  3399.798 0.000   88.395 0.000  16.319 0.000  2184.801 0.000   96.131 0.000  11.798 0.000  35.580 0.000  1.494 0.000 0.228 0.000   926.833 0.000  106.586 0.000  35.405 0.000    8.095 0.000   0.332 0.000  0.057 0.000   75.093 0.000  4.731 0.000 0.563 0.000  628.131 0.000  20.100 0.000  2.889 0.000  41.567 0.000  6.360 0.000 0.258 0.000  77.192 0.000  4.632 0.000 0.479 0.000   193.982 0.000   24.054 0.000  1.610 0.000  27.603 0.000  2.595 0.000 0.254 0.000  1505.356 0.000   49.677 0.000   9.785 0.000  249.121 0.000   45.340 0.000  1.445 0.000  192.774 0.000   9.446 0.000  1.292 0.000
 25.0  25.003472  13.870 0.000  1.692 0.000  0.315 0.000   2.559 0.000 0.130 0.000 0.043 0.000   86.923 0.000   4.520 0.000  0.443 0.000  151.866 0.000   8.808 0.000  0.987 0.000  206.088 0.000   5.770 0.000  0.659 0.000  2099.910 0.000   54.598 0.000  10.080 0.000   759.016 0.000   33.397 0.000   4.099 0.000  10.959 0.000  0.460 0.000 0.070 0.000   418.531 0.000   48.131 0.000  15.988 0.000    4.107 0.000   0.168 0.000  0.029 0.000   20.723 0.000  1.306 0.000 0.155 0.000  275.346 0.000   8.811 0.000  1.267 0.000  18.340 0.000  2.806 0.000 0.114 0.000  24.828 0.000  1.490 0.000 0.154 0.000    73.580 0.000    9.124 0.000  0.611 0.000  10.958 0.000  1.030 0.000 0.101 0.000   861.085 0.000   28.416 0.000   5.597 0.000  109.897 0.000   20.001 0.000  0.637 0.000   65.068 0.000   3.188 0.000  0.436 0.000
 28.0  28.003472  12.169 0.000  1.485 0.000  0.276 0.000   2.789 0.000 0.142 0.000 0.047 0.000  116.015 0.000   6.033 0.000  0.592 0.000  184.077 0.000  10.676 0.000  1.197 0.000  139.588 0.000   3.908 0.000  0.447 0.000  2204.543 0.000   57.318 0.000  10.582 0.000   341.577 0.000   15.029 0.000   1.845 0.000   9.714 0.000  0.408 0.000 0.062 0.000   255.412 0.000   29.372 0.000   9.757 0.000    1.606 0.000   0.066 0.000  0.011 0.000   21.638 0.000  1.363 0.000 0.162 0.000  327.232 0.000  10.471 0.000  1.505 0.000  19.426 0.000  2.972 0.000 0.120 0.000  27.202 0.000  1.632 0.000 0.169 0.000    93.661 0.000   11.614 0.000  0.777 0.000  11.170 0.000  1.050 0.000 0.103 0.000   954.694 0.000   31.505 0.000   6.206 0.000   50.831 0.000    9.251 0.000  0.295 0.000   41.597 0.000   2.038 0.000  0.279 0.000
 32.0  32.003472  12.152 0.000  1.483 0.000  0.276 0.000   1.914 0.000 0.098 0.000 0.033 0.000  138.450 0.000   7.199 0.000  0.706 0.000  226.463 0.000  13.135 0.000  1.472 0.000  182.325 0.000   5.105 0.000  0.583 0.000  2437.509 0.000   63.375 0.000  11.700 0.000   581.157 0.000   25.571 0.000   3.138 0.000  11.150 0.000  0.468 0.000 0.071 0.000   333.015 0.000   38.297 0.000  12.721 0.000    2.204 0.000   0.090 0.000  0.016 0.000   25.456 0.000  1.604 0.000 0.191 0.000  409.555 0.000  13.106 0.000  1.884 0.000  21.314 0.000  3.261 0.000 0.132 0.000  39.629 0.000  2.378 0.000 0.246 0.000   119.828 0.000   14.859 0.000  0.995 0.000  12.386 0.000  1.164 0.000 0.114 0.000  1121.165 0.000   36.998 0.000   7.288 0.000   78.421 0.000   14.273 0.000  0.455 0.000   84.871 0.000   4.159 0.000  0.569 0.000
 35.0  35.003472  25.303 0.000  3.087 0.000  0.574 0.000   4.043 0.000 0.206 0.000 0.069 0.000  264.096 0.000  13.733 0.000  1.347 0.000  442.076 0.000  25.640 0.000  2.873 0.000  417.864 0.000  11.700 0.000  1.337 0.000  3930.434 0.000  102.191 0.000  18.866 0.000  1484.001 0.000   65.296 0.000   8.014 0.000  28.695 0.000  1.205 0.000 0.184 0.000   857.141 0.000   98.571 0.000  32.743 0.000    2.391 0.000   0.098 0.000  0.017 0.000   53.088 0.000  3.345 0.000 0.398 0.000  736.649 0.000  23.573 0.000  3.389 0.000  38.190 0.000  5.843 0.000 0.237 0.000  69.812 0.000  4.189 0.000 0.433 0.000   235.835 0.000   29.244 0.000  1.957 0.000  23.245 0.000  2.185 0.000 0.214 0.000  1927.692 0.000   63.614 0.000  12.530 0.000  158.991 0.000   28.936 0.000  0.922 0.000  174.724 0.000   8.561 0.000  1.171 0.000
 39.0  39.003472  16.227 0.000  1.980 0.000  0.368 0.000   2.993 0.000 0.153 0.000 0.051 0.000  106.640 0.000   5.545 0.000  0.544 0.000  180.076 0.000  10.444 0.000  1.170 0.000  191.823 0.000   5.371 0.000  0.614 0.000  2405.834 0.000   62.552 0.000  11.548 0.000   613.993 0.000   27.016 0.000   3.316 0.000  13.732 0.000  0.577 0.000 0.088 0.000   387.559 0.000   44.569 0.000  14.805 0.000    3.479 0.000   0.143 0.000  0.025 0.000   33.109 0.000  2.086 0.000 0.248 0.000  328.778 0.000  10.521 0.000  1.512 0.000  17.858 0.000  2.732 0.000 0.111 0.000  26.739 0.000  1.604 0.000 0.166 0.000    89.768 0.000   11.131 0.000  0.745 0.000  14.417 0.000  1.355 0.000 0.133 0.000  1018.693 0.000   33.617 0.000   6.622 0.000  107.870 0.000   19.632 0.000  0.626 0.000   73.523 0.000   3.603 0.000  0.493 0.000
 42.0  42.003472  26.699 0.000  3.257 0.000  0.606 0.000   3.693 0.000 0.188 0.000 0.063 0.000  107.765 0.000   5.604 0.000  0.550 0.000  158.269 0.000   9.180 0.000  1.029 0.000  234.718 0.000   6.572 0.000  0.751 0.000  2120.183 0.000   55.125 0.000  10.177 0.000  1061.723 0.000   46.716 0.000   5.733 0.000  18.313 0.000  0.769 0.000 0.117 0.000   484.511 0.000   55.719 0.000  18.508 0.000   13.982 0.000   0.573 0.000  0.099 0.000   41.520 0.000  2.616 0.000 0.311 0.000  252.838 0.000   8.091 0.000  1.163 0.000  20.802 0.000  3.183 0.000 0.129 0.000  28.024 0.000  1.681 0.000 0.174 0.000    87.621 0.000   10.865 0.000  0.727 0.000  23.743 0.000  2.232 0.000 0.218 0.000   769.992 0.000   25.410 0.000   5.005 0.000  224.753 0.000   40.905 0.000  1.304 0.000   91.883 0.000   4.502 0.000  0.616 0.000
 46.0  46.003472  10.772 0.000  1.314 0.000  0.245 0.000   2.550 0.000 0.130 0.000 0.043 0.000  121.780 0.000   6.333 0.000  0.621 0.000  219.091 0.000  12.707 0.000  1.424 0.000  332.166 0.000   9.301 0.000  1.063 0.000  3081.296 0.000   80.114 0.000  14.790 0.000   735.207 0.000   32.349 0.000   3.970 0.000  11.066 0.000  0.465 0.000 0.071 0.000   780.010 0.000   89.701 0.000  29.796 0.000    6.631 0.000   0.272 0.000  0.047 0.000   18.567 0.000  1.170 0.000 0.139 0.000  340.287 0.000  10.889 0.000  1.565 0.000  19.075 0.000  2.918 0.000 0.118 0.000  31.016 0.000  1.861 0.000 0.192 0.000    97.518 0.000   12.092 0.000  0.809 0.000  11.293 0.000  1.062 0.000 0.104 0.000  1098.625 0.000   36.255 0.000   7.141 0.000   60.811 0.000   11.068 0.000  0.353 0.000   68.780 0.000   3.370 0.000  0.461 0.000
 49.0  49.003472  27.917 0.000  3.406 0.000  0.634 0.000   2.206 0.000 0.113 0.000 0.038 0.000  150.834 0.000   7.843 0.000  0.769 0.000  227.659 0.000  13.204 0.000  1.480 0.000  426.638 0.000  11.946 0.000  1.365 0.000  3053.945 0.000   79.403 0.000  14.659 0.000  1506.739 0.000   66.297 0.000   8.136 0.000  22.337 0.000  0.938 0.000 0.143 0.000  1013.100 0.000  116.507 0.000  38.700 0.000    2.914 0.000   0.119 0.000  0.021 0.000   40.961 0.000  2.581 0.000 0.307 0.000  355.957 0.000  11.391 0.000  1.637 0.000  22.695 0.000  3.472 0.000 0.141 0.000  32.278 0.000  1.937 0.000 0.200 0.000   108.081 0.000   13.402 0.000  0.897 0.000  18.332 0.000  1.723 0.000 0.169 0.000  1102.808 0.000   36.393 0.000   7.168 0.000  141.655 0.000   25.781 0.000  0.822 0.000  159.199 0.000   7.801 0.000  1.067 0.000
 53.0  53.003472  28.144 0.000  3.434 0.000  0.639 0.000   3.123 0.000 0.159 0.000 0.053 0.000  138.372 0.000   7.195 0.000  0.706 0.000  213.331 0.000  12.373 0.000  1.387 0.000  386.555 0.000  10.824 0.000  1.237 0.000  2899.355 0.000   75.383 0.000  13.917 0.000  1382.479 0.000   60.829 0.000   7.465 0.000  22.298 0.000  0.937 0.000 0.143 0.000   841.125 0.000   96.729 0.000  32.131 0.000    7.008 0.000   0.287 0.000  0.050 0.000   43.766 0.000  2.757 0.000 0.328 0.000  337.621 0.000  10.804 0.000  1.553 0.000  20.666 0.000  3.162 0.000 0.128 0.000  30.558 0.000  1.834 0.000 0.189 0.000   112.540 0.000   13.955 0.000  0.934 0.000  17.764 0.000  1.670 0.000 0.163 0.000  1070.513 0.000   35.327 0.000   6.958 0.000  152.874 0.000   27.823 0.000  0.887 0.000  162.609 0.000   7.968 0.000  1.089 0.000
 56.0  56.003472  23.728 0.000  2.895 0.000  0.539 0.000   2.766 0.000 0.141 0.000 0.047 0.000  135.667 0.000   7.055 0.000  0.692 0.000  227.268 0.000  13.182 0.000  1.477 0.000  255.227 0.000   7.146 0.000  0.817 0.000  2679.003 0.000   69.654 0.000  12.859 0.000   939.555 0.000   41.340 0.000   5.074 0.000  21.512 0.000  0.903 0.000 0.138 0.000   574.646 0.000   66.084 0.000  21.951 0.000   71.786 0.000   2.943 0.000  0.510 0.000   44.685 0.000  2.815 0.000 0.335 0.000  364.497 0.000  11.664 0.000  1.677 0.000  21.121 0.000  3.232 0.000 0.131 0.000  29.922 0.000  1.795 0.000 0.186 0.000   118.210 0.000   14.658 0.000  0.981 0.000  20.255 0.000  1.904 0.000 0.186 0.000  1072.499 0.000   35.392 0.000   6.971 0.000  125.483 0.000   22.838 0.000  0.728 0.000  124.205 0.000   6.086 0.000  0.832 0.000
 60.0  60.003472   7.943 0.000  0.969 0.000  0.180 0.000   2.396 0.000 0.122 0.000 0.041 0.000   67.595 0.000   3.515 0.000  0.345 0.000  126.742 0.000   7.351 0.000  0.824 0.000  110.850 0.000   3.104 0.000  0.355 0.000  2167.266 0.000   56.349 0.000  10.403 0.000   212.145 0.000    9.334 0.000   1.146 0.000   4.302 0.000  0.181 0.000 0.028 0.000   246.891 0.000   28.392 0.000   9.431 0.000    3.713 0.000   0.152 0.000  0.026 0.000   13.743 0.000  0.866 0.000 0.103 0.000  236.004 0.000   7.552 0.000  1.086 0.000  13.003 0.000  1.990 0.000 0.081 0.000  18.113 0.000  1.087 0.000 0.112 0.000    57.853 0.000    7.174 0.000  0.480 0.000   4.955 0.000  0.466 0.000 0.046 0.000   793.918 0.000   26.199 0.000   5.160 0.000   63.643 0.000   11.583 0.000  0.369 0.000   25.714 0.000   1.260 0.000  0.172 0.000
 63.0  63.003472  41.395 0.000  5.050 0.000  0.940 0.000   3.534 0.000 0.180 0.000 0.060 0.000  155.885 0.000   8.106 0.000  0.795 0.000  210.477 0.000  12.208 0.000  1.368 0.000  149.312 0.000   4.181 0.000  0.478 0.000  2389.555 0.000   62.128 0.000  11.470 0.000   496.745 0.000   21.857 0.000   2.682 0.000  10.400 0.000  0.437 0.000 0.067 0.000   351.091 0.000   40.376 0.000  13.412 0.000    4.997 0.000   0.205 0.000  0.035 0.000   25.037 0.000  1.577 0.000 0.188 0.000  348.592 0.000  11.155 0.000  1.604 0.000  16.177 0.000  2.475 0.000 0.100 0.000  59.812 0.000  3.589 0.000 0.371 0.000   114.664 0.000   14.218 0.000  0.952 0.000  11.075 0.000  1.041 0.000 0.102 0.000  1015.794 0.000   33.521 0.000   6.603 0.000  121.161 0.000   22.051 0.000  0.703 0.000   61.401 0.000   3.009 0.000  0.411 0.000
