RRS/CZ0003R.20150101120000.20170728090000.steel_canister..air.1y.78h.CZ01L_Andersen_instrument.CZ01L_Agilent_VOC_AIR.lev2.nas
183 1001
Vana, Milan; Diskova, Jitka
CZ03L, "Institute of Chemical Process Fundamentals ASCR v. v. i., ICPF, Laboratory of Aerosol Chemistry and Physics", , , "Rozvojova 2,, 16502, Prague 6, Czech Republic", , , , 
Pekarek, Jaroslav
ACTRIS EMEP GAW-WDCRG
1 1
2015 01 01 2017 07 28
0
days from file reference point
115
1 1 1 1 1 1 1 1 1 1 1 1 1 1 1 1 1 1 1 1 1 1 1 1 1 1 1 1 1 1 1 1 1 1 1 1 1 1 1 1 1 1 1 1 1 1 1 1 1 1 1 1 1 1 1 1 1 1 1 1 1 1 1 1 1 1 1 1 1 1 1 1 1 1 1 1 1 1 1 1 1 1 1 1 1 1 1 1 1 1 1 1 1 1 1 1 1 1 1 1 1 1 1 1 1 1 1 1 1 1 1 1 1 1 1
999.999999 999.999 9.999 99.999 9.999 99.999 9.999 999.999 9.999 9.999 9.999 9.999 9.999 9999.999 9.999 999.999 9.999 99.999 9.999 9999.999 9.999 999.999 9.999 99.999 9.999 9999.999 9.999 999.999 9.999 99.999 9.999 99999.999 9.999 9999.999 9.999 999.999 9.999 99999.999 9.999 9999.999 9.999 999.999 9.999 999.999 9.999 99.999 9.999 9.999 9.999 99999.999 9.999 9999.999 9.999 999.999 9.999 9999.999 9.999 999.999 9.999 99.999 9.999 9999.999 9.999 99.999 9.999 9.999 9.999 9999.999 9.999 999.999 9.999 99.999 9.999 999.999 9.999 99.999 9.999 9.999 9.999 999.999 9.999 99.999 9.999 9.999 9.999 99999.999 9.999 9999.999 9.999 99.999 9.999 999.999 9.999 99.999 9.999 9.999 9.999 99999.999 9.999 9999.999 9.999 999.999 9.999 9999.999 9.999 9999.999 9.999 99.999 9.999 9999.999 9.999 999.999 9.999 99.999 9.999
end_time of measurement, days from the file reference point
1-butene, pmol/mol, Statistics=arithmetic mean
numflag 1-butene, no unit, Statistics=arithmetic mean
1-butene, pmol/mol, Statistics=expanded uncertainty 2sigma
numflag 1-butene, no unit, Statistics=expanded uncertainty 2sigma
1-butene, pmol/mol, Statistics=precision
numflag 1-butene, no unit, Statistics=precision
1-pentene, pmol/mol, Statistics=arithmetic mean
numflag 1-pentene, no unit, Statistics=arithmetic mean
1-pentene, pmol/mol, Statistics=expanded uncertainty 2sigma
numflag 1-pentene, no unit, Statistics=expanded uncertainty 2sigma
1-pentene, pmol/mol, Statistics=precision
numflag 1-pentene, no unit, Statistics=precision
2-methylbutane, pmol/mol, Statistics=arithmetic mean
numflag 2-methylbutane, no unit, Statistics=arithmetic mean
2-methylbutane, pmol/mol, Statistics=expanded uncertainty 2sigma
numflag 2-methylbutane, no unit, Statistics=expanded uncertainty 2sigma
2-methylbutane, pmol/mol, Statistics=precision
numflag 2-methylbutane, no unit, Statistics=precision
2-methylpropane, pmol/mol, Statistics=arithmetic mean
numflag 2-methylpropane, no unit, Statistics=arithmetic mean
2-methylpropane, pmol/mol, Statistics=expanded uncertainty 2sigma
numflag 2-methylpropane, no unit, Statistics=expanded uncertainty 2sigma
2-methylpropane, pmol/mol, Statistics=precision
numflag 2-methylpropane, no unit, Statistics=precision
benzene, pmol/mol, Statistics=arithmetic mean
numflag benzene, no unit, Statistics=arithmetic mean
benzene, pmol/mol, Statistics=expanded uncertainty 2sigma
numflag benzene, no unit, Statistics=expanded uncertainty 2sigma
benzene, pmol/mol, Statistics=precision
numflag benzene, no unit, Statistics=precision
ethane, pmol/mol, Statistics=arithmetic mean
numflag ethane, no unit, Statistics=arithmetic mean
ethane, pmol/mol, Statistics=expanded uncertainty 2sigma
numflag ethane, no unit, Statistics=expanded uncertainty 2sigma
ethane, pmol/mol, Statistics=precision
[...]
Detection limit expl.:        Detection limit flag used
Zero/negative values code:    Zero/negative possible
Zero/negative values:         Zero and neg. values may appear due to statistical variations at very low concentrations
Originator:                   Vana, Milan, , , , , , , , , 
Originator:                   Diskova, Jitka, diskova@chmi.cz, CHMI, , , , , 14306, Prague, Czech Republic
Submitter:                    Pekarek, Jaroslav, , , , , , , , , 
Acknowledgement:              Request acknowledgement details from data originator
Comment:                      No SOP currently available
starttime endtime C4H8 flag_C4H8 C4H8 flag_C4H8 C4H8 flag_C4H8 C5H10 flag_C5H10 C5H10 flag_C5H10 C5H10 flag_C5H10 C5H12 flag_C5H12 C5H12 flag_C5H12 C5H12 flag_C5H12 C4H10 flag_C4H10 C4H10 flag_C4H10 C4H10 flag_C4H10 C6H6 flag_C6H6 C6H6 flag_C6H6 C6H6 flag_C6H6 C2H6 flag_C2H6 C2H6 flag_C2H6 C2H6 flag_C2H6 C2H4 flag_C2H4 C2H4 flag_C2H4 C2H4 flag_C2H4 Ethylbenzene flag_Ethylbenzene Ethylbenzene flag_Ethylbenzene Ethylbenzene flag_Ethylbenzene C2H2 flag_C2H2 C2H2 flag_C2H2 C2H2 flag_C2H2 C5H8 flag_C5H8 C5H8 flag_C5H8 C5H8 flag_C5H8 m,p-xylene flag_m,p-xylene m,p-xylene flag_m,p-xylene m,p-xylene flag_m,p-xylene C4H10 flag_C4H10 C4H10 flag_C4H10 C4H10 flag_C4H10 C7H16 flag_C7H16 C7H16 flag_C7H16 C7H16 flag_C7H16 C6H12 flag_C6H12 C6H12 flag_C6H12 C6H12 flag_C6H12 C5H12 flag_C5H12 C5H12 flag_C5H12 C5H12 flag_C5H12 o-xylene flag_o-xylene o-xylene flag_o-xylene o-xylene flag_o-xylene C3H8 flag_C3H8 C3H8 flag_C3H8 C3H8 flag_C3H8 C3H6 flag_C3H6 C3H6 flag_C3H6 C3H6 flag_C3H6 C6H5CH3 flag_C6H5CH3 C6H5CH3 flag_C6H5CH3 C6H5CH3 flag_C6H5CH3
[from data line 99]
347.0 347.003472  14.020 0.000  1.710 0.000  0.318 0.000   6.162 0.000 0.314 0.000 0.105 0.000  136.890 0.000   7.118 0.000  0.698 0.000  172.830 0.000  10.024 0.000  1.123 0.000  131.464 0.000   3.681 0.000  0.421 0.000  1966.665 0.000   51.133 0.000   9.440 0.000   624.596 0.000   27.482 0.000   3.373 0.000  14.992 0.000  0.630 0.000 0.096 0.000   492.026 0.000   56.583 0.000  18.795 0.000    6.580 0.000   0.270 0.000  0.047 0.000   40.705 0.000  2.564 0.000 0.305 0.000  312.307 0.000   9.994 0.000  1.437 0.000  12.272 0.000  1.878 0.000 0.076 0.000  28.311 0.000  1.699 0.000 0.176 0.000   123.319 0.000   15.292 0.000  1.024 0.000  12.095 0.000  1.137 0.000 0.111 0.000   840.848 0.000   27.748 0.000   5.466 0.000   97.387 0.000   17.724 0.000  0.565 0.000   91.893 0.000   4.503 0.000  0.616 0.000
350.0 350.003472  32.010 0.000  3.905 0.000  0.727 0.000   5.858 0.000 0.299 0.000 0.100 0.000  195.541 0.000  10.168 0.000  0.997 0.000  243.875 0.000  14.145 0.000  1.585 0.000  181.437 0.000   5.080 0.000  0.581 0.000  1915.989 0.000   49.816 0.000   9.197 0.000  1191.182 0.000   52.412 0.000   6.432 0.000  33.291 0.000  1.398 0.000 0.213 0.000   699.556 0.000   80.449 0.000  26.723 0.000   11.314 0.000   0.464 0.000  0.080 0.000  106.807 0.000  6.729 0.000 0.801 0.000  376.636 0.000  12.052 0.000  1.733 0.000  27.391 0.000  4.191 0.000 0.170 0.000  38.577 0.000  2.315 0.000 0.239 0.000   166.882 0.000   20.693 0.000  1.385 0.000  32.312 0.000  3.037 0.000 0.297 0.000   819.015 0.000   27.028 0.000   5.324 0.000  206.157 0.000   37.521 0.000  1.196 0.000  155.015 0.000   7.596 0.000  1.039 0.000
354.0 354.003472  43.584 0.000  5.317 0.000  0.989 0.000   9.885 0.000 0.504 0.000 0.168 0.000  253.348 0.000  13.174 0.000  1.292 0.000  293.789 0.000  17.040 0.000  1.910 0.000  486.754 0.000  13.629 0.000  1.558 0.000  3026.726 0.000   78.695 0.000  14.528 0.000  2944.353 0.559  129.552 0.559  15.900 0.559  32.791 0.000  1.377 0.000 0.210 0.000  1823.460 0.559  209.698 0.559  69.656 0.559   15.752 0.000   0.646 0.000  0.112 0.000   72.344 0.000  4.558 0.000 0.543 0.000  539.464 0.000  17.263 0.000  2.482 0.000  24.928 0.000  3.814 0.000 0.155 0.000  66.246 0.000  3.975 0.000 0.411 0.000   203.035 0.000   25.176 0.000  1.685 0.000  23.402 0.000  2.200 0.000 0.215 0.000  1161.222 0.000   38.320 0.000   7.548 0.000  553.729 0.559  100.779 0.559  3.212 0.559  165.538 0.000   8.111 0.000  1.109 0.000
357.0 357.003472  14.881 0.000  1.815 0.000  0.338 0.000   5.372 0.000 0.274 0.000 0.091 0.000  140.283 0.000   7.295 0.000  0.715 0.000  176.409 0.000  10.232 0.000  1.147 0.000  126.939 0.000   3.554 0.000  0.406 0.000  1757.228 0.000   45.688 0.000   8.435 0.000   607.903 0.000   26.748 0.000   3.283 0.000  16.973 0.000  0.713 0.000 0.109 0.000   469.067 0.000   53.943 0.000  17.918 0.000    6.099 0.000   0.250 0.000  0.043 0.000   44.982 0.000  2.834 0.000 0.337 0.000  284.386 0.000   9.100 0.000  1.308 0.000  13.026 0.000  1.993 0.000 0.081 0.000  23.849 0.000  1.431 0.000 0.148 0.000   107.201 0.000   13.293 0.000  0.890 0.000  14.079 0.000  1.323 0.000 0.130 0.000   634.148 0.000   20.927 0.000   4.122 0.000   72.977 0.000   13.282 0.000  0.423 0.000   84.563 0.000   4.144 0.000  0.567 0.000
361.0 361.003472  24.293 0.000  2.964 0.000  0.551 0.000   9.558 0.000 0.487 0.000 0.162 0.000   96.834 0.000   5.035 0.000  0.494 0.000  148.810 0.000   8.631 0.000  0.967 0.000  178.772 0.000   5.006 0.000  0.572 0.000  1717.508 0.000   44.655 0.000   8.244 0.000   925.023 0.000   40.701 0.000   4.995 0.000  17.117 0.000  0.719 0.000 0.110 0.000   604.759 0.000   69.547 0.000  23.102 0.000    7.301 0.000   0.299 0.000  0.052 0.000   53.858 0.000  3.393 0.000 0.404 0.000  227.606 0.000   7.283 0.000  1.047 0.000  12.023 0.000  1.840 0.000 0.075 0.000  22.943 0.000  1.377 0.000 0.142 0.000    64.479 0.000    7.995 0.000  0.535 0.000  15.032 0.000  1.413 0.000 0.138 0.000   558.916 0.000   18.444 0.000   3.633 0.000  126.706 0.000   23.061 0.000  0.735 0.000   91.756 0.000   4.496 0.000  0.615 0.000
364.0 364.003472  19.278 0.000  2.352 0.000  0.438 0.000   6.601 0.000 0.337 0.000 0.112 0.000  168.567 0.000   8.765 0.000  0.860 0.000  223.237 0.000  12.948 0.000  1.451 0.000  238.515 0.000   6.678 0.000  0.763 0.000  2428.085 0.000   63.130 0.000  11.655 0.000  1222.397 0.000   53.785 0.000   6.601 0.000  17.911 0.000  0.752 0.000 0.115 0.000   752.671 0.000   86.557 0.000  28.752 0.000    3.521 0.000   0.144 0.000  0.025 0.000   45.173 0.000  2.846 0.000 0.339 0.000  396.022 0.000  12.673 0.000  1.822 0.000  16.887 0.000  2.584 0.000 0.105 0.000  39.847 0.000  2.391 0.000 0.247 0.000   137.904 0.000   17.100 0.000  1.145 0.000  12.631 0.000  1.187 0.000 0.116 0.000   984.428 0.000   32.486 0.000   6.399 0.000  187.039 0.000   34.041 0.000  1.085 0.000   87.476 0.000   4.286 0.000  0.586 0.000
