RRS/CZ0003R.20150101120000.20170728090000.steel_canister..air.1y.78h.CZ01L_Andersen_instrument.CZ01L_Agilent_VOC_AIR.lev2.nas
183 1001
Vana, Milan; Diskova, Jitka
CZ03L, "Institute of Chemical Process Fundamentals ASCR v. v. i., ICPF, Laboratory of Aerosol Chemistry and Physics", , , "Rozvojova 2,, 16502, Prague 6, Czech Republic", , , , 
Pekarek, Jaroslav
ACTRIS EMEP GAW-WDCRG
1 1
2015 01 01 2017 07 28
0
days from file reference point
115
1 1 1 1 1 1 1 1 1 1 1 1 1 1 1 1 1 1 1 1 1 1 1 1 1 1 1 1 1 1 1 1 1 1 1 1 1 1 1 1 1 1 1 1 1 1 1 1 1 1 1 1 1 1 1 1 1 1 1 1 1 1 1 1 1 1 1 1 1 1 1 1 1 1 1 1 1 1 1 1 1 1 1 1 1 1 1 1 1 1 1 1 1 1 1 1 1 1 1 1 1 1 1 1 1 1 1 1 1 1 1 1 1 1 1
999.999999 999.999 9.999 99.999 9.999 99.999 9.999 999.999 9.999 9.999 9.999 9.999 9.999 9999.999 9.999 999.999 9.999 99.999 9.999 9999.999 9.999 999.999 9.999 99.999 9.999 9999.999 9.999 999.999 9.999 99.999 9.999 99999.999 9.999 9999.999 9.999 999.999 9.999 99999.999 9.999 9999.999 9.999 999.999 9.999 999.999 9.999 99.999 9.999 9.999 9.999 99999.999 9.999 9999.999 9.999 999.999 9.999 9999.999 9.999 999.999 9.999 99.999 9.999 9999.999 9.999 99.999 9.999 9.999 9.999 9999.999 9.999 999.999 9.999 99.999 9.999 999.999 9.999 99.999 9.999 9.999 9.999 999.999 9.999 99.999 9.999 9.999 9.999 99999.999 9.999 9999.999 9.999 99.999 9.999 999.999 9.999 99.999 9.999 9.999 9.999 99999.999 9.999 9999.999 9.999 999.999 9.999 9999.999 9.999 9999.999 9.999 99.999 9.999 9999.999 9.999 999.999 9.999 99.999 9.999
end_time of measurement, days from the file reference point
1-butene, pmol/mol, Statistics=arithmetic mean
numflag 1-butene, no unit, Statistics=arithmetic mean
1-butene, pmol/mol, Statistics=expanded uncertainty 2sigma
numflag 1-butene, no unit, Statistics=expanded uncertainty 2sigma
1-butene, pmol/mol, Statistics=precision
numflag 1-butene, no unit, Statistics=precision
1-pentene, pmol/mol, Statistics=arithmetic mean
numflag 1-pentene, no unit, Statistics=arithmetic mean
1-pentene, pmol/mol, Statistics=expanded uncertainty 2sigma
numflag 1-pentene, no unit, Statistics=expanded uncertainty 2sigma
1-pentene, pmol/mol, Statistics=precision
numflag 1-pentene, no unit, Statistics=precision
2-methylbutane, pmol/mol, Statistics=arithmetic mean
numflag 2-methylbutane, no unit, Statistics=arithmetic mean
2-methylbutane, pmol/mol, Statistics=expanded uncertainty 2sigma
numflag 2-methylbutane, no unit, Statistics=expanded uncertainty 2sigma
2-methylbutane, pmol/mol, Statistics=precision
numflag 2-methylbutane, no unit, Statistics=precision
2-methylpropane, pmol/mol, Statistics=arithmetic mean
numflag 2-methylpropane, no unit, Statistics=arithmetic mean
2-methylpropane, pmol/mol, Statistics=expanded uncertainty 2sigma
numflag 2-methylpropane, no unit, Statistics=expanded uncertainty 2sigma
2-methylpropane, pmol/mol, Statistics=precision
numflag 2-methylpropane, no unit, Statistics=precision
benzene, pmol/mol, Statistics=arithmetic mean
numflag benzene, no unit, Statistics=arithmetic mean
benzene, pmol/mol, Statistics=expanded uncertainty 2sigma
numflag benzene, no unit, Statistics=expanded uncertainty 2sigma
benzene, pmol/mol, Statistics=precision
numflag benzene, no unit, Statistics=precision
ethane, pmol/mol, Statistics=arithmetic mean
numflag ethane, no unit, Statistics=arithmetic mean
ethane, pmol/mol, Statistics=expanded uncertainty 2sigma
numflag ethane, no unit, Statistics=expanded uncertainty 2sigma
ethane, pmol/mol, Statistics=precision
[...]
Detection limit expl.:        Detection limit flag used
Zero/negative values code:    Zero/negative possible
Zero/negative values:         Zero and neg. values may appear due to statistical variations at very low concentrations
Originator:                   Vana, Milan, , , , , , , , , 
Originator:                   Diskova, Jitka, diskova@chmi.cz, CHMI, , , , , 14306, Prague, Czech Republic
Submitter:                    Pekarek, Jaroslav, , , , , , , , , 
Acknowledgement:              Request acknowledgement details from data originator
Comment:                      No SOP currently available
starttime endtime C4H8 flag_C4H8 C4H8 flag_C4H8 C4H8 flag_C4H8 C5H10 flag_C5H10 C5H10 flag_C5H10 C5H10 flag_C5H10 C5H12 flag_C5H12 C5H12 flag_C5H12 C5H12 flag_C5H12 C4H10 flag_C4H10 C4H10 flag_C4H10 C4H10 flag_C4H10 C6H6 flag_C6H6 C6H6 flag_C6H6 C6H6 flag_C6H6 C2H6 flag_C2H6 C2H6 flag_C2H6 C2H6 flag_C2H6 C2H4 flag_C2H4 C2H4 flag_C2H4 C2H4 flag_C2H4 Ethylbenzene flag_Ethylbenzene Ethylbenzene flag_Ethylbenzene Ethylbenzene flag_Ethylbenzene C2H2 flag_C2H2 C2H2 flag_C2H2 C2H2 flag_C2H2 C5H8 flag_C5H8 C5H8 flag_C5H8 C5H8 flag_C5H8 m,p-xylene flag_m,p-xylene m,p-xylene flag_m,p-xylene m,p-xylene flag_m,p-xylene C4H10 flag_C4H10 C4H10 flag_C4H10 C4H10 flag_C4H10 C7H16 flag_C7H16 C7H16 flag_C7H16 C7H16 flag_C7H16 C6H12 flag_C6H12 C6H12 flag_C6H12 C6H12 flag_C6H12 C5H12 flag_C5H12 C5H12 flag_C5H12 C5H12 flag_C5H12 o-xylene flag_o-xylene o-xylene flag_o-xylene o-xylene flag_o-xylene C3H8 flag_C3H8 C3H8 flag_C3H8 C3H8 flag_C3H8 C3H6 flag_C3H6 C3H6 flag_C3H6 C3H6 flag_C3H6 C6H5CH3 flag_C6H5CH3 C6H5CH3 flag_C6H5CH3 C6H5CH3 flag_C6H5CH3
[from data line 20]
 70.0  70.003472  13.079 0.000  1.596 0.000  0.297 0.000   2.684 0.000 0.137 0.000 0.046 0.000   76.849 0.000   3.996 0.000  0.392 0.000  203.464 0.000  11.801 0.000  1.323 0.000  161.039 0.000   4.509 0.000  0.515 0.000  2237.285 0.000   58.169 0.000  10.739 0.000   410.195 0.000   18.049 0.000   2.215 0.000  19.541 0.000  0.821 0.000 0.125 0.000   312.191 0.000   35.902 0.000  11.926 0.000   15.973 0.000   0.655 0.000  0.113 0.000   50.755 0.000  3.198 0.000 0.381 0.000  248.539 0.000   7.953 0.000  1.143 0.000  24.067 0.000  3.682 0.000 0.149 0.000  22.345 0.000  1.341 0.000 0.139 0.000    71.692 0.000    8.890 0.000  0.595 0.000  22.650 0.000  2.129 0.000 0.208 0.000   852.915 0.000   28.146 0.000   5.544 0.000   74.815 0.000   13.616 0.000  0.434 0.000   78.178 0.000   3.831 0.000  0.524 0.000
 74.0  74.003472  13.179 0.000  1.608 0.000  0.299 0.000   2.935 0.000 0.150 0.000 0.050 0.000  144.381 0.000   7.508 0.000  0.736 0.000  235.336 0.000  13.649 0.000  1.530 0.000  274.926 0.000   7.698 0.000  0.880 0.000  3457.516 0.000   89.895 0.000  16.596 0.000   790.198 0.000   34.769 0.000   4.267 0.000  15.294 0.000  0.642 0.000 0.098 0.000   590.063 0.000   67.857 0.000  22.540 0.000    2.163 0.000   0.089 0.000  0.015 0.000   25.404 0.000  1.600 0.000 0.191 0.000  373.360 0.000  11.948 0.000  1.717 0.000  20.845 0.000  3.189 0.000 0.129 0.000  38.563 0.000  2.314 0.000 0.239 0.000   114.713 0.000   14.224 0.000  0.952 0.000  13.520 0.000  1.271 0.000 0.124 0.000  1215.384 0.000   40.108 0.000   7.900 0.000  172.780 0.000   31.446 0.000  1.002 0.000   81.719 0.000   4.004 0.000  0.548 0.000
 77.0  77.003472   9.695 0.000  1.183 0.000  0.220 0.000   3.269 0.000 0.167 0.000 0.056 0.000   71.921 0.000   3.740 0.000  0.367 0.000  145.623 0.000   8.446 0.000  0.947 0.000  222.697 0.000   6.236 0.000  0.713 0.000  2584.638 0.000   67.201 0.000  12.406 0.000   552.107 0.000   24.293 0.000   2.981 0.000  12.474 0.000  0.524 0.000 0.080 0.000   478.263 0.000   55.000 0.000  18.270 0.000    5.302 0.000   0.217 0.000  0.038 0.000   21.124 0.000  1.331 0.000 0.158 0.000  237.697 0.000   7.606 0.000  1.093 0.000  19.887 0.000  3.043 0.000 0.123 0.000  19.501 0.000  1.170 0.000 0.121 0.000    79.224 0.000    9.824 0.000  0.658 0.000  25.414 0.000  2.389 0.000 0.234 0.000   873.576 0.000   28.828 0.000   5.678 0.000   63.361 0.000   11.532 0.000  0.367 0.000   59.287 0.000   2.905 0.000  0.397 0.000
 81.0  81.003472   8.442 0.000  1.030 0.000  0.192 0.000   2.785 0.000 0.142 0.000 0.047 0.000   75.579 0.000   3.930 0.000  0.385 0.000  135.753 0.000   7.874 0.000  0.882 0.000  185.859 0.000   5.204 0.000  0.595 0.000  2344.106 0.000   60.947 0.000  11.252 0.000   407.969 0.000   17.951 0.000   2.203 0.000   8.695 0.000  0.365 0.000 0.056 0.000   403.632 0.000   46.418 0.000  15.419 0.000    7.998 0.000   0.328 0.000  0.057 0.000   14.246 0.000  0.897 0.000 0.107 0.000  220.428 0.000   7.054 0.000  1.014 0.000  12.382 0.000  1.894 0.000 0.077 0.000  19.102 0.000  1.146 0.000 0.118 0.000    70.242 0.000    8.710 0.000  0.583 0.000   5.297 0.000  0.498 0.000 0.049 0.000   777.282 0.000   25.650 0.000   5.052 0.000   44.947 0.000    8.180 0.000  0.261 0.000   44.129 0.000   2.162 0.000  0.296 0.000
 84.0  84.003472   6.970 0.000  0.850 0.000  0.158 0.000   2.874 0.000 0.147 0.000 0.049 0.000   85.413 0.000   4.441 0.000  0.436 0.000  142.733 0.000   8.279 0.000  0.928 0.000  177.252 0.000   4.963 0.000  0.567 0.000  2174.160 0.000   56.528 0.000  10.436 0.000   345.070 0.000   15.183 0.000   1.863 0.000   9.882 0.000  0.415 0.000 0.063 0.000   414.607 0.000   47.680 0.000  15.838 0.000    6.080 0.000   0.249 0.000  0.043 0.000   13.150 0.000  0.828 0.000 0.099 0.000  211.163 0.000   6.757 0.000  0.971 0.000  14.884 0.000  2.277 0.000 0.092 0.000  19.360 0.000  1.162 0.000 0.120 0.000   103.342 0.000   12.814 0.000  0.858 0.000   9.866 0.000  0.927 0.000 0.091 0.000   675.565 0.000   22.294 0.000   4.391 0.000   41.240 0.000    7.506 0.000  0.239 0.000   52.123 0.000   2.554 0.000  0.349 0.000
 88.0  88.003472   4.465 0.000  0.545 0.000  0.101 0.000   2.359 0.000 0.120 0.000 0.040 0.000   42.678 0.000   2.219 0.000  0.218 0.000   88.530 0.000   5.135 0.000  0.575 0.000   89.088 0.000   2.494 0.000  0.285 0.000  2056.412 0.000   53.467 0.000   9.871 0.000   163.117 0.000    7.177 0.000   0.881 0.000   3.892 0.000  0.163 0.000 0.025 0.000   202.190 0.000   23.252 0.000   7.724 0.000    2.275 0.000   0.093 0.000  0.016 0.000    7.799 0.000  0.491 0.000 0.058 0.000  163.355 0.000   5.227 0.000  0.751 0.000   6.680 0.000  1.022 0.000 0.041 0.000   9.993 0.000  0.600 0.000 0.062 0.000    38.076 0.000    4.721 0.000  0.316 0.000   7.489 0.000  0.704 0.000 0.069 0.000   648.791 0.000   21.410 0.000   4.217 0.000   25.285 0.000    4.602 0.000  0.147 0.000   18.204 0.000   0.892 0.000  0.122 0.000
 91.0  91.003472  10.381 0.000  1.266 0.000  0.236 0.000   5.243 0.000 0.267 0.000 0.089 0.000   48.416 0.000   2.518 0.000  0.247 0.000   95.374 0.000   5.532 0.000  0.620 0.000  112.040 0.000   3.137 0.000  0.359 0.000  2079.373 0.000   54.064 0.000   9.981 0.000   228.251 0.000   10.043 0.000   1.233 0.000   6.734 0.000  0.283 0.000 0.043 0.000   255.108 0.000   29.337 0.000   9.745 0.000   23.162 0.000   0.950 0.000  0.164 0.000   17.114 0.000  1.078 0.000 0.128 0.000  170.986 0.000   5.472 0.000  0.787 0.000  10.170 0.000  1.556 0.000 0.063 0.000  11.195 0.000  0.672 0.000 0.069 0.000    48.144 0.000    5.970 0.000  0.400 0.000   7.345 0.000  0.690 0.000 0.068 0.000   681.749 0.000   22.498 0.000   4.431 0.000   51.851 0.000    9.437 0.000  0.301 0.000   26.455 0.000   1.296 0.000  0.177 0.000
 95.0  95.003472   8.549 0.000  1.043 0.000  0.194 0.000   3.818 0.000 0.195 0.000 0.065 0.000   58.135 0.000   3.023 0.000  0.296 0.000  114.168 0.000   6.622 0.000  0.742 0.000  128.079 0.000   3.586 0.000  0.410 0.000  2347.987 0.000   61.048 0.000  11.270 0.000   266.428 0.000   11.723 0.000   1.439 0.000   6.347 0.000  0.267 0.000 0.041 0.000   247.126 0.000   28.419 0.000   9.440 0.000   14.397 0.000   0.590 0.000  0.102 0.000   11.625 0.000  0.732 0.000 0.087 0.000  188.798 0.000   6.042 0.000  0.868 0.000  10.151 0.000  1.553 0.000 0.063 0.000  13.237 0.000  0.794 0.000 0.082 0.000    60.446 0.000    7.495 0.000  0.502 0.000   7.451 0.000  0.700 0.000 0.069 0.000   735.075 0.000   24.257 0.000   4.778 0.000   52.203 0.000    9.501 0.000  0.303 0.000   27.236 0.000   1.335 0.000  0.182 0.000
 98.0  98.003472   6.202 0.000  0.757 0.000  0.141 0.000   3.267 0.000 0.167 0.000 0.056 0.000   35.507 0.000   1.846 0.000  0.181 0.000   73.304 0.000   4.252 0.000  0.476 0.000  102.476 0.000   2.869 0.000  0.328 0.000  1990.838 0.000   51.762 0.000   9.556 0.000   217.708 0.000    9.579 0.000   1.176 0.000   6.743 0.000  0.283 0.000 0.043 0.000   231.917 0.000   26.670 0.000   8.859 0.000   10.959 0.000   0.449 0.000  0.078 0.000   12.045 0.000  0.759 0.000 0.090 0.000  119.384 0.000   3.820 0.000  0.549 0.000   8.755 0.000  1.340 0.000 0.054 0.000   9.822 0.000  0.589 0.000 0.061 0.000    31.986 0.000    3.966 0.000  0.265 0.000   7.955 0.000  0.748 0.000 0.073 0.000   505.330 0.000   16.676 0.000   3.285 0.000   29.391 0.000    5.349 0.000  0.170 0.000   35.063 0.000   1.718 0.000  0.235 0.000
102.0 102.003472  18.436 0.000  2.249 0.000  0.418 0.000   3.850 0.000 0.196 0.000 0.065 0.000  100.291 0.000   5.215 0.000  0.511 0.000  151.062 0.000   8.762 0.000  0.982 0.000 9999.999 0.999 999.999 0.999 99.999 0.999  2291.716 0.000   59.585 0.000  11.000 0.000   593.803 0.000   26.127 0.000   3.207 0.000 999.999 0.999 99.999 0.999 9.999 0.999   260.099 0.000   29.911 0.000   9.936 0.000   11.882 0.000   0.487 0.000  0.084 0.000 9999.999 0.999 99.999 0.999 9.999 0.999  239.456 0.000   7.663 0.000  1.101 0.000 999.999 0.999 99.999 0.999 9.999 0.999  23.260 0.000  1.396 0.000 0.144 0.000    74.568 0.000    9.246 0.000  0.619 0.000 999.999 0.999 99.999 0.999 9.999 0.999   698.348 0.000   23.045 0.000   4.539 0.000  198.031 0.000   36.042 0.000  1.149 0.000 9999.999 0.999 999.999 0.999 99.999 0.999
105.0 105.003472 999.999 0.999 99.999 0.999 99.999 0.999 999.999 0.999 9.999 0.999 9.999 0.999 9999.999 0.999 999.999 0.999 99.999 0.999 9999.999 0.999 999.999 0.999 99.999 0.999   14.050 0.000   0.393 0.000  0.045 0.000 99999.999 0.999 9999.999 0.999 999.999 0.999 99999.999 0.999 9999.999 0.999 999.999 0.999   0.317 0.000  0.013 0.000 0.002 0.000 99999.999 0.999 9999.999 0.999 999.999 0.999 9999.999 0.999 999.999 0.999 99.999 0.999    2.510 0.000  0.158 0.000 0.019 0.000 9999.999 0.999 999.999 0.999 99.999 0.999   8.196 0.000  1.254 0.000 0.051 0.000 999.999 0.999 99.999 0.999 9.999 0.999 99999.999 0.999 9999.999 0.999 99.999 0.999   1.303 0.000  0.122 0.000 0.012 0.000 99999.999 0.999 9999.999 0.999 999.999 0.999 9999.999 0.999 9999.999 0.999 99.999 0.999    9.374 0.000   0.459 0.000  0.063 0.000
109.0 109.003472   7.557 0.000  0.922 0.000  0.172 0.000   2.499 0.000 0.127 0.000 0.042 0.000   68.779 0.000   3.577 0.000  0.351 0.000  103.426 0.000   5.999 0.000  0.672 0.000   87.025 0.000   2.437 0.000  0.278 0.000  1847.361 0.000   48.031 0.000   8.867 0.000   246.791 0.000   10.859 0.000   1.333 0.000  12.801 0.000  0.538 0.000 0.082 0.000   202.749 0.000   23.316 0.000   7.745 0.000   15.599 0.000   0.640 0.000  0.111 0.000   19.742 0.000  1.244 0.000 0.148 0.000  135.274 0.000   4.329 0.000  0.622 0.000  10.454 0.000  1.599 0.000 0.065 0.000  16.761 0.000  1.006 0.000 0.104 0.000    59.006 0.000    7.317 0.000  0.490 0.000   9.882 0.000  0.929 0.000 0.091 0.000   477.346 0.000   15.752 0.000   3.103 0.000   45.387 0.000    8.260 0.000  0.263 0.000   37.591 0.000   1.842 0.000  0.252 0.000
112.0 112.003472  14.092 0.000  1.719 0.000  0.320 0.000   2.832 0.000 0.144 0.000 0.048 0.000   61.107 0.000   3.178 0.000  0.312 0.000   85.046 0.000   4.933 0.000  0.553 0.000   85.735 0.000   2.401 0.000  0.274 0.000  1730.186 0.000   44.985 0.000   8.305 0.000   284.218 0.000   12.506 0.000   1.535 0.000  11.316 0.000  0.475 0.000 0.072 0.000   236.736 0.000   27.225 0.000   9.043 0.000   18.870 0.000   0.774 0.000  0.134 0.000   19.774 0.000  1.246 0.000 0.148 0.000  119.314 0.000   3.818 0.000  0.549 0.000  13.393 0.000  2.049 0.000 0.083 0.000  12.200 0.000  0.732 0.000 0.076 0.000    54.933 0.000    6.812 0.000  0.456 0.000  17.108 0.000  1.608 0.000 0.157 0.000   421.168 0.000   13.899 0.000   2.738 0.000   55.184 0.000   10.044 0.000  0.320 0.000   62.075 0.000   3.042 0.000  0.416 0.000
116.0 116.003472  10.326 0.000  1.260 0.000  0.234 0.000   3.933 0.000 0.201 0.000 0.067 0.000   66.953 0.000   3.482 0.000  0.341 0.000   88.576 0.000   5.137 0.000  0.576 0.000   86.168 0.000   2.413 0.000  0.276 0.000  1626.183 0.000   42.281 0.000   7.806 0.000   251.342 0.000   11.059 0.000   1.357 0.000  11.776 0.000  0.495 0.000 0.075 0.000   177.146 0.000   20.372 0.000   6.767 0.000  161.638 0.000   6.627 0.000  1.148 0.000   23.234 0.000  1.464 0.000 0.174 0.000  112.506 0.000   3.600 0.000  0.518 0.000  12.349 0.000  1.889 0.000 0.077 0.000  16.191 0.000  0.971 0.000 0.100 0.000    60.039 0.000    7.445 0.000  0.498 0.000  12.488 0.000  1.174 0.000 0.115 0.000   372.564 0.000   12.295 0.000   2.422 0.000   38.706 0.000    7.045 0.000  0.224 0.000   65.164 0.000   3.193 0.000  0.437 0.000
119.0 119.003472   8.898 0.000  1.086 0.000  0.202 0.000   4.222 0.000 0.215 0.000 0.072 0.000   75.588 0.000   3.931 0.000  0.385 0.000  110.148 0.000   6.389 0.000  0.716 0.000   95.607 0.000   2.677 0.000  0.306 0.000  1790.056 0.000   46.541 0.000   8.592 0.000   293.703 0.000   12.923 0.000   1.586 0.000   9.118 0.000  0.383 0.000 0.058 0.000   183.247 0.000   21.073 0.000   7.000 0.000   32.539 0.000   1.334 0.000  0.231 0.000   20.549 0.000  1.295 0.000 0.154 0.000  113.299 0.000   3.626 0.000  0.521 0.000   9.474 0.000  1.450 0.000 0.059 0.000  10.616 0.000  0.637 0.000 0.066 0.000    58.558 0.000    7.261 0.000  0.486 0.000   8.049 0.000  0.757 0.000 0.074 0.000   409.116 0.000   13.501 0.000   2.659 0.000   49.398 0.000    8.991 0.000  0.287 0.000   57.555 0.000   2.820 0.000  0.386 0.000
123.0 123.003472   5.185 0.559  0.633 0.559  0.118 0.559   3.731 0.559 0.190 0.559 0.063 0.559   36.937 0.559   1.921 0.559  0.188 0.559   52.462 0.559   3.043 0.559  0.341 0.559   46.721 0.559   1.308 0.559  0.150 0.559  1271.353 0.559   33.055 0.559   6.102 0.559   141.931 0.559    6.245 0.559   0.766 0.559   4.176 0.559  0.175 0.559 0.027 0.559    98.896 0.559   11.373 0.559   3.778 0.559   32.280 0.559   1.323 0.559  0.229 0.559   10.262 0.559  0.646 0.559 0.077 0.559   57.830 0.559   1.851 0.559  0.266 0.559   7.010 0.559  1.073 0.559 0.043 0.559   7.720 0.559  0.463 0.559 0.048 0.559    21.317 0.559    2.643 0.559  0.177 0.559   5.119 0.559  0.481 0.559 0.047 0.559   212.450 0.559    7.011 0.559   1.381 0.559   42.748 0.559    7.780 0.559  0.248 0.559   27.714 0.559   1.358 0.559  0.186 0.559
126.0 126.003472   9.924 0.559  1.211 0.559  0.225 0.559   3.583 0.559 0.183 0.559 0.061 0.559   20.068 0.559   1.044 0.559  0.102 0.559   34.884 0.559   2.023 0.559  0.227 0.559   49.015 0.559   1.372 0.559  0.157 0.559  1618.235 0.559   42.074 0.559   7.768 0.559   148.749 0.559    6.545 0.559   0.803 0.559   3.285 0.559  0.138 0.559 0.021 0.559   122.303 0.559   14.065 0.559   4.672 0.559   25.036 0.559   1.026 0.559  0.178 0.559   17.720 0.559  1.116 0.559 0.133 0.559   58.490 0.559   1.872 0.559  0.269 0.559   9.477 0.559  1.450 0.559 0.059 0.559   5.952 0.559  0.357 0.559 0.037 0.559    18.501 0.559    2.294 0.559  0.154 0.559   9.705 0.559  0.912 0.559 0.089 0.559   264.077 0.559    8.715 0.559   1.717 0.559   47.758 0.559    8.692 0.559  0.277 0.559   15.656 0.559   0.767 0.559  0.105 0.559
130.0 130.003472   7.925 0.000  0.967 0.000  0.180 0.000   4.048 0.000 0.206 0.000 0.069 0.000   16.247 0.000   0.845 0.000  0.083 0.000   35.142 0.000   2.038 0.000  0.228 0.000   58.162 0.000   1.629 0.000  0.186 0.000  1656.541 0.000   43.070 0.000   7.951 0.000   152.154 0.000    6.695 0.000   0.822 0.000   6.301 0.000  0.265 0.000 0.040 0.000   126.067 0.000   14.498 0.000   4.816 0.000  117.275 0.000   4.808 0.000  0.833 0.000   11.204 0.000  0.706 0.000 0.084 0.000   55.427 0.000   1.774 0.000  0.255 0.000   7.864 0.000  1.203 0.000 0.049 0.000   6.048 0.000  0.363 0.000 0.037 0.000    14.209 0.000    1.762 0.000  0.118 0.000   5.869 0.000  0.552 0.000 0.054 0.000   278.826 0.000    9.201 0.000   1.812 0.000   47.516 0.000    8.648 0.000  0.276 0.000   33.405 0.000   1.637 0.000  0.224 0.000
133.0 133.003472   4.853 0.000  0.592 0.000  0.110 0.000   3.996 0.000 0.204 0.000 0.068 0.000   65.391 0.000   3.400 0.000  0.333 0.000   87.310 0.000   5.064 0.000  0.568 0.000   67.663 0.000   1.895 0.000  0.217 0.000  1726.547 0.000   44.890 0.000   8.287 0.000   178.724 0.000    7.864 0.000   0.965 0.000  20.759 0.000  0.872 0.000 0.133 0.000   139.778 0.000   16.074 0.000   5.340 0.000   25.045 0.000   1.027 0.000  0.178 0.000   43.771 0.000  2.758 0.000 0.328 0.000  127.165 0.000   4.069 0.000  0.585 0.000  12.020 0.000  1.839 0.000 0.075 0.000  16.309 0.000  0.979 0.000 0.101 0.000    54.106 0.000    6.709 0.000  0.449 0.000  16.873 0.000  1.586 0.000 0.155 0.000   403.067 0.000   13.301 0.000   2.620 0.000   29.504 0.000    5.370 0.000  0.171 0.000   41.240 0.000   2.021 0.000  0.276 0.000
