RRS/CZ0003R.20150101120000.20170728090000.steel_canister..air.1y.78h.CZ01L_Andersen_instrument.CZ01L_Agilent_VOC_AIR.lev2.nas
183 1001
Vana, Milan; Diskova, Jitka
CZ03L, "Institute of Chemical Process Fundamentals ASCR v. v. i., ICPF, Laboratory of Aerosol Chemistry and Physics", , , "Rozvojova 2,, 16502, Prague 6, Czech Republic", , , , 
Pekarek, Jaroslav
ACTRIS EMEP GAW-WDCRG
1 1
2015 01 01 2017 07 28
0
days from file reference point
115
1 1 1 1 1 1 1 1 1 1 1 1 1 1 1 1 1 1 1 1 1 1 1 1 1 1 1 1 1 1 1 1 1 1 1 1 1 1 1 1 1 1 1 1 1 1 1 1 1 1 1 1 1 1 1 1 1 1 1 1 1 1 1 1 1 1 1 1 1 1 1 1 1 1 1 1 1 1 1 1 1 1 1 1 1 1 1 1 1 1 1 1 1 1 1 1 1 1 1 1 1 1 1 1 1 1 1 1 1 1 1 1 1 1 1
999.999999 999.999 9.999 99.999 9.999 99.999 9.999 999.999 9.999 9.999 9.999 9.999 9.999 9999.999 9.999 999.999 9.999 99.999 9.999 9999.999 9.999 999.999 9.999 99.999 9.999 9999.999 9.999 999.999 9.999 99.999 9.999 99999.999 9.999 9999.999 9.999 999.999 9.999 99999.999 9.999 9999.999 9.999 999.999 9.999 999.999 9.999 99.999 9.999 9.999 9.999 99999.999 9.999 9999.999 9.999 999.999 9.999 9999.999 9.999 999.999 9.999 99.999 9.999 9999.999 9.999 99.999 9.999 9.999 9.999 9999.999 9.999 999.999 9.999 99.999 9.999 999.999 9.999 99.999 9.999 9.999 9.999 999.999 9.999 99.999 9.999 9.999 9.999 99999.999 9.999 9999.999 9.999 99.999 9.999 999.999 9.999 99.999 9.999 9.999 9.999 99999.999 9.999 9999.999 9.999 999.999 9.999 9999.999 9.999 9999.999 9.999 99.999 9.999 9999.999 9.999 999.999 9.999 99.999 9.999
end_time of measurement, days from the file reference point
1-butene, pmol/mol, Statistics=arithmetic mean
numflag 1-butene, no unit, Statistics=arithmetic mean
1-butene, pmol/mol, Statistics=expanded uncertainty 2sigma
numflag 1-butene, no unit, Statistics=expanded uncertainty 2sigma
1-butene, pmol/mol, Statistics=precision
numflag 1-butene, no unit, Statistics=precision
1-pentene, pmol/mol, Statistics=arithmetic mean
numflag 1-pentene, no unit, Statistics=arithmetic mean
1-pentene, pmol/mol, Statistics=expanded uncertainty 2sigma
numflag 1-pentene, no unit, Statistics=expanded uncertainty 2sigma
1-pentene, pmol/mol, Statistics=precision
numflag 1-pentene, no unit, Statistics=precision
2-methylbutane, pmol/mol, Statistics=arithmetic mean
numflag 2-methylbutane, no unit, Statistics=arithmetic mean
2-methylbutane, pmol/mol, Statistics=expanded uncertainty 2sigma
numflag 2-methylbutane, no unit, Statistics=expanded uncertainty 2sigma
2-methylbutane, pmol/mol, Statistics=precision
numflag 2-methylbutane, no unit, Statistics=precision
2-methylpropane, pmol/mol, Statistics=arithmetic mean
numflag 2-methylpropane, no unit, Statistics=arithmetic mean
2-methylpropane, pmol/mol, Statistics=expanded uncertainty 2sigma
numflag 2-methylpropane, no unit, Statistics=expanded uncertainty 2sigma
2-methylpropane, pmol/mol, Statistics=precision
numflag 2-methylpropane, no unit, Statistics=precision
benzene, pmol/mol, Statistics=arithmetic mean
numflag benzene, no unit, Statistics=arithmetic mean
benzene, pmol/mol, Statistics=expanded uncertainty 2sigma
numflag benzene, no unit, Statistics=expanded uncertainty 2sigma
benzene, pmol/mol, Statistics=precision
numflag benzene, no unit, Statistics=precision
ethane, pmol/mol, Statistics=arithmetic mean
numflag ethane, no unit, Statistics=arithmetic mean
ethane, pmol/mol, Statistics=expanded uncertainty 2sigma
numflag ethane, no unit, Statistics=expanded uncertainty 2sigma
ethane, pmol/mol, Statistics=precision
[...]
Detection limit expl.:        Detection limit flag used
Zero/negative values code:    Zero/negative possible
Zero/negative values:         Zero and neg. values may appear due to statistical variations at very low concentrations
Originator:                   Vana, Milan, , , , , , , , , 
Originator:                   Diskova, Jitka, diskova@chmi.cz, CHMI, , , , , 14306, Prague, Czech Republic
Submitter:                    Pekarek, Jaroslav, , , , , , , , , 
Acknowledgement:              Request acknowledgement details from data originator
Comment:                      No SOP currently available
starttime endtime C4H8 flag_C4H8 C4H8 flag_C4H8 C4H8 flag_C4H8 C5H10 flag_C5H10 C5H10 flag_C5H10 C5H10 flag_C5H10 C5H12 flag_C5H12 C5H12 flag_C5H12 C5H12 flag_C5H12 C4H10 flag_C4H10 C4H10 flag_C4H10 C4H10 flag_C4H10 C6H6 flag_C6H6 C6H6 flag_C6H6 C6H6 flag_C6H6 C2H6 flag_C2H6 C2H6 flag_C2H6 C2H6 flag_C2H6 C2H4 flag_C2H4 C2H4 flag_C2H4 C2H4 flag_C2H4 Ethylbenzene flag_Ethylbenzene Ethylbenzene flag_Ethylbenzene Ethylbenzene flag_Ethylbenzene C2H2 flag_C2H2 C2H2 flag_C2H2 C2H2 flag_C2H2 C5H8 flag_C5H8 C5H8 flag_C5H8 C5H8 flag_C5H8 m,p-xylene flag_m,p-xylene m,p-xylene flag_m,p-xylene m,p-xylene flag_m,p-xylene C4H10 flag_C4H10 C4H10 flag_C4H10 C4H10 flag_C4H10 C7H16 flag_C7H16 C7H16 flag_C7H16 C7H16 flag_C7H16 C6H12 flag_C6H12 C6H12 flag_C6H12 C6H12 flag_C6H12 C5H12 flag_C5H12 C5H12 flag_C5H12 C5H12 flag_C5H12 o-xylene flag_o-xylene o-xylene flag_o-xylene o-xylene flag_o-xylene C3H8 flag_C3H8 C3H8 flag_C3H8 C3H8 flag_C3H8 C3H6 flag_C3H6 C3H6 flag_C3H6 C3H6 flag_C3H6 C6H5CH3 flag_C6H5CH3 C6H5CH3 flag_C6H5CH3 C6H5CH3 flag_C6H5CH3
[from data line 60]
210.0 210.003472   6.450 0.559  0.787 0.559  0.146 0.559   6.663 0.559 0.340 0.559 0.113 0.559   26.849 0.559   1.396 0.559  0.137 0.559   35.051 0.559   2.033 0.559  0.228 0.559   21.922 0.559   0.614 0.559  0.070 0.559   789.931 0.559   20.538 0.559   3.792 0.559    76.895 0.559    3.383 0.559   0.415 0.559  10.148 0.559  0.426 0.559 0.065 0.559    65.869 0.559    7.575 0.559   2.516 0.559   56.846 0.559   2.331 0.559  0.404 0.559   31.374 0.559  1.977 0.559 0.235 0.559   50.580 0.559   1.619 0.559  0.233 0.559   7.797 0.559  1.193 0.559 0.048 0.559   5.640 0.559  0.338 0.559 0.035 0.559    28.782 0.559    3.569 0.559  0.239 0.559   6.770 0.559  0.636 0.559 0.062 0.559   121.454 0.559    4.008 0.559   0.789 0.559   36.521 0.559    6.647 0.559  0.212 0.559   20.920 0.559   1.025 0.559  0.140 0.559
214.0 214.003472  10.980 0.000  1.340 0.000  0.249 0.000   7.732 0.000 0.394 0.000 0.131 0.000   54.764 0.000   2.848 0.000  0.279 0.000   73.197 0.000   4.245 0.000  0.476 0.000   56.845 0.000   1.592 0.000  0.182 0.000  1096.667 0.000   28.513 0.000   5.264 0.000   133.370 0.000    5.868 0.000   0.720 0.000   8.924 0.000  0.375 0.000 0.057 0.000   179.118 0.000   20.599 0.000   6.842 0.000  196.046 0.000   8.038 0.000  1.392 0.000   27.402 0.000  1.726 0.000 0.206 0.000  109.607 0.000   3.507 0.000  0.504 0.000   7.145 0.000  1.093 0.000 0.044 0.000  12.397 0.000  0.744 0.000 0.077 0.000    42.705 0.000    5.295 0.000  0.354 0.000   4.778 0.000  0.449 0.000 0.044 0.000   275.176 0.000    9.081 0.000   1.789 0.000   67.075 0.000   12.208 0.000  0.389 0.000   24.159 0.000   1.184 0.000  0.162 0.000
217.0 217.003472  13.835 0.559  1.688 0.559  0.314 0.559   8.079 0.559 0.412 0.559 0.137 0.559   27.931 0.559   1.452 0.559  0.142 0.559   42.180 0.559   2.446 0.559  0.274 0.559   24.941 0.559   0.698 0.559  0.080 0.559   816.731 0.559   21.235 0.559   3.920 0.559   129.319 0.559    5.690 0.559   0.698 0.559   7.902 0.559  0.332 0.559 0.051 0.559   110.554 0.559   12.714 0.559   4.223 0.559  132.482 0.559   5.432 0.559  0.941 0.559   25.774 0.559  1.624 0.559 0.193 0.559   50.811 0.559   1.626 0.559  0.234 0.559   6.512 0.559  0.996 0.559 0.040 0.559  12.440 0.559  0.746 0.559 0.077 0.559    31.919 0.559    3.958 0.559  0.265 0.559   4.183 0.559  0.393 0.559 0.038 0.559   147.741 0.559    4.875 0.559   0.960 0.559   99.051 0.559   18.027 0.559  0.574 0.559   13.473 0.559   0.660 0.559  0.090 0.559
221.0 221.003472   8.707 0.559  1.062 0.559  0.198 0.559   9.899 0.559 0.505 0.559 0.168 0.559   60.260 0.559   3.133 0.559  0.307 0.559   69.032 0.559   4.004 0.559  0.449 0.559   47.858 0.559   1.340 0.559  0.153 0.559  1176.262 0.559   30.583 0.559   5.646 0.559   139.974 0.559    6.159 0.559   0.756 0.559  14.944 0.559  0.628 0.559 0.096 0.559   179.966 0.559   20.696 0.559   6.875 0.559  788.441 0.559  32.326 0.559  5.598 0.559   49.473 0.559  3.117 0.559 0.371 0.559  107.692 0.559   3.446 0.559  0.495 0.559   6.036 0.559  0.924 0.559 0.037 0.559  13.053 0.559  0.783 0.559 0.081 0.559    42.770 0.559    5.304 0.559  0.355 0.559  10.282 0.559  0.967 0.559 0.095 0.559   277.283 0.559    9.150 0.559   1.802 0.559   52.050 0.559    9.473 0.559  0.302 0.559   22.352 0.559   1.095 0.559  0.150 0.559
224.0 224.003472   9.233 0.559  1.126 0.559  0.210 0.559   6.828 0.559 0.348 0.559 0.116 0.559   50.238 0.559   2.612 0.559  0.256 0.559   58.044 0.559   3.367 0.559  0.377 0.559   50.214 0.559   1.406 0.559  0.161 0.559   960.447 0.559   24.972 0.559   4.610 0.559   114.106 0.559    5.021 0.559   0.616 0.559   8.000 0.559  0.336 0.559 0.051 0.559   152.974 0.559   17.592 0.559   5.844 0.559  393.915 0.559  16.151 0.559  2.797 0.559   29.249 0.559  1.843 0.559 0.219 0.559   68.971 0.559   2.207 0.559  0.317 0.559   8.751 0.559  1.339 0.559 0.054 0.559   7.932 0.559  0.476 0.559 0.049 0.559    40.271 0.559    4.994 0.559  0.334 0.559   5.836 0.559  0.549 0.559 0.054 0.559   222.989 0.559    7.359 0.559   1.449 0.559   40.692 0.559    7.406 0.559  0.236 0.559   35.138 0.559   1.722 0.559  0.235 0.559
228.0 228.003472  19.983 0.559  2.438 0.559  0.454 0.559   9.095 0.559 0.464 0.559 0.155 0.559  197.331 0.559  10.261 0.559  1.006 0.559  205.885 0.559  11.941 0.559  1.338 0.559   65.895 0.559   1.845 0.559  0.211 0.559  1109.785 0.559   28.854 0.559   5.327 0.559   357.641 0.559   15.736 0.559   1.931 0.559  33.071 0.559  1.389 0.559 0.212 0.559   218.065 0.559   25.078 0.559   8.330 0.559  168.394 0.559   6.904 0.559  1.196 0.559  101.824 0.559  6.415 0.559 0.764 0.559  288.602 0.559   9.235 0.559  1.328 0.559  23.435 0.559  3.586 0.559 0.145 0.559  34.525 0.559  2.072 0.559 0.214 0.559   127.470 0.559   15.806 0.559  1.058 0.559  29.115 0.559  2.737 0.559 0.268 0.559   557.454 0.559   18.396 0.559   3.623 0.559   89.434 0.559   16.277 0.559  0.519 0.559  151.706 0.559   7.434 0.559  1.016 0.559
231.0 231.003472  14.683 0.559  1.791 0.559  0.333 0.559   7.354 0.559 0.375 0.559 0.125 0.559  121.567 0.559   6.321 0.559  0.620 0.559  126.453 0.559   7.334 0.559  0.822 0.559  125.321 0.559   3.509 0.559  0.401 0.559  1367.882 0.559   35.565 0.559   6.566 0.559   403.051 0.559   17.734 0.559   2.176 0.559  22.534 0.559  0.946 0.559 0.144 0.559   272.448 0.559   31.331 0.559  10.408 0.559  107.919 0.559   4.425 0.559  0.766 0.559   60.492 0.559  3.811 0.559 0.454 0.559  169.680 0.559   5.430 0.559  0.781 0.559  16.529 0.559  2.529 0.559 0.102 0.559  22.797 0.559  1.368 0.559 0.141 0.559   108.915 0.559   13.505 0.559  0.904 0.559  18.604 0.559  1.749 0.559 0.171 0.559   469.728 0.559   15.501 0.559   3.053 0.559   55.924 0.559   10.178 0.559  0.324 0.559  111.913 0.559   5.484 0.559  0.750 0.559
235.0 235.003472  10.482 0.559  1.279 0.559  0.238 0.559   6.120 0.559 0.312 0.559 0.104 0.559  221.426 0.559  11.514 0.559  1.129 0.559  241.686 0.559  14.018 0.559  1.571 0.559   77.770 0.559   2.178 0.559  0.249 0.559  1423.409 0.559   37.009 0.559   6.832 0.559   185.001 0.559    8.140 0.559   0.999 0.559  17.618 0.559  0.740 0.559 0.113 0.559   200.848 0.559   23.098 0.559   7.672 0.559  151.524 0.559   6.212 0.559  1.076 0.559   48.830 0.559  3.076 0.559 0.366 0.559  170.802 0.559   5.466 0.559  0.786 0.559   7.494 0.559  1.147 0.559 0.046 0.559  17.775 0.559  1.066 0.559 0.110 0.559  1204.082 0.559  149.306 0.559  9.994 0.559  15.709 0.559  1.477 0.559 0.145 0.559   532.504 0.559   17.573 0.559   3.461 0.559   42.819 0.559    7.793 0.559  0.248 0.559   39.525 0.559   1.937 0.559  0.265 0.559
238.0 238.003472   7.546 0.559  0.921 0.559  0.171 0.559   5.100 0.559 0.260 0.559 0.087 0.559   72.222 0.559   3.756 0.559  0.368 0.559   60.204 0.559   3.492 0.559  0.391 0.559   21.809 0.559   0.611 0.559  0.070 0.559   690.698 0.559   17.958 0.559   3.315 0.559    79.840 0.559    3.513 0.559   0.431 0.559   5.630 0.559  0.236 0.559 0.036 0.559    83.429 0.559    9.594 0.559   3.187 0.559  199.205 0.559   8.167 0.559  1.414 0.559   16.601 0.559  1.046 0.559 0.125 0.559   44.907 0.559   1.437 0.559  0.207 0.559   5.626 0.559  0.861 0.559 0.035 0.559   5.804 0.559  0.348 0.559 0.036 0.559   286.941 0.559   35.581 0.559  2.382 0.559   4.208 0.559  0.396 0.559 0.039 0.559   153.455 0.559    5.064 0.559   0.997 0.559   35.176 0.559    6.402 0.559  0.204 0.559   65.070 0.559   3.188 0.559  0.436 0.559
242.0 242.003472   9.629 0.000  1.175 0.000  0.219 0.000   6.705 0.000 0.342 0.000 0.114 0.000  103.258 0.000   5.369 0.000  0.527 0.000   71.943 0.000   4.173 0.000  0.468 0.000   42.864 0.000   1.200 0.000  0.137 0.000   914.876 0.000   23.787 0.000   4.391 0.000   125.218 0.000    5.510 0.000   0.676 0.000   9.740 0.000  0.409 0.000 0.062 0.000   161.415 0.000   18.563 0.000   6.166 0.000  303.252 0.000  12.433 0.000  2.153 0.000   32.082 0.000  2.021 0.000 0.241 0.000  107.143 0.000   3.429 0.000  0.493 0.000   5.955 0.000  0.911 0.000 0.037 0.000  11.295 0.000  0.678 0.000 0.070 0.000   161.168 0.000   19.985 0.000  1.338 0.000   6.956 0.000  0.654 0.000 0.064 0.000   254.557 0.000    8.400 0.000   1.655 0.000   41.328 0.000    7.522 0.000  0.240 0.000   35.620 0.000   1.745 0.000  0.239 0.000
245.0 245.003472   5.493 0.559  0.670 0.559  0.125 0.559   6.511 0.559 0.332 0.559 0.111 0.559   31.796 0.559   1.653 0.559  0.162 0.559  102.530 0.559   5.947 0.559  0.666 0.559   29.903 0.559   0.837 0.559  0.096 0.559   856.381 0.559   22.266 0.559   4.111 0.559    96.891 0.559    4.263 0.559   0.523 0.559   7.405 0.559  0.311 0.559 0.047 0.559    97.932 0.559   11.262 0.559   3.741 0.559   91.654 0.559   3.758 0.559  0.651 0.559   26.302 0.559  1.657 0.559 0.197 0.559   58.282 0.559   1.865 0.559  0.268 0.559   5.920 0.559  0.906 0.559 0.037 0.559  10.436 0.559  0.626 0.559 0.065 0.559    45.825 0.559    5.682 0.559  0.380 0.559   5.679 0.559  0.534 0.559 0.052 0.559   230.157 0.559    7.595 0.559   1.496 0.559   31.886 0.559    5.803 0.559  0.185 0.559   25.138 0.559   1.232 0.559  0.168 0.559
249.0 249.003472  14.585 0.559  1.779 0.559  0.331 0.559   4.366 0.559 0.223 0.559 0.074 0.559   67.414 0.559   3.506 0.559  0.344 0.559   65.162 0.559   3.779 0.559  0.424 0.559   47.475 0.559   1.329 0.559  0.152 0.559  1048.579 0.559   27.263 0.559   5.033 0.559   286.430 0.559   12.603 0.559   1.547 0.559  10.855 0.559  0.456 0.559 0.069 0.559   127.640 0.559   14.679 0.559   4.876 0.559   30.537 0.559   1.252 0.559  0.217 0.559   37.536 0.559  2.365 0.559 0.282 0.559  116.006 0.559   3.712 0.559  0.534 0.559  10.169 0.559  1.556 0.559 0.063 0.559  20.570 0.559  1.234 0.559 0.128 0.559    56.798 0.559    7.043 0.559  0.471 0.559   9.583 0.559  0.901 0.559 0.088 0.559   302.277 0.559    9.975 0.559   1.965 0.559   60.942 0.559   11.091 0.559  0.353 0.559   58.156 0.559   2.850 0.559  0.390 0.559
252.0 252.003472  12.771 0.559  1.558 0.559  0.290 0.559   4.554 0.559 0.232 0.559 0.077 0.559   40.369 0.559   2.099 0.559  0.206 0.559   62.592 0.559   3.630 0.559  0.407 0.559   66.556 0.559   1.864 0.559  0.213 0.559   970.519 0.559   25.233 0.559   4.658 0.559   274.158 0.559   12.063 0.559   1.480 0.559  12.644 0.559  0.531 0.559 0.081 0.559   201.372 0.559   23.158 0.559   7.692 0.559   37.566 0.559   1.540 0.559  0.267 0.559   35.704 0.559  2.249 0.559 0.268 0.559   78.692 0.559   2.518 0.559  0.362 0.559   8.661 0.559  1.325 0.559 0.054 0.559  10.073 0.559  0.604 0.559 0.062 0.559    50.147 0.559    6.218 0.559  0.416 0.559   8.571 0.559  0.806 0.559 0.079 0.559   257.428 0.559    8.495 0.559   1.673 0.559   58.395 0.559   10.628 0.559  0.339 0.559   46.219 0.559   2.265 0.559  0.310 0.559
256.0 256.003472   8.789 0.559  1.072 0.559  0.200 0.559   4.428 0.559 0.226 0.559 0.075 0.559  111.945 0.559   5.821 0.559  0.571 0.559  102.349 0.559   5.936 0.559  0.665 0.559   70.136 0.559   1.964 0.559  0.224 0.559  1188.194 0.559   30.893 0.559   5.703 0.559   259.403 0.559   11.414 0.559   1.401 0.559   9.462 0.559  0.397 0.559 0.061 0.559   225.073 0.559   25.883 0.559   8.598 0.559   53.358 0.559   2.188 0.559  0.379 0.559   22.024 0.559  1.388 0.559 0.165 0.559  180.419 0.559   5.773 0.559  0.830 0.559   8.107 0.559  1.240 0.559 0.050 0.559  17.680 0.559  1.061 0.559 0.110 0.559   102.207 0.559   12.674 0.559  0.848 0.559   6.670 0.559  0.627 0.559 0.061 0.559   383.099 0.559   12.642 0.559   2.490 0.559   62.888 0.559   11.446 0.559  0.365 0.559   42.922 0.559   2.103 0.559  0.288 0.559
259.0 259.003472  13.889 0.559  1.694 0.559  0.315 0.559  10.083 0.559 0.514 0.559 0.171 0.559  285.866 0.559  14.865 0.559  1.458 0.559  221.440 0.559  12.844 0.559  1.439 0.559   56.531 0.559   1.583 0.559  0.181 0.559   902.244 0.559   23.458 0.559   4.331 0.559   247.951 0.559   10.910 0.559   1.339 0.559  24.741 0.559  1.039 0.559 0.158 0.559   167.867 0.559   19.305 0.559   6.413 0.559  275.579 0.559  11.299 0.559  1.957 0.559   65.878 0.559  4.150 0.559 0.494 0.559   96.585 0.559   3.091 0.559  0.444 0.559  10.453 0.559  1.599 0.559 0.065 0.559  19.660 0.559  1.180 0.559 0.122 0.559   358.523 0.559   44.457 0.559  2.976 0.559  23.996 0.559  2.256 0.559 0.221 0.559   299.174 0.559    9.873 0.559   1.945 0.559   47.638 0.559    8.670 0.559  0.276 0.559   89.958 0.559   4.408 0.559  0.603 0.559
263.0 263.003472   7.345 0.559  0.896 0.559  0.167 0.559   6.275 0.559 0.320 0.559 0.107 0.559   40.120 0.559   2.086 0.559  0.205 0.559   62.872 0.559   3.647 0.559  0.409 0.559   42.813 0.559   1.199 0.559  0.137 0.559  1066.753 0.559   27.736 0.559   5.120 0.559   108.041 0.559    4.754 0.559   0.583 0.559   8.611 0.559  0.362 0.559 0.055 0.559   129.996 0.559   14.950 0.559   4.966 0.559   29.753 0.559   1.220 0.559  0.211 0.559   25.281 0.559  1.593 0.559 0.190 0.559  101.579 0.559   3.251 0.559  0.467 0.559   5.742 0.559  0.879 0.559 0.036 0.559  12.454 0.559  0.747 0.559 0.077 0.559    38.398 0.559    4.761 0.559  0.319 0.559   6.410 0.559  0.603 0.559 0.059 0.559   283.236 0.559    9.347 0.559   1.841 0.559   34.815 0.559    6.336 0.559  0.202 0.559   26.606 0.559   1.304 0.559  0.178 0.559
266.0 266.003472   9.035 0.559  1.102 0.559  0.205 0.559   8.776 0.559 0.448 0.559 0.149 0.559   87.708 0.559   4.561 0.559  0.447 0.559   85.420 0.559   4.954 0.559  0.555 0.559   51.903 0.559   1.453 0.559  0.166 0.559  1073.495 0.559   27.911 0.559   5.153 0.559   171.030 0.559    7.525 0.559   0.924 0.559  14.089 0.559  0.592 0.559 0.090 0.559   165.440 0.559   19.026 0.559   6.320 0.559   44.249 0.559   1.814 0.559  0.314 0.559   28.438 0.559  1.792 0.559 0.213 0.559  153.405 0.559   4.909 0.559  0.706 0.559  11.127 0.559  1.702 0.559 0.069 0.559  17.905 0.559  1.074 0.559 0.111 0.559   177.820 0.559   22.050 0.559  1.476 0.559   8.853 0.559  0.832 0.559 0.081 0.559   356.531 0.559   11.766 0.559   2.317 0.559   36.072 0.559    6.565 0.559  0.209 0.559   51.981 0.559   2.547 0.559  0.348 0.559
270.0 270.003472   5.958 0.559  0.727 0.559  0.135 0.559   6.507 0.559 0.332 0.559 0.111 0.559   41.609 0.559   2.164 0.559  0.212 0.559   58.895 0.559   3.416 0.559  0.383 0.559   41.900 0.559   1.173 0.559  0.134 0.559   959.098 0.559   24.937 0.559   4.604 0.559   116.486 0.559    5.125 0.559   0.629 0.559   6.307 0.559  0.265 0.559 0.040 0.559   168.669 0.559   19.397 0.559   6.443 0.559   29.379 0.559   1.205 0.559  0.209 0.559   21.941 0.559  1.382 0.559 0.165 0.559   70.209 0.559   2.247 0.559  0.323 0.559   5.966 0.559  0.913 0.559 0.037 0.559   6.567 0.559  0.394 0.559 0.041 0.559   102.231 0.559   12.677 0.559  0.849 0.559   5.062 0.559  0.476 0.559 0.047 0.559   217.156 0.559    7.166 0.559   1.412 0.559   40.863 0.559    7.437 0.559  0.237 0.559   27.265 0.559   1.336 0.559  0.183 0.559
273.0 273.003472   7.645 0.559  0.933 0.559  0.174 0.559   9.057 0.559 0.462 0.559 0.154 0.559  169.293 0.559   8.803 0.559  0.863 0.559  358.675 0.559  20.803 0.559  2.331 0.559   82.681 0.559   2.315 0.559  0.265 0.559  1212.370 0.559   31.522 0.559   5.819 0.559   263.426 0.559   11.591 0.559   1.423 0.559  19.953 0.559  0.838 0.559 0.128 0.559   265.619 0.559   30.546 0.559  10.147 0.559   25.767 0.559   1.056 0.559  0.183 0.559   44.137 0.559  2.781 0.559 0.331 0.559  130.081 0.559   4.163 0.559  0.598 0.559  11.994 0.559  1.835 0.559 0.074 0.559  15.040 0.559  0.902 0.559 0.093 0.559   597.269 0.559   74.061 0.559  4.957 0.559  11.275 0.559  1.060 0.559 0.104 0.559   370.853 0.559   12.238 0.559   2.411 0.559   44.083 0.559    8.023 0.559  0.256 0.559   67.629 0.559   3.314 0.559  0.453 0.559
