RRS/FI0023R.20050101000000.20181114115100.cpc.particle_number_concentration.pm10.1y.1h.FI03L_CPC_VAR_01.FI03L_CPC.lev2.nas
50 1001
Kulmala, Markku
FI03L, University of Helsinki, UHEL, Division of Atmospheric Sciences, PO BOX 64, , FI-00014, University of Helsinki, Finland
Aalto, Pasi
GAW-WDCA
1 1
2005 01 01 2018 11 14
0.041667
days from file reference point
7
1 1 1 1 1 1 1
999.999999 9 9 999999.999 999999.999 999999.999 9.999
end_time of measurement, days from the file reference point
pressure, hPa, Location=instrument internal, Matrix=instrument, Measurement uncertainty=
temperature, K, Location=instrument internal, Matrix=instrument, Measurement uncertainty=
particle_number_concentration, 1/cm3
particle_number_concentration, 1/cm3, Statistics=percentile:15.87
particle_number_concentration, 1/cm3, Statistics=percentile:84.13
numflag, no unit
0
29
Data definition:              EBAS_1.1
Set type code:                TU
Timezone:                     UTC
File name:                    FI0023R.20050101000000.20181114115100.cpc.particle_number_concentration.pm10.1y.1h.FI03L_CPC_VAR_01.FI03L_CPC.lev2.nas
File creation:                20200622170759
Startdate:                    20050101000000
Revision date:                20181114115100
Statistics:                   arithmetic mean
Data level:                   2
Period code:                  1y
Resolution code:              1h
Station code:                 FI0023R
Platform code:                FI0023S
Station name:                 V�rri�
Station latitude:             67.766667
Station longitude:            29.583333
Station altitude:             400.0 m
Regime:                       IMG
Component:                    particle_number_concentration
Unit:                         1/cm3
Matrix:                       pm10
Instrument type:              cpc
Laboratory code:              FI03L
Instrument name:              CPC_VAR_01
Method ref:                   FI03L_CPC
Measurement uncertainty:      5.0 %
Originator:                   Kulmala, Markku, , , , , , , , , 
Submitter:                    Aalto, Pasi, , , , , , , , , 
starttime endtime P T particle_number_concentration particle_number_concentration particle_number_concentration flag
[from data line 7139]
297.458333 297.500000 9 9     75.271     67.039     81.808 0.000
297.500000 297.541667 9 9     84.765     81.452     87.987 0.000
297.541667 297.583333 9 9     77.348     73.705     81.439 0.000
297.583333 297.625000 9 9     82.408     76.929     87.330 0.000
297.625000 297.666667 9 9     84.360     77.961     92.001 0.000
297.666667 297.708333 9 9    156.139    102.661    190.916 0.000
297.708333 297.750000 9 9    135.118    116.159    158.263 0.000
297.750000 297.791667 9 9    110.443     91.276    128.116 0.000
297.791667 297.833333 9 9    109.117    101.808    117.915 0.000
297.833333 297.875000 9 9     91.287     70.270    113.664 0.000
297.875000 297.916667 9 9     70.182     65.640     78.552 0.000
297.916667 297.958333 9 9     72.276     62.959     86.639 0.000
297.958333 298.000000 9 9     83.313     79.972     87.608 0.000
298.000000 298.041667 9 9     73.040     62.430     81.954 0.000
298.041667 298.083333 9 9     57.438     52.139     61.050 0.000
298.083333 298.125000 9 9     56.327     51.196     62.751 0.000
298.125000 298.166667 9 9     49.806     47.077     56.427 0.000
298.166667 298.208333 9 9     53.538     45.015     65.435 0.000
298.208333 298.250000 9 9     51.048     46.838     57.993 0.000
298.250000 298.291667 9 9     70.799     51.343     96.829 0.000
298.291667 298.333333 9 9     96.158     81.256    121.972 0.000
298.333333 298.375000 9 9    192.019    138.383    257.407 0.000
298.375000 298.416667 9 9    197.641    162.855    262.512 0.000
298.416667 298.458333 9 9    330.443    137.336    495.107 0.000
298.458333 298.500000 9 9    133.654     82.703    227.133 0.000
298.500000 298.541667 9 9   1081.578    290.408   1623.328 0.000
298.541667 298.583333 9 9    900.505    660.462   1154.518 0.000
298.583333 298.625000 9 9    258.823    127.716    359.057 0.000
298.625000 298.666667 9 9    138.030    110.015    161.853 0.000
298.666667 298.708333 9 9    448.840    398.842    519.656 0.000
298.708333 298.750000 9 9    412.397    272.520    546.531 0.000
298.750000 298.791667 9 9    129.994     78.722    204.627 0.000
298.791667 298.833333 9 9    106.709     61.225    165.431 0.000
298.833333 298.875000 9 9     66.204     55.731     78.906 0.000
298.875000 298.916667 9 9     55.493     54.666     56.793 0.000
298.916667 298.958333 9 9     67.151     62.346     73.063 0.000
298.958333 299.000000 9 9    100.048     70.492    116.620 0.000
299.000000 299.041667 9 9    108.329     88.643    157.454 0.000
299.041667 299.083333 9 9    240.589    201.155    275.267 0.000
299.083333 299.125000 9 9    245.370    223.730    262.641 0.000
299.125000 299.166667 9 9    316.379    302.665    332.429 0.000
299.166667 299.208333 9 9    293.343    275.118    307.511 0.000
299.208333 299.250000 9 9    280.843    263.987    305.020 0.000
299.250000 299.291667 9 9    298.247    283.016    321.701 0.000
299.291667 299.333333 9 9    369.488    355.947    383.326 0.000
299.333333 299.375000 9 9    356.700    322.122    381.739 0.000
299.375000 299.416667 9 9    346.566    319.397    381.737 0.000
299.416667 299.458333 9 9    320.926    312.609    327.791 0.000
299.458333 299.500000 9 9    339.657    326.632    352.548 0.000
299.500000 299.541667 9 9    442.362    384.709    481.315 0.000
299.541667 299.583333 9 9    486.738    435.705    527.926 0.000
299.583333 299.625000 9 9    609.334    532.400    705.009 0.000
299.625000 299.666667 9 9    655.032    608.260    713.065 0.000
299.666667 299.708333 9 9    739.751    721.689    766.397 0.000
299.708333 299.750000 9 9    831.907    772.972    905.992 0.000
299.750000 299.791667 9 9    969.150    933.551   1000.262 0.000
299.791667 299.833333 9 9   1089.503    999.350   1198.164 0.000
299.833333 299.875000 9 9   1247.518   1187.104   1323.632 0.000
299.875000 299.916667 9 9   1157.342   1047.750   1302.123 0.000
299.916667 299.958333 9 9    788.891    613.156    977.870 0.000
299.958333 300.000000 9 9    476.634    434.081    518.575 0.000
300.000000 300.041667 9 9    411.859    402.116    419.505 0.000
300.041667 300.083333 9 9    414.991    406.670    424.290 0.000
300.083333 300.125000 9 9    422.979    420.956    425.680 0.000
300.125000 300.166667 9 9    424.337    414.875    434.874 0.000
300.166667 300.208333 9 9    500.334    436.564    561.220 0.000
300.208333 300.250000 9 9    518.087    490.952    545.980 0.000
300.250000 300.291667 9 9    474.170    461.510    492.218 0.000
300.291667 300.333333 9 9    504.697    492.265    523.185 0.000
300.333333 300.375000 9 9    463.704    447.665    486.885 0.000
300.375000 300.416667 9 9    434.357    415.039    443.164 0.000
300.416667 300.458333 9 9    357.254    321.743    396.158 0.000
300.458333 300.500000 9 9    294.689    277.571    312.437 0.000
300.500000 300.541667 9 9    265.980    261.966    269.317 0.000
300.541667 300.583333 9 9    249.062    234.474    260.689 0.000
300.583333 300.625000 9 9    229.045    221.525    236.651 0.000
300.625000 300.666667 9 9    227.873    218.057    233.115 0.000
300.666667 300.708333 9 9    233.435    219.160    249.738 0.000
300.708333 300.750000 9 9    214.535    197.661    236.161 0.000
300.750000 300.791667 9 9    248.365    238.732    255.975 0.000
300.791667 300.833333 9 9    239.618    228.617    261.145 0.000
300.833333 300.875000 9 9    190.753    164.882    216.273 0.000
300.875000 300.916667 9 9    160.946    149.643    169.473 0.000
300.916667 300.958333 9 9    160.099    151.444    169.304 0.000
300.958333 301.000000 9 9    181.854    160.812    196.030 0.000
301.000000 301.041667 9 9    184.684    177.438    194.469 0.000
301.041667 301.083333 9 9    143.977    125.930    164.194 0.000
301.083333 301.125000 9 9    129.485    112.301    150.843 0.000
301.125000 301.166667 9 9    183.741    140.522    214.088 0.000
301.166667 301.208333 9 9    288.352    241.280    337.362 0.000
301.208333 301.250000 9 9    417.347    390.845    433.248 0.000
301.250000 301.291667 9 9    376.961    348.314    420.994 0.000
301.291667 301.333333 9 9    326.234    277.671    405.605 0.000
301.333333 301.375000 9 9    267.214    257.261    281.618 0.000
301.375000 301.416667 9 9    274.051    255.251    288.279 0.000
301.416667 301.458333 9 9    277.225    254.134    303.006 0.000
301.458333 301.500000 9 9    338.318    297.162    373.559 0.000
301.500000 301.541667 9 9    384.647    360.907    410.474 0.000
301.541667 301.583333 9 9    397.880    382.751    417.856 0.000
301.583333 301.625000 9 9    406.758    389.161    432.328 0.000
301.625000 301.666667 9 9    395.256    379.456    415.170 0.000
301.666667 301.708333 9 9    392.476    365.009    431.680 0.000
301.708333 301.750000 9 9    414.760    394.429    427.513 0.000
301.750000 301.791667 9 9    444.440    413.793    476.324 0.000
301.791667 301.833333 9 9    476.507    452.471    501.441 0.000
301.833333 301.875000 9 9    529.469    498.059    551.004 0.000
301.875000 301.916667 9 9    567.965    547.499    592.125 0.000
301.916667 301.958333 9 9    580.842    548.807    605.743 0.000
301.958333 302.000000 9 9    648.425    601.177    700.999 0.000
302.000000 302.041667 9 9    906.292    883.937    926.755 0.000
302.041667 302.083333 9 9    888.285    870.136    904.844 0.000
302.083333 302.125000 9 9    828.594    808.255    855.438 0.000
302.125000 302.166667 9 9    774.751    759.265    794.617 0.000
302.166667 302.208333 9 9    732.018    708.131    762.361 0.000
302.208333 302.250000 9 9    709.218    702.945    718.271 0.000
302.250000 302.291667 9 9    696.722    687.449    702.538 0.000
302.291667 302.333333 9 9    681.377    667.724    689.082 0.000
302.333333 302.375000 9 9    598.509    579.149    622.195 0.000
302.375000 302.416667 9 9    570.560    555.264    602.080 0.000
302.416667 302.458333 9 9    876.182    619.179   1248.909 0.000
302.458333 302.500000 9 9   1209.075   1059.763   1328.614 0.000
302.500000 302.541667 9 9    837.698    745.467    955.854 0.000
302.541667 302.583333 9 9    676.544    645.244    709.950 0.000
302.583333 302.625000 9 9    593.396    569.142    624.249 0.000
302.625000 302.666667 9 9    565.263    562.286    568.220 0.000
302.666667 302.708333 9 9    555.735    544.802    563.287 0.000
302.708333 302.750000 9 9    516.377    503.226    533.396 0.000
302.750000 302.791667 9 9    493.640    485.542    502.462 0.000
302.791667 302.833333 9 9    512.646    505.062    524.696 0.000
302.833333 302.875000 9 9    489.196    446.614    526.036 0.000
302.875000 302.916667 9 9    368.367    331.753    397.612 0.000
302.916667 302.958333 9 9    471.534    439.595    493.090 0.000
302.958333 303.000000 9 9    437.898    424.632    459.419 0.000
303.000000 303.041667 9 9    399.313    368.361    417.305 0.000
303.041667 303.083333 9 9    330.222    299.803    353.974 0.000
303.083333 303.125000 9 9    333.301    329.480    338.662 0.000
303.125000 303.166667 9 9    273.809    210.348    320.072 0.000
303.166667 303.208333 9 9    228.149    196.894    255.762 0.000
303.208333 303.250000 9 9    192.093    175.371    209.850 0.000
303.250000 303.291667 9 9    262.862    220.244    326.515 0.000
303.291667 303.333333 9 9    450.264    393.060    514.424 0.000
303.333333 303.375000 9 9    660.310    539.505    752.786 0.000
303.375000 303.416667 9 9    836.071    775.291    898.187 0.000
303.416667 303.458333 9 9   1112.035    962.903   1222.296 0.000
303.458333 303.500000 9 9   1337.276   1294.739   1356.726 0.000
303.500000 303.541667 9 9   1272.172   1213.858   1337.826 0.000
303.541667 303.583333 9 9   1087.001   1023.390   1151.636 0.000
303.583333 303.625000 9 9    900.724    823.245    981.285 0.000
303.625000 303.666667 9 9    722.575    679.111    780.608 0.000
303.666667 303.708333 9 9    627.732    595.641    659.195 0.000
303.708333 303.750000 9 9    517.883    468.291    569.481 0.000
303.750000 303.791667 9 9    498.422    447.879    553.770 0.000
303.791667 303.833333 9 9    618.220    572.157    671.271 0.000
303.833333 303.875000 9 9    706.990    674.362    744.668 0.000
303.875000 303.916667 9 9    687.432    585.326    775.894 0.000
303.916667 303.958333 9 9    855.285    815.542    879.253 0.000
303.958333 304.000000 9 9    787.572    724.201    860.463 0.000
304.000000 304.041667 9 9    815.898    805.492    825.924 0.000
304.041667 304.083333 9 9    790.116    783.644    798.994 0.000
304.083333 304.125000 9 9    783.028    766.279    796.979 0.000
304.125000 304.166667 9 9    742.494    734.050    753.389 0.000
304.166667 304.208333 9 9    734.765    726.199    740.996 0.000
304.208333 304.250000 9 9    724.460    711.941    738.715 0.000
304.250000 304.291667 9 9    695.475    688.925    701.410 0.000
304.291667 304.333333 9 9    670.792    660.983    681.601 0.000
304.333333 304.375000 9 9    646.834    632.250    667.450 0.000
304.375000 304.416667 9 9    626.747    613.998    642.195 0.000
304.416667 304.458333 9 9    616.419    592.301    633.298 0.000
304.458333 304.500000 9 9    560.091    546.073    580.857 0.000
304.500000 304.541667 9 9    546.672    541.706    550.585 0.000
304.541667 304.583333 9 9    573.552    547.045    593.943 0.000
304.583333 304.625000 9 9    631.884    611.934    642.141 0.000
304.625000 304.666667 9 9    801.333    704.244    920.440 0.000
304.666667 304.708333 9 9   1142.355    962.303   1253.270 0.000
304.708333 304.750000 9 9   1443.528   1352.040   1511.510 0.000
304.750000 304.791667 9 9   1564.117   1441.421   1674.561 0.000
304.791667 304.833333 9 9   1646.013   1623.720   1675.656 0.000
304.833333 304.875000 9 9   1797.150   1652.925   1934.034 0.000
304.875000 304.916667 9 9   2202.846   2050.406   2318.848 0.000
304.916667 304.958333 9 9   2501.517   2374.650   2575.782 0.000
304.958333 305.000000 9 9   2430.647   2366.472   2480.668 0.000
305.000000 305.041667 9 9   2302.408   2192.300   2350.565 0.000
305.041667 305.083333 9 9   2026.485   2004.633   2055.159 0.000
305.083333 305.125000 9 9   1916.240   1846.252   1972.676 0.000
305.125000 305.166667 9 9   1786.892   1764.861   1797.689 0.000
305.166667 305.208333 9 9   1791.891   1742.751   1825.396 0.000
305.208333 305.250000 9 9   1842.494   1833.324   1856.307 0.000
305.250000 305.291667 9 9   1854.908   1798.902   1898.978 0.000
305.291667 305.333333 9 9   1881.961   1866.460   1894.340 0.000
305.333333 305.375000 9 9   1877.038   1810.360   1923.044 0.000
305.375000 305.416667 9 9   1916.761   1905.807   1934.479 0.000
305.416667 305.458333 9 9   1918.502   1899.000   1952.009 0.000
305.458333 305.500000 9 9   1912.369   1864.028   1953.727 0.000
305.500000 305.541667 9 9   1744.990   1701.452   1811.712 0.000
305.541667 305.583333 9 9   1660.541   1572.547   1731.612 0.000
305.583333 305.625000 9 9   1522.423   1509.603   1533.144 0.000
305.625000 305.666667 9 9   1464.524   1440.766   1502.973 0.000
305.666667 305.708333 9 9   1392.227   1328.593   1431.076 0.000
305.708333 305.750000 9 9   1246.760   1206.770   1283.164 0.000
305.750000 305.791667 9 9   1192.334   1166.738   1226.771 0.000
305.791667 305.833333 9 9   1153.723   1138.630   1171.531 0.000
305.833333 305.875000 9 9   1117.649   1098.788   1139.156 0.000
305.875000 305.916667 9 9    987.214    889.920   1077.227 0.000
305.916667 305.958333 9 9    830.979    813.917    853.622 0.000
305.958333 306.000000 9 9    776.639    723.518    832.584 0.000
306.000000 306.041667 9 9    840.629    811.099    855.357 0.000
306.041667 306.083333 9 9    827.003    812.409    842.420 0.000
306.083333 306.125000 9 9    804.793    764.143    830.953 0.000
306.125000 306.166667 9 9    730.808    698.618    760.714 0.000
306.166667 306.208333 9 9    666.312    628.469    693.397 0.000
306.208333 306.250000 9 9    580.082    571.320    588.693 0.000
306.250000 306.291667 9 9    545.988    537.792    551.957 0.000
306.291667 306.333333 9 9    513.573    508.387    520.532 0.000
306.333333 306.375000 9 9    522.546    512.908    534.003 0.000
306.375000 306.416667 9 9    606.236    556.410    666.458 0.000
306.416667 306.458333 9 9    746.901    714.382    800.707 0.000
306.458333 306.500000 9 9    862.793    839.085    876.127 0.000
306.500000 306.541667 9 9    751.977    699.724    815.685 0.000
306.541667 306.583333 9 9    615.744    570.594    664.137 0.000
306.583333 306.625000 9 9    543.274    517.153    562.509 0.000
306.625000 306.666667 9 9    484.092    464.680    505.552 0.000
306.666667 306.708333 9 9    455.252    432.585    468.004 0.000
306.708333 306.750000 9 9    390.345    365.020    418.530 0.000
306.750000 306.791667 9 9    352.709    343.481    362.349 0.000
306.791667 306.833333 9 9    316.613    301.054    341.756 0.000
306.833333 306.875000 9 9    287.390    268.090    308.449 0.000
306.875000 306.916667 9 9    312.347    304.456    321.118 0.000
306.916667 306.958333 9 9    356.629    322.713    407.358 0.000
306.958333 307.000000 9 9    423.850    417.651    432.534 0.000
307.000000 307.041667 9 9    412.979    405.662    421.347 0.000
307.041667 307.083333 9 9    498.440    435.671    545.206 0.000
307.083333 307.125000 9 9    486.509    458.984    519.124 0.000
307.125000 307.166667 9 9    542.636    527.462    554.191 0.000
307.166667 307.208333 9 9    488.371    472.175    513.605 0.000
307.208333 307.250000 9 9    491.266    457.757    546.523 0.000
307.250000 307.291667 9 9    659.131    625.221    682.221 0.000
307.291667 307.333333 9 9    660.182    636.391    688.354 0.000
307.333333 307.375000 9 9    692.622    675.512    717.272 0.000
307.375000 307.416667 9 9    773.054    755.615    796.893 0.000
307.416667 307.458333 9 9    700.230    647.148    766.932 0.000
307.458333 307.500000 9 9    612.972    595.622    633.882 0.000
307.500000 307.541667 9 9    531.839    441.512    588.413 0.000
307.541667 307.583333 9 9    490.520    454.116    525.362 0.000
307.583333 307.625000 9 9    510.424    505.477    521.498 0.000
307.625000 307.666667 9 9    577.654    533.374    610.253 0.000
