RRS/FI0023R.20110101000000.20181114115100.cpc.particle_number_concentration.pm10.1y.1h.FI03L_CPC_VAR_01.FI03L_CPC.lev2.nas
50 1001
Kulmala, Markku
FI03L, University of Helsinki, UHEL, Division of Atmospheric Sciences, PO BOX 64, , FI-00014, University of Helsinki, Finland
Aalto, Pasi
GAW-WDCA ACTRIS
1 1
2011 01 01 2018 11 14
0.041667
days from file reference point
7
1 1 1 1 1 1 1
999.999999 9 9 999999.999 999999.999 999999.999 9.999
end_time of measurement, days from the file reference point
pressure, hPa, Location=instrument internal, Matrix=instrument, Measurement uncertainty=
temperature, K, Location=instrument internal, Matrix=instrument, Measurement uncertainty=
particle_number_concentration, 1/cm3
particle_number_concentration, 1/cm3, Statistics=percentile:15.87
particle_number_concentration, 1/cm3, Statistics=percentile:84.13
numflag, no unit
0
29
Data definition:              EBAS_1.1
Set type code:                TU
Timezone:                     UTC
File name:                    FI0023R.20110101000000.20181114115100.cpc.particle_number_concentration.pm10.1y.1h.FI03L_CPC_VAR_01.FI03L_CPC.lev2.nas
File creation:                20200622170804
Startdate:                    20110101000000
Revision date:                20181114115100
Statistics:                   arithmetic mean
Data level:                   2
Period code:                  1y
Resolution code:              1h
Station code:                 FI0023R
Platform code:                FI0023S
Station name:                 V�rri�
Station latitude:             67.766667
Station longitude:            29.583333
Station altitude:             400.0 m
Regime:                       IMG
Component:                    particle_number_concentration
Unit:                         1/cm3
Matrix:                       pm10
Instrument type:              cpc
Laboratory code:              FI03L
Instrument name:              CPC_VAR_01
Method ref:                   FI03L_CPC
Measurement uncertainty:      5.0 %
Originator:                   Kulmala, Markku, , , , , , , , , 
Submitter:                    Aalto, Pasi, , , , , , , , , 
starttime endtime P T particle_number_concentration particle_number_concentration particle_number_concentration flag
[from data line 2216]
 92.333333  92.375000 9 9    234.650    212.244    264.792 0.000
 92.375000  92.416667 9 9    311.069    279.613    340.738 0.000
 92.416667  92.458333 9 9    347.409    342.619    351.113 0.000
 92.458333  92.500000 9 9    511.890    367.865    693.112 0.000
 92.500000  92.541667 9 9   1682.648   1001.540   2545.103 0.000
 92.541667  92.583333 9 9   3193.735   3076.099   3342.725 0.000
 92.583333  92.625000 9 9   3277.175   3157.695   3337.391 0.000
 92.625000  92.666667 9 9   3398.610   3336.944   3443.960 0.000
 92.666667  92.708333 9 9   3177.479   2844.265   3415.817 0.000
 92.708333  92.750000 9 9   3652.999   3362.140   3822.776 0.000
 92.750000  92.791667 9 9   3583.835   3480.886   3698.296 0.000
 92.791667  92.833333 9 9   3979.831   3748.435   4277.049 0.000
 92.833333  92.875000 9 9   4480.745   4441.257   4507.933 0.000
 92.875000  92.916667 9 9   4466.336   4438.850   4507.529 0.000
 92.916667  92.958333 9 9   4275.987   4191.848   4390.286 0.000
 92.958333  93.000000 9 9   4036.075   3858.524   4247.026 0.000
 93.000000  93.041667 9 9   3620.302   3367.312   3759.129 0.000
 93.041667  93.083333 9 9   3141.435   2984.124   3297.432 0.000
 93.083333  93.125000 9 9   2475.694   2135.066   2816.129 0.000
 93.125000  93.166667 9 9   1444.654   1145.230   1852.380 0.000
 93.166667  93.208333 9 9    822.172    655.039    992.484 0.000
 93.208333  93.250000 9 9    548.204    518.408    588.655 0.000
 93.250000  93.291667 9 9    505.535    490.762    519.810 0.000
 93.291667  93.333333 9 9    562.459    506.800    662.046 0.000
 93.333333  93.375000 9 9    697.203    668.711    734.051 0.000
 93.375000  93.416667 9 9    752.320    744.686    760.662 0.000
 93.416667  93.458333 9 9    800.590    767.389    814.415 0.000
 93.458333  93.500000 9 9    788.538    768.132    805.953 0.000
 93.500000  93.541667 9 9    781.717    749.433    804.138 0.000
 93.541667  93.583333 9 9    711.385    703.480    720.282 0.000
 93.583333  93.625000 9 9    709.379    701.679    725.117 0.000
 93.625000  93.666667 9 9    780.118    730.337    864.409 0.000
 93.666667  93.708333 9 9    895.632    883.284    907.416 0.000
 93.708333  93.750000 9 9    961.699    950.420    977.603 0.000
 93.750000  93.791667 9 9    978.243    971.237    986.486 0.000
 93.791667  93.833333 9 9    995.935    966.615   1028.544 0.000
 93.833333  93.875000 9 9   1031.864   1016.797   1041.412 0.000
 93.875000  93.916667 9 9   1040.260   1019.383   1057.421 0.000
 93.916667  93.958333 9 9   1075.351   1055.808   1096.913 0.000
 93.958333  94.000000 9 9   1119.829   1082.946   1144.636 0.000
 94.000000  94.041667 9 9   1080.579   1047.191   1117.350 0.000
 94.041667  94.083333 9 9   1013.029    976.379   1045.391 0.000
 94.083333  94.125000 9 9    919.534    893.720    953.684 0.000
 94.125000  94.166667 9 9    865.688    846.274    884.161 0.000
 94.166667  94.208333 9 9    794.008    759.442    826.966 0.000
 94.208333  94.250000 9 9    753.096    742.162    765.818 0.000
 94.250000  94.291667 9 9    722.271    685.046    753.622 0.000
 94.291667  94.333333 9 9    657.778    622.804    715.952 0.000
 94.333333  94.375000 9 9    808.364    749.985    839.926 0.000
 94.375000  94.416667 9 9    713.128    651.662    780.930 0.000
 94.416667  94.458333 9 9    753.751    634.513    833.682 0.000
 94.458333  94.500000 9 9    770.038    750.197    798.927 0.000
 94.500000  94.541667 9 9    803.097    776.128    840.427 0.000
 94.541667  94.583333 9 9    872.784    854.641    883.162 0.000
 94.583333  94.625000 9 9    882.171    855.957    904.954 0.000
 94.625000  94.666667 9 9    784.845    731.445    828.201 0.000
 94.666667  94.708333 9 9    718.119    695.273    733.794 0.000
 94.708333  94.750000 9 9    675.317    665.611    685.203 0.000
 94.750000  94.791667 9 9    592.172    543.913    655.162 0.000
 94.791667  94.833333 9 9    497.802    474.544    530.628 0.000
 94.833333  94.875000 9 9    485.766    472.793    498.715 0.000
 94.875000  94.916667 9 9    463.196    444.509    480.215 0.000
 94.916667  94.958333 9 9    700.507    495.262    818.617 0.000
 94.958333  95.000000 9 9    682.717    593.951    741.661 0.000
 95.000000  95.041667 9 9    543.367    524.364    580.229 0.000
 95.041667  95.083333 9 9    459.393    433.433    480.506 0.000
 95.083333  95.125000 9 9    414.856    406.649    423.111 0.000
 95.125000  95.166667 9 9    442.436    383.177    519.489 0.000
 95.166667  95.208333 9 9    709.994    526.297    889.399 0.000
 95.208333  95.250000 9 9   1151.270   1063.914   1195.097 0.000
 95.250000  95.291667 9 9   1265.235   1181.955   1356.266 0.000
 95.291667  95.333333 9 9   1474.533   1425.527   1528.832 0.000
 95.333333  95.375000 9 9   1520.336   1499.368   1532.943 0.000
 95.375000  95.416667 9 9   1372.167   1329.254   1413.078 0.000
 95.416667  95.458333 9 9   1464.268   1325.882   1572.026 0.000
 95.458333  95.500000 9 9   1748.030   1656.605   1805.656 0.000
 95.500000  95.541667 9 9   1986.771   1938.923   2034.118 0.000
 95.541667  95.583333 9 9   1866.335   1702.886   1955.021 0.000
 95.583333  95.625000 9 9   1804.898   1640.941   2091.336 0.000
 95.625000  95.666667 9 9   2948.417   2506.919   3659.831 0.000
 95.666667  95.708333 9 9   3741.126   3598.852   3935.541 0.000
 95.708333  95.750000 9 9   3084.654   2810.090   3458.314 0.000
 95.750000  95.791667 9 9   2569.779   2355.595   2782.508 0.000
 95.791667  95.833333 9 9   2084.297   1936.925   2218.965 0.000
 95.833333  95.875000 9 9   1759.844   1671.957   1844.938 0.000
 95.875000  95.916667 9 9   1549.451   1496.258   1592.274 0.000
 95.916667  95.958333 9 9   1272.451   1144.345   1456.044 0.000
 95.958333  96.000000 9 9   1051.151   1006.887   1108.395 0.000
 96.000000  96.041667 9 9    875.140    847.538    919.851 0.000
 96.041667  96.083333 9 9    765.593    732.686    805.341 0.000
 96.083333  96.125000 9 9    731.990    726.553    741.176 0.000
 96.125000  96.166667 9 9    716.707    691.016    745.924 0.000
 96.166667  96.208333 9 9    686.564    680.370    692.965 0.000
 96.208333  96.250000 9 9    680.309    678.791    682.080 0.000
 96.250000  96.291667 9 9    686.375    681.287    692.259 0.000
 96.291667  96.333333 9 9    702.471    699.147    705.564 0.000
 96.333333  96.375000 9 9    702.869    695.973    708.810 0.000
 96.375000  96.416667 9 9    743.382    688.417    906.538 0.000
 96.416667  96.458333 9 9    738.520    673.966    881.975 0.000
 96.458333  96.500000 9 9    672.917    664.404    688.793 0.000
 96.500000  96.541667 9 9    648.585    626.520    662.116 0.000
 96.541667  96.583333 9 9    637.784    633.796    641.486 0.000
 96.583333  96.625000 9 9    679.419    643.128    714.415 0.000
 96.625000  96.666667 9 9    949.320    794.657   1026.723 0.000
 96.666667  96.708333 9 9   1079.141   1058.866   1089.986 0.000
 96.708333  96.750000 9 9   1088.303   1076.667   1095.982 0.000
 96.750000  96.791667 9 9   1070.982   1054.870   1085.627 0.000
 96.791667  96.833333 9 9    977.758    922.316   1018.373 0.000
 96.833333  96.875000 9 9    960.019    937.583    983.261 0.000
 96.875000  96.916667 9 9    971.706    943.213    996.821 0.000
 96.916667  96.958333 9 9   1005.576    988.585   1022.022 0.000
 96.958333  97.000000 9 9    995.170    964.753   1031.174 0.000
 97.000000  97.041667 9 9    937.759    906.342    955.656 0.000
 97.041667  97.083333 9 9    869.418    849.277    895.001 0.000
 97.083333  97.125000 9 9    809.425    793.330    826.780 0.000
 97.125000  97.166667 9 9    778.331    759.283    803.501 0.000
 97.166667  97.208333 9 9    718.475    687.095    746.274 0.000
 97.208333  97.250000 9 9    671.047    637.925    700.151 0.000
 97.250000  97.291667 9 9    679.212    629.931    756.085 0.000
 97.291667  97.333333 9 9    647.237    631.832    657.473 0.000
 97.333333  97.375000 9 9    599.979    581.481    617.995 0.000
 97.375000  97.416667 9 9    571.644    566.702    577.327 0.000
 97.416667  97.458333 9 9    571.106    551.737    583.701 0.000
 97.458333  97.500000 9 9    560.417    551.353    570.924 0.000
 97.500000  97.541667 9 9    544.306    540.347    546.305 0.000
 97.541667  97.583333 9 9    606.202    548.750    653.231 0.000
 97.583333  97.625000 9 9    654.856    634.674    673.693 0.000
 97.625000  97.666667 9 9    619.283    612.814    625.919 0.000
 97.666667  97.708333 9 9    608.638    602.553    613.016 0.000
 97.708333  97.750000 9 9    641.056    627.092    655.300 0.000
 97.750000  97.791667 9 9    645.010    612.870    678.765 0.000
 97.791667  97.833333 9 9    802.010    700.912    922.685 0.000
 97.833333  97.875000 9 9   1050.001    999.045   1096.712 0.000
 97.875000  97.916667 9 9   1076.107   1065.900   1083.346 0.000
 97.916667  97.958333 9 9    990.071    947.920   1017.955 0.000
 97.958333  98.000000 9 9    909.376    805.864   1004.848 0.000
 98.000000  98.041667 9 9    695.658    576.904    765.884 0.000
 98.041667  98.083333 9 9    444.252    386.137    501.235 0.000
 98.083333  98.125000 9 9    381.921    375.372    386.010 0.000
 98.125000  98.166667 9 9    396.450    389.101    401.089 0.000
 98.166667  98.208333 9 9    397.016    387.655    413.063 0.000
 98.208333  98.250000 9 9    370.484    358.782    381.507 0.000
 98.250000  98.291667 9 9    336.910    269.159    397.480 0.000
 98.291667  98.333333 9 9    243.962    234.168    250.608 0.000
 98.333333  98.375000 9 9    267.885    249.856    278.624 0.000
 98.375000  98.416667 9 9    268.528    259.417    274.931 0.000
 98.416667  98.458333 9 9    260.990    243.607    293.834 0.000
 98.458333  98.500000 9 9    346.294    331.456    359.998 0.000
 98.500000  98.541667 9 9    390.272    361.228    424.098 0.000
 98.541667  98.583333 9 9    551.574    497.634    586.797 0.000
 98.583333  98.625000 9 9    592.377    573.881    604.201 0.000
 98.625000  98.666667 9 9    613.138    566.665    640.562 0.000
 98.666667  98.708333 9 9    599.974    579.056    625.828 0.000
 98.708333  98.750000 9 9    582.827    569.804    595.571 0.000
 98.750000  98.791667 9 9    561.607    546.277    571.443 0.000
 98.791667  98.833333 9 9    564.831    531.638    601.957 0.000
 98.833333  98.875000 9 9   1370.811    744.059   1732.835 0.000
 98.875000  98.916667 9 9   1723.336   1449.948   1941.866 0.000
 98.916667  98.958333 9 9   1101.860   1025.926   1190.954 0.000
 98.958333  99.000000 9 9    750.157    596.156    929.310 0.000
 99.000000  99.041667 9 9    484.229    456.655    532.093 0.000
 99.041667  99.083333 9 9    379.713    289.500    440.215 0.000
 99.083333  99.125000 9 9    113.859     79.603    181.750 0.000
 99.125000  99.166667 9 9     75.882     70.899     80.437 0.000
 99.166667  99.208333 9 9     58.946     54.228     64.363 0.000
 99.208333  99.250000 9 9     52.248     50.555     54.015 0.000
 99.250000  99.291667 9 9     49.463     46.194     55.707 0.000
 99.291667  99.333333 9 9     45.058     44.250     45.945 0.000
 99.333333  99.375000 9 9     49.975     45.578     53.401 0.000
 99.375000  99.416667 9 9     56.559     51.516     60.184 0.000
 99.416667  99.458333 9 9     55.177     50.542     59.083 0.000
 99.458333  99.500000 9 9     64.449     55.399     79.468 0.000
 99.500000  99.541667 9 9     75.956     70.529     82.958 0.000
 99.541667  99.583333 9 9    156.077    101.705    192.507 0.000
 99.583333  99.625000 9 9    140.056    131.062    148.909 0.000
 99.625000  99.666667 9 9    131.670    127.275    134.924 0.000
 99.666667  99.708333 9 9    154.372    139.457    168.286 0.000
 99.708333  99.750000 9 9    202.025    186.276    219.462 0.000
 99.750000  99.791667 9 9    207.866    197.433    232.054 0.000
 99.791667  99.833333 9 9    237.201    217.506    259.187 0.000
 99.833333  99.875000 9 9    443.015    392.947    527.995 0.000
 99.875000  99.916667 9 9    601.436    540.237    724.754 0.000
 99.916667  99.958333 9 9   1305.222    947.654   1563.054 0.000
 99.958333 100.000000 9 9   1880.992   1739.113   2009.324 0.000
100.000000 100.041667 9 9   2004.060   1962.899   2048.416 0.000
100.041667 100.083333 9 9   2080.986   2038.729   2111.207 0.000
100.083333 100.125000 9 9   1910.764   1749.812   2024.900 0.000
100.125000 100.166667 9 9   1234.780    946.331   1537.818 0.000
100.166667 100.208333 9 9    727.335    617.360    829.251 0.000
100.208333 100.250000 9 9    499.134    448.591    555.690 0.000
100.250000 100.291667 9 9    391.065    368.465    413.098 0.000
100.291667 100.333333 9 9    323.645    300.117    352.508 0.000
100.333333 100.375000 9 9    278.216    257.687    289.220 0.000
100.375000 100.416667 9 9    228.532    218.889    250.148 0.000
100.416667 100.458333 9 9    174.618    158.148    189.257 0.000
100.458333 100.500000 9 9    121.550    110.842    136.417 0.000
100.500000 100.541667 9 9    109.374    105.751    114.605 0.000
100.541667 100.583333 9 9     82.998     74.943     95.822 0.000
100.583333 100.625000 9 9     81.400     73.183     88.564 0.000
100.625000 100.666667 9 9     91.978     78.005    102.291 0.000
100.666667 100.708333 9 9    122.866    109.162    131.444 0.000
100.708333 100.750000 9 9    119.679    115.185    125.370 0.000
100.750000 100.791667 9 9    110.356     90.943    119.515 0.000
100.791667 100.833333 9 9     66.417     59.941     73.381 0.000
100.833333 100.875000 9 9     57.385     46.480     73.184 0.000
100.875000 100.916667 9 9     39.129     31.698     43.034 0.000
100.916667 100.958333 9 9     24.456     20.944     29.390 0.000
100.958333 101.000000 9 9     19.236     18.641     19.658 0.000
101.000000 101.041667 9 9     19.458     18.300     20.428 0.000
101.041667 101.083333 9 9     21.638     20.487     22.527 0.000
101.083333 101.125000 9 9     20.353     19.614     21.009 0.000
101.125000 101.166667 9 9     26.904     20.798     34.363 0.000
101.166667 101.208333 9 9     52.580     33.937     90.526 0.000
101.208333 101.250000 9 9    128.825    109.252    149.255 0.000
101.250000 101.291667 9 9    169.933    160.851    178.559 0.000
101.291667 101.333333 9 9    159.401    145.224    176.261 0.000
101.333333 101.375000 9 9    150.003    139.379    161.657 0.000
101.375000 101.416667 9 9    155.314    126.560    186.271 0.000
101.416667 101.458333 9 9    126.039    114.383    141.266 0.000
101.458333 101.500000 9 9    177.795    163.964    195.779 0.000
101.500000 101.541667 9 9    174.149    153.712    193.166 0.000
101.541667 101.583333 9 9    244.026    207.231    288.186 0.000
101.583333 101.625000 9 9    306.464    294.346    314.757 0.000
101.625000 101.666667 9 9    340.996    321.262    350.997 0.000
101.666667 101.708333 9 9    377.651    355.661    421.177 0.000
101.708333 101.750000 9 9    355.850    347.613    364.165 0.000
101.750000 101.791667 9 9    314.739    290.954    343.638 0.000
101.791667 101.833333 9 9    299.710    287.970    320.115 0.000
101.833333 101.875000 9 9    295.028    292.607    296.914 0.000
101.875000 101.916667 9 9    303.772    295.660    312.184 0.000
101.916667 101.958333 9 9    319.784    303.326    338.641 0.000
101.958333 102.000000 9 9    349.752    346.091    352.579 0.000
102.000000 102.041667 9 9    351.144    334.361    362.771 0.000
102.041667 102.083333 9 9    299.240    274.221    320.369 0.000
102.083333 102.125000 9 9    259.861    249.576    266.600 0.000
102.125000 102.166667 9 9    215.650    194.459    239.633 0.000
102.166667 102.208333 9 9    205.581    197.182    212.600 0.000
102.208333 102.250000 9 9    224.380    217.638    229.453 0.000
102.250000 102.291667 9 9    221.762    214.036    226.595 0.000
102.291667 102.333333 9 9    214.662    207.279    220.998 0.000
102.333333 102.375000 9 9    200.247    196.175    204.960 0.000
102.375000 102.416667 9 9    195.763    191.926    199.519 0.000
102.416667 102.458333 9 9    191.797    185.513    201.169 0.000
102.458333 102.500000 9 9    233.206    192.369    307.359 0.000
102.500000 102.541667 9 9    178.210    172.423    183.295 0.000
