RRS/FI0023R.20080101000000.20181114115100.cpc.particle_number_concentration.pm10.1y.1h.FI03L_CPC_VAR_01.FI03L_CPC.lev2.nas
50 1001
Kulmala, Markku
FI03L, University of Helsinki, UHEL, Division of Atmospheric Sciences, PO BOX 64, , FI-00014, University of Helsinki, Finland
Aalto, Pasi
GAW-WDCA
1 1
2008 01 01 2018 11 14
0.041667
days from file reference point
7
1 1 1 1 1 1 1
999.999999 9 9 99999.999 99999.999 999999.999 9.999
end_time of measurement, days from the file reference point
pressure, hPa, Location=instrument internal, Matrix=instrument, Measurement uncertainty=
temperature, K, Location=instrument internal, Matrix=instrument, Measurement uncertainty=
particle_number_concentration, 1/cm3
particle_number_concentration, 1/cm3, Statistics=percentile:15.87
particle_number_concentration, 1/cm3, Statistics=percentile:84.13
numflag, no unit
0
29
Data definition:              EBAS_1.1
Set type code:                TU
Timezone:                     UTC
File name:                    FI0023R.20080101000000.20181114115100.cpc.particle_number_concentration.pm10.1y.1h.FI03L_CPC_VAR_01.FI03L_CPC.lev2.nas
File creation:                20200622170802
Startdate:                    20080101000000
Revision date:                20181114115100
Statistics:                   arithmetic mean
Data level:                   2
Period code:                  1y
Resolution code:              1h
Station code:                 FI0023R
Platform code:                FI0023S
Station name:                 V�rri�
Station latitude:             67.766667
Station longitude:            29.583333
Station altitude:             400.0 m
Regime:                       IMG
Component:                    particle_number_concentration
Unit:                         1/cm3
Matrix:                       pm10
Instrument type:              cpc
Laboratory code:              FI03L
Instrument name:              CPC_VAR_01
Method ref:                   FI03L_CPC
Measurement uncertainty:      5.0 %
Originator:                   Kulmala, Markku, , , , , , , , , 
Submitter:                    Aalto, Pasi, , , , , , , , , 
starttime endtime P T particle_number_concentration particle_number_concentration particle_number_concentration flag
[from data line 4572]
190.500000 190.541667 9 9  1238.649  1206.489   1266.028 0.000
190.541667 190.583333 9 9  1381.517  1295.520   1460.844 0.000
190.583333 190.625000 9 9  1556.691  1494.022   1612.276 0.000
190.625000 190.666667 9 9  1429.268  1409.095   1452.523 0.000
190.666667 190.708333 9 9  1322.308  1180.906   1436.953 0.000
190.708333 190.750000 9 9  1078.059   998.079   1135.450 0.000
190.750000 190.791667 9 9   904.133   878.046    936.258 0.000
190.791667 190.833333 9 9   899.787   883.385    913.462 0.000
190.833333 190.875000 9 9   924.362   906.655    940.051 0.000
190.875000 190.916667 9 9   904.313   890.142    916.428 0.000
190.916667 190.958333 9 9   941.418   906.376   1027.438 0.000
190.958333 191.000000 9 9   940.930   867.063    995.032 0.000
191.000000 191.041667 9 9  1448.198  1191.831   1835.500 0.000
191.041667 191.083333 9 9  2000.894  1810.625   2249.838 0.000
191.083333 191.125000 9 9  1461.540  1233.414   1808.016 0.000
191.125000 191.166667 9 9  1215.490  1137.545   1305.650 0.000
191.166667 191.208333 9 9   766.512   628.012    974.921 0.000
191.208333 191.250000 9 9   602.861   579.998    616.653 0.000
191.250000 191.291667 9 9   591.692   550.159    640.787 0.000
191.291667 191.333333 9 9   586.683   557.820    618.718 0.000
191.333333 191.375000 9 9   547.012   532.749    560.729 0.000
191.375000 191.416667 9 9   520.737   518.139    524.150 0.000
191.416667 191.458333 9 9   525.849   520.987    531.298 0.000
191.458333 191.500000 9 9   487.393   473.070    517.184 0.000
191.500000 191.541667 9 9   440.059   422.063    462.799 0.000
191.541667 191.583333 9 9   440.960   416.314    452.616 0.000
191.583333 191.625000 9 9   443.830   432.446    453.550 0.000
191.625000 191.666667 9 9   412.325   393.259    429.079 0.000
191.666667 191.708333 9 9   391.491   389.048    394.904 0.000
191.708333 191.750000 9 9   382.192   375.730    388.306 0.000
191.750000 191.791667 9 9   441.279   424.312    456.740 0.000
191.791667 191.833333 9 9   458.225   433.031    480.174 0.000
191.833333 191.875000 9 9   419.504   416.944    421.316 0.000
191.875000 191.916667 9 9   426.874   423.828    430.798 0.000
191.916667 191.958333 9 9   421.338   418.131    426.948 0.000
191.958333 192.000000 9 9   440.678   434.890    446.721 0.000
192.000000 192.041667 9 9   466.401   456.551    481.554 0.000
192.041667 192.083333 9 9   537.595   495.845    580.815 0.000
192.083333 192.125000 9 9   605.425   600.820    611.174 0.000
192.125000 192.166667 9 9   635.258   605.946    666.889 0.000
192.166667 192.208333 9 9   677.086   632.439    774.818 0.000
192.208333 192.250000 9 9  1023.535   989.545   1077.100 0.000
192.250000 192.291667 9 9  1141.000  1119.845   1163.553 0.000
192.291667 192.333333 9 9  1216.902  1185.471   1237.507 0.000
192.333333 192.375000 9 9  1187.358  1131.823   1234.741 0.000
192.375000 192.416667 9 9   956.005   807.156   1043.877 0.000
192.416667 192.458333 9 9   780.199   724.976    887.157 0.000
192.458333 192.500000 9 9   987.717   895.120   1036.239 0.000
192.500000 192.541667 9 9   775.118   737.644    821.311 0.000
192.541667 192.583333 9 9   767.044   689.137    939.843 0.000
192.583333 192.625000 9 9   814.113   389.647   1161.262 0.000
192.625000 192.666667 9 9   303.628   222.498    332.552 0.000
192.666667 192.708333 9 9   228.510   221.802    232.581 0.000
192.708333 192.750000 9 9   233.217   226.919    243.860 0.000
192.750000 192.791667 9 9   491.186   267.636    624.302 0.000
192.791667 192.833333 9 9   761.828   673.196    855.711 0.000
192.833333 192.875000 9 9   405.461   310.536    481.794 0.000
192.875000 192.916667 9 9   301.077   297.273    309.008 0.000
192.916667 192.958333 9 9   279.792   278.226    282.833 0.000
192.958333 193.000000 9 9   415.618   283.919    525.506 0.000
193.000000 193.041667 9 9   801.024   441.580   1093.320 0.000
193.041667 193.083333 9 9  1422.495   958.579   2124.356 0.000
193.083333 193.125000 9 9   643.779   557.810    771.845 0.000
193.125000 193.166667 9 9   449.928   350.791    536.472 0.000
193.166667 193.208333 9 9   321.343   304.670    333.647 0.000
193.208333 193.250000 9 9   695.142   458.700    823.225 0.000
193.250000 193.291667 9 9   493.149   395.753    611.689 0.000
193.291667 193.333333 9 9   243.346   216.235    310.600 0.000
193.333333 193.375000 9 9   258.611   205.243    397.674 0.000
193.375000 193.416667 9 9   248.823   166.093    325.150 0.000
193.416667 193.458333 9 9   433.223   396.439    480.332 0.000
193.458333 193.500000 9 9   627.411   546.263    704.314 0.000
193.500000 193.541667 9 9   514.064   473.520    554.840 0.000
193.541667 193.583333 9 9   417.542   392.727    445.671 0.000
193.583333 193.625000 9 9   412.042   350.938    470.938 0.000
193.625000 193.666667 9 9   647.987   495.798    737.429 0.000
193.666667 193.708333 9 9   791.932   639.402   1130.007 0.000
193.708333 193.750000 9 9  1061.370   734.692   1397.394 0.000
193.750000 193.791667 9 9   930.643   793.803   1010.365 0.000
193.791667 193.833333 9 9   831.348   725.237    974.692 0.000
193.833333 193.875000 9 9   687.454   670.912    705.681 0.000
193.875000 193.916667 9 9   618.069   588.139    661.204 0.000
193.916667 193.958333 9 9   625.663   598.500    662.749 0.000
193.958333 194.000000 9 9   606.137   598.577    614.099 0.000
194.000000 194.041667 9 9   636.691   608.707    694.174 0.000
194.041667 194.083333 9 9   688.669   660.670    710.702 0.000
194.083333 194.125000 9 9   613.955   589.347    651.534 0.000
194.125000 194.166667 9 9   597.009   591.362    604.696 0.000
194.166667 194.208333 9 9   617.100   603.202    629.125 0.000
194.208333 194.250000 9 9   665.163   649.236    673.639 0.000
194.250000 194.291667 9 9   660.379   623.303    683.552 0.000
194.291667 194.333333 9 9   684.010   641.251    705.322 0.000
194.333333 194.375000 9 9   730.945   693.951    770.038 0.000
194.375000 194.416667 9 9   743.072   723.681    777.699 0.000
194.416667 194.458333 9 9   677.513   620.772    717.050 0.000
194.458333 194.500000 9 9   698.302   686.077    712.459 0.000
194.500000 194.541667 9 9   674.829   645.581    705.331 0.000
194.541667 194.583333 9 9   677.831   662.038    694.798 0.000
194.583333 194.625000 9 9   674.098   661.219    686.569 0.000
194.625000 194.666667 9 9   642.499   614.655    655.541 0.000
194.666667 194.708333 9 9   667.035   649.347    694.813 0.000
194.708333 194.750000 9 9   700.712   684.237    716.260 0.000
194.750000 194.791667 9 9   694.675   684.857    711.098 0.000
194.791667 194.833333 9 9   692.020   685.120    699.657 0.000
194.833333 194.875000 9 9   776.840   719.697    847.371 0.000
194.875000 194.916667 9 9   793.009   763.850    823.054 0.000
194.916667 194.958333 9 9   749.034   743.176    754.724 0.000
194.958333 195.000000 9 9   752.733   733.726    775.541 0.000
195.000000 195.041667 9 9   804.604   789.182    815.903 0.000
195.041667 195.083333 9 9   846.751   834.443    862.253 0.000
195.083333 195.125000 9 9   987.742   947.611   1026.417 0.000
195.125000 195.166667 9 9   995.236   967.689   1021.075 0.000
195.166667 195.208333 9 9  1027.020  1015.651   1042.484 0.000
195.208333 195.250000 9 9  1055.922  1009.755   1096.016 0.000
195.250000 195.291667 9 9  1100.895  1074.280   1120.299 0.000
195.291667 195.333333 9 9  1046.987   999.011   1097.709 0.000
195.333333 195.375000 9 9   900.473   852.135    938.617 0.000
195.375000 195.416667 9 9   981.615   869.528   1100.945 0.000
195.416667 195.458333 9 9   905.612   864.815    952.300 0.000
195.458333 195.500000 9 9 99999.999 99999.999 999999.999 0.999
195.500000 195.541667 9 9 99999.999 99999.999 999999.999 0.999
195.541667 195.583333 9 9 99999.999 99999.999 999999.999 0.999
195.583333 195.625000 9 9 99999.999 99999.999 999999.999 0.999
195.625000 195.666667 9 9 99999.999 99999.999 999999.999 0.999
195.666667 195.708333 9 9 99999.999 99999.999 999999.999 0.999
195.708333 195.750000 9 9 99999.999 99999.999 999999.999 0.999
195.750000 195.791667 9 9   726.044   723.113    727.551 0.000
195.791667 195.833333 9 9   760.891   734.780    782.525 0.000
195.833333 195.875000 9 9   780.407   751.884    804.254 0.000
195.875000 195.916667 9 9   766.140   723.988    829.177 0.000
195.916667 195.958333 9 9   859.358   853.102    867.109 0.000
195.958333 196.000000 9 9   991.514   955.601   1020.684 0.000
196.000000 196.041667 9 9  1073.562  1044.535   1098.295 0.000
196.041667 196.083333 9 9  1059.267  1042.166   1079.205 0.000
196.083333 196.125000 9 9   997.470   980.310   1009.662 0.000
196.125000 196.166667 9 9   963.696   953.396    972.831 0.000
196.166667 196.208333 9 9   946.812   915.047    965.050 0.000
196.208333 196.250000 9 9   864.738   830.073    901.403 0.000
196.250000 196.291667 9 9   946.057   931.101    981.888 0.000
196.291667 196.333333 9 9   999.926   942.479   1046.395 0.000
196.333333 196.375000 9 9   926.987   914.103    940.173 0.000
196.375000 196.416667 9 9   896.547   893.999    900.195 0.000
196.416667 196.458333 9 9   936.612   902.555    960.950 0.000
196.458333 196.500000 9 9   906.141   862.847    942.273 0.000
196.500000 196.541667 9 9   856.898   816.250    876.585 0.000
196.541667 196.583333 9 9   869.455   812.051    981.017 0.000
196.583333 196.625000 9 9   990.448   938.110   1030.182 0.000
196.625000 196.666667 9 9   928.644   911.056    948.583 0.000
196.666667 196.708333 9 9   936.414   922.501    968.861 0.000
196.708333 196.750000 9 9   932.307   907.773    967.149 0.000
196.750000 196.791667 9 9   955.824   941.350    970.412 0.000
196.791667 196.833333 9 9   954.944   947.413    962.468 0.000
196.833333 196.875000 9 9   996.675   951.377   1029.288 0.000
196.875000 196.916667 9 9  1195.257  1071.023   1353.684 0.000
196.916667 196.958333 9 9  1435.039  1408.791   1452.479 0.000
196.958333 197.000000 9 9  1400.247  1385.236   1423.703 0.000
197.000000 197.041667 9 9  1392.775  1385.947   1399.867 0.000
197.041667 197.083333 9 9  1394.088  1387.959   1400.104 0.000
197.083333 197.125000 9 9  1387.242  1382.685   1393.255 0.000
197.125000 197.166667 9 9  1341.391  1313.157   1377.348 0.000
197.166667 197.208333 9 9  1325.400  1298.727   1346.274 0.000
197.208333 197.250000 9 9  1340.876  1309.238   1402.881 0.000
197.250000 197.291667 9 9  1369.525  1340.222   1396.436 0.000
197.291667 197.333333 9 9  1402.227  1362.993   1427.293 0.000
197.333333 197.375000 9 9  1403.263  1379.819   1421.140 0.000
197.375000 197.416667 9 9  1341.504  1114.729   1499.517 0.000
197.416667 197.458333 9 9  1326.344  1283.826   1384.304 0.000
197.458333 197.500000 9 9  1265.209  1206.111   1332.139 0.000
197.500000 197.541667 9 9  1152.171  1121.734   1193.973 0.000
197.541667 197.583333 9 9  1173.088  1120.227   1223.854 0.000
197.583333 197.625000 9 9  1348.474  1292.094   1436.057 0.000
197.625000 197.666667 9 9  1515.441  1406.158   1581.575 0.000
197.666667 197.708333 9 9  1493.200  1445.315   1553.579 0.000
197.708333 197.750000 9 9  1674.792  1537.866   1802.838 0.000
197.750000 197.791667 9 9  1620.839  1539.697   1690.086 0.000
197.791667 197.833333 9 9  1181.503   892.467   1432.038 0.000
197.833333 197.875000 9 9   887.277   804.088    964.731 0.000
197.875000 197.916667 9 9   839.420   819.706    858.073 0.000
197.916667 197.958333 9 9   862.481   794.775    941.402 0.000
197.958333 198.000000 9 9  1093.477  1006.939   1170.410 0.000
198.000000 198.041667 9 9  1573.408  1375.177   1673.100 0.000
198.041667 198.083333 9 9  2083.335  1737.512   2391.701 0.000
198.083333 198.125000 9 9  2473.797  2338.398   2655.599 0.000
198.125000 198.166667 9 9  2901.217  2753.741   3081.266 0.000
198.166667 198.208333 9 9  3086.320  3040.216   3134.201 0.000
198.208333 198.250000 9 9  3104.240  3067.277   3173.597 0.000
198.250000 198.291667 9 9  3193.057  3171.727   3208.714 0.000
198.291667 198.333333 9 9  3335.170  3311.966   3367.377 0.000
198.333333 198.375000 9 9  3223.414  3123.383   3310.943 0.000
198.375000 198.416667 9 9  2856.795  2741.934   3037.825 0.000
198.416667 198.458333 9 9  2234.397  2086.467   2476.836 0.000
198.458333 198.500000 9 9  2035.748  1978.389   2105.736 0.000
198.500000 198.541667 9 9  1970.900  1906.388   2065.997 0.000
198.541667 198.583333 9 9  1949.582  1927.023   1962.413 0.000
198.583333 198.625000 9 9  1900.238  1856.844   1940.924 0.000
198.625000 198.666667 9 9  1754.955  1638.575   1841.498 0.000
198.666667 198.708333 9 9  1405.674  1280.995   1554.828 0.000
198.708333 198.750000 9 9  1287.676  1269.259   1309.793 0.000
198.750000 198.791667 9 9  1387.934  1367.752   1421.570 0.000
198.791667 198.833333 9 9 99999.999 99999.999 999999.999 0.999
198.833333 198.875000 9 9 99999.999 99999.999 999999.999 0.999
198.875000 198.916667 9 9 99999.999 99999.999 999999.999 0.999
198.916667 198.958333 9 9 99999.999 99999.999 999999.999 0.999
198.958333 199.000000 9 9 99999.999 99999.999 999999.999 0.999
199.000000 199.041667 9 9 99999.999 99999.999 999999.999 0.999
199.041667 199.083333 9 9 99999.999 99999.999 999999.999 0.999
199.083333 199.125000 9 9 99999.999 99999.999 999999.999 0.999
199.125000 199.166667 9 9 99999.999 99999.999 999999.999 0.999
199.166667 199.208333 9 9 99999.999 99999.999 999999.999 0.999
199.208333 199.250000 9 9  1351.404  1344.232   1363.060 0.000
199.250000 199.291667 9 9  1600.831  1460.442   1733.137 0.000
199.291667 199.333333 9 9  2045.334  1835.302   2256.205 0.000
199.333333 199.375000 9 9  2102.131  2039.943   2147.945 0.000
199.375000 199.416667 9 9  1850.062  1703.620   2076.019 0.000
199.416667 199.458333 9 9  1621.873  1592.409   1652.974 0.000
199.458333 199.500000 9 9  1660.874  1620.743   1695.343 0.000
199.500000 199.541667 9 9  1662.685  1615.426   1695.482 0.000
199.541667 199.583333 9 9  1679.641  1622.302   1720.261 0.000
199.583333 199.625000 9 9  1690.251  1669.355   1719.556 0.000
199.625000 199.666667 9 9  1357.778  1176.839   1619.192 0.000
199.666667 199.708333 9 9  1324.057  1262.196   1371.185 0.000
199.708333 199.750000 9 9  1394.848  1372.961   1415.571 0.000
199.750000 199.791667 9 9  1393.357  1373.242   1407.846 0.000
199.791667 199.833333 9 9  1478.961  1432.032   1525.101 0.000
199.833333 199.875000 9 9  1361.355  1323.034   1397.183 0.000
199.875000 199.916667 9 9  1546.337  1510.975   1588.921 0.000
199.916667 199.958333 9 9  1579.312  1539.671   1618.295 0.000
199.958333 200.000000 9 9  1504.181  1491.953   1518.141 0.000
200.000000 200.041667 9 9  1529.626  1493.302   1555.154 0.000
200.041667 200.083333 9 9  1498.340  1490.158   1506.138 0.000
200.083333 200.125000 9 9  1504.305  1500.338   1507.677 0.000
200.125000 200.166667 9 9  1487.379  1469.747   1513.134 0.000
200.166667 200.208333 9 9  1464.235  1458.283   1473.119 0.000
200.208333 200.250000 9 9  1462.560  1450.294   1477.520 0.000
200.250000 200.291667 9 9  1440.897  1432.881   1450.918 0.000
200.291667 200.333333 9 9  1490.401  1463.533   1543.334 0.000
200.333333 200.375000 9 9  1483.012  1426.183   1548.407 0.000
200.375000 200.416667 9 9  1494.430  1441.669   1524.694 0.000
200.416667 200.458333 9 9  1506.821  1424.322   1553.803 0.000
200.458333 200.500000 9 9  1620.093  1439.512   1758.164 0.000
200.500000 200.541667 9 9  1800.355  1773.271   1822.905 0.000
200.541667 200.583333 9 9  1901.083  1851.052   1962.035 0.000
200.583333 200.625000 9 9  1702.963  1649.385   1846.521 0.000
200.625000 200.666667 9 9  1669.403  1646.922   1695.571 0.000
200.666667 200.708333 9 9  1639.178  1562.293   1684.772 0.000
200.708333 200.750000 9 9  1611.716  1484.775   1690.945 0.000
200.750000 200.791667 9 9  1590.611  1467.723   1680.589 0.000
200.791667 200.833333 9 9  1648.740  1580.835   1689.663 0.000
200.833333 200.875000 9 9  1684.667  1674.544   1697.761 0.000
200.875000 200.916667 9 9  1627.237  1592.371   1722.408 0.000
200.916667 200.958333 9 9  1587.997  1581.573   1595.979 0.000
200.958333 201.000000 9 9  1532.587  1440.324   1563.421 0.000
201.000000 201.041667 9 9  1293.774  1165.046   1369.401 0.000
