RRS/FI0096G.20100101000000.20160713000000.chemiluminescence_photolytic.nitrogen_dioxide.air.5y.1h.FI01L_chemilum_96.FI01L_chemilum..nas
52 1001
Hakola, Hannele
FI01L, Finnish Meteorological Institute, FMI, Atmospheric Composition Unit, Erik Palm�nin aukio, , FI-00560, Helsinki, Finland
Vestenius, Mika
EMEP
1 1
2010 01 01 2016 07 13
0
days from file reference point
3
1 1 1
9999.999999 99.999 9.999
end_time of measurement, days from the file reference point
nitrogen_dioxide, ug N/m3
numflag nitrogen_dioxide, no unit
0
35
Data definition:              EBAS_1.1
Set type code:                TI
Timezone:                     UTC
File name:                    FI0096G.20100101000000.20160713000000.chemiluminescence_photolytic.nitrogen_dioxide.air.5y.1h.FI01L_chemilum_96.FI01L_chemilum..nas
File creation:                20200622172250
Startdate:                    20100101000000
Revision date:                20160713000000
Statistics:                   arithmetic mean
Data level:                   
Period code:                  5y
Resolution code:              1h
Station code:                 FI0096G
Platform code:                FI0096S
Station name:                 Pallas (Sammaltunturi)
Station WDCA-ID:              GAWAFI__PAL
Station GAW-ID:               PAL
Station GAW-Name:             Pallas
Station land use:             Forest
Station setting:              Rural
Station GAW type:             G
Station WMO region:           6
Station latitude:             67.973333333
Station longitude:            24.116111111
Station altitude:             565.0 m
Regime:                       IMG
Component:                    nitrogen_dioxide
Unit:                         ug N/m3
Matrix:                       air
Instrument type:              chemiluminescence_photolytic
Laboratory code:              FI01L
Instrument name:              chemilum_96
Method ref:                   FI01L_chemilum
Originator:                   Hakola, Hannele, , , , , , , , , 
Submitter:                    Vestenius, Mika, mika.vestenius@fmi.fi, Finnish Meteorological Institute, FMI, Atmospheric Composion Unit, FMI, Erik Palm�nin aukio, FI-00560, Helsinki, Finland
starttime endtime NO2 flag_NO2
[from data line 4757]
 198.208333  198.250000  0.280 0.000
 198.250000  198.291667  0.274 0.000
 198.291667  198.333333  0.231 0.000
 198.333333  198.375000  0.210 0.000
 198.375000  198.416667  0.171 0.000
 198.416667  198.458333  0.140 0.000
 198.458333  198.500000  0.137 0.000
 198.500000  198.541667  0.128 0.000
 198.541667  198.583333  0.155 0.000
 198.583333  198.625000  0.231 0.000
 198.625000  198.666667  0.234 0.000
 198.666667  198.708333  0.237 0.000
 198.708333  198.750000  0.262 0.000
 198.750000  198.791667  0.277 0.000
 198.791667  198.833333  0.286 0.000
 198.833333  198.875000  0.237 0.000
 198.875000  198.916667  0.186 0.000
 198.916667  198.958333 99.999 0.999
 198.958333  199.000000  0.152 0.000
 199.000000  199.041667  0.113 0.000
 199.041667  199.083333  0.088 0.000
 199.083333  199.125000  0.082 0.000
 199.125000  199.166667  0.064 0.000
 199.166667  199.208333  0.061 0.000
 199.208333  199.250000  0.052 0.000
 199.250000  199.291667  0.052 0.000
 199.291667  199.333333  0.049 0.000
 199.333333  199.375000  0.055 0.000
 199.375000  199.416667  0.064 0.000
 199.416667  199.458333  0.061 0.000
 199.458333  199.500000  0.046 0.000
 199.500000  199.541667  0.067 0.000
 199.541667  199.583333  0.079 0.000
 199.583333  199.625000  0.079 0.000
 199.625000  199.666667  0.073 0.000
 199.666667  199.708333  0.076 0.000
 199.708333  199.750000  0.076 0.000
 199.750000  199.791667  0.076 0.000
 199.791667  199.833333  0.076 0.000
 199.833333  199.875000  0.091 0.000
 199.875000  199.916667  0.107 0.000
 199.916667  199.958333  0.128 0.000
 199.958333  200.000000  0.158 0.000
 200.000000  200.041667  0.134 0.000
 200.041667  200.083333  0.125 0.000
 200.083333  200.125000  0.128 0.000
 200.125000  200.166667  0.119 0.000
 200.166667  200.208333  0.116 0.000
 200.208333  200.250000  0.128 0.000
 200.250000  200.291667  0.107 0.000
 200.291667  200.333333  0.097 0.000
 200.333333  200.375000  0.073 0.000
 200.375000  200.416667  0.073 0.000
 200.416667  200.458333  0.073 0.000
 200.458333  200.500000  0.082 0.000
 200.500000  200.541667  0.067 0.000
 200.541667  200.583333  0.064 0.000
 200.583333  200.625000  0.061 0.000
 200.625000  200.666667  0.064 0.000
 200.666667  200.708333  0.058 0.000
 200.708333  200.750000  0.058 0.000
 200.750000  200.791667  0.064 0.000
 200.791667  200.833333  0.079 0.000
 200.833333  200.875000  0.076 0.000
 200.875000  200.916667  0.061 0.000
 200.916667  200.958333  0.055 0.000
 200.958333  201.000000  0.052 0.000
 201.000000  201.041667  0.052 0.000
 201.041667  201.083333  0.049 0.000
 201.083333  201.125000  0.043 0.000
 201.125000  201.166667  0.043 0.000
 201.166667  201.208333  0.037 0.000
 201.208333  201.250000  0.033 0.000
 201.250000  201.291667  0.030 0.000
 201.291667  201.333333  0.055 0.000
 201.333333  201.375000  0.076 0.000
 201.375000  201.416667  0.058 0.000
 201.416667  201.458333  0.052 0.000
 201.458333  201.500000  0.049 0.000
 201.500000  201.541667  0.049 0.000
 201.541667  201.583333  0.058 0.000
 201.583333  201.625000  0.052 0.000
 201.625000  201.666667  0.052 0.000
 201.666667  201.708333  0.049 0.000
 201.708333  201.750000  0.055 0.000
 201.750000  201.791667  0.088 0.000
 201.791667  201.833333  0.097 0.000
 201.833333  201.875000  0.097 0.000
 201.875000  201.916667  0.094 0.000
 201.916667  201.958333  0.088 0.000
 201.958333  202.000000  0.134 0.000
 202.000000  202.041667  0.125 0.000
 202.041667  202.083333  0.122 0.000
 202.083333  202.125000  0.110 0.000
 202.125000  202.166667  0.113 0.000
 202.166667  202.208333  0.128 0.000
 202.208333  202.250000  0.125 0.000
 202.250000  202.291667  0.137 0.000
 202.291667  202.333333  0.146 0.000
 202.333333  202.375000  0.183 0.000
 202.375000  202.416667  0.241 0.000
 202.416667  202.458333  0.228 0.000
 202.458333  202.500000  0.174 0.000
 202.500000  202.541667  0.183 0.000
 202.541667  202.583333  0.201 0.000
 202.583333  202.625000  0.219 0.000
 202.625000  202.666667  0.237 0.000
 202.666667  202.708333  0.423 0.000
 202.708333  202.750000  0.606 0.000
 202.750000  202.791667  0.475 0.000
 202.791667  202.833333  0.356 0.000
 202.833333  202.875000  0.295 0.000
 202.875000  202.916667  0.216 0.000
 202.916667  202.958333 99.999 0.999
 202.958333  203.000000  0.100 0.000
 203.000000  203.041667  0.100 0.000
 203.041667  203.083333  0.085 0.000
 203.083333  203.125000  0.049 0.000
 203.125000  203.166667  0.033 0.000
 203.166667  203.208333  0.018 0.000
 203.208333  203.250000  0.027 0.000
 203.250000  203.291667  0.018 0.000
 203.291667  203.333333  0.018 0.000
 203.333333  203.375000  0.024 0.000
 203.375000  203.416667  0.018 0.000
 203.416667  203.458333  0.009 0.000
 203.458333  203.500000  0.006 0.000
 203.500000  203.541667  0.006 0.000
 203.541667  203.583333  0.006 0.000
 203.583333  203.625000  0.012 0.000
 203.625000  203.666667  0.015 0.000
 203.666667  203.708333  0.012 0.000
 203.708333  203.750000  0.018 0.000
 203.750000  203.791667  0.021 0.000
 203.791667  203.833333  0.030 0.000
 203.833333  203.875000  0.040 0.000
 203.875000  203.916667  0.040 0.000
 203.916667  203.958333  0.055 0.000
 203.958333  204.000000  0.100 0.000
 204.000000  204.041667  0.085 0.000
 204.041667  204.083333  0.082 0.000
 204.083333  204.125000  0.134 0.000
 204.125000  204.166667  0.122 0.000
 204.166667  204.208333  0.088 0.000
 204.208333  204.250000  0.097 0.000
 204.250000  204.291667  0.076 0.000
 204.291667  204.333333  0.091 0.000
 204.333333  204.375000  0.058 0.000
 204.375000  204.416667  0.049 0.000
 204.416667  204.458333  0.037 0.000
 204.458333  204.500000  0.040 0.000
 204.500000  204.541667  0.037 0.000
 204.541667  204.583333  0.043 0.000
 204.583333  204.625000  0.061 0.000
 204.625000  204.666667  0.061 0.000
 204.666667  204.708333  0.055 0.000
 204.708333  204.750000  0.049 0.000
 204.750000  204.791667  0.052 0.000
 204.791667  204.833333  0.049 0.000
 204.833333  204.875000  0.040 0.000
 204.875000  204.916667  0.040 0.000
 204.916667  204.958333  0.049 0.000
 204.958333  205.000000  0.073 0.000
 205.000000  205.041667  0.073 0.000
 205.041667  205.083333  0.046 0.000
 205.083333  205.125000  0.067 0.000
 205.125000  205.166667  0.085 0.000
 205.166667  205.208333  0.088 0.000
 205.208333  205.250000  0.082 0.000
 205.250000  205.291667  0.079 0.000
 205.291667  205.333333  0.067 0.000
 205.333333  205.375000  0.058 0.000
 205.375000  205.416667  0.049 0.000
 205.416667  205.458333  0.070 0.000
 205.458333  205.500000  0.061 0.000
 205.500000  205.541667  0.061 0.000
 205.541667  205.583333  0.061 0.000
 205.583333  205.625000  0.052 0.000
 205.625000  205.666667  0.058 0.000
 205.666667  205.708333  0.061 0.000
 205.708333  205.750000  0.067 0.000
 205.750000  205.791667  0.064 0.000
 205.791667  205.833333  0.049 0.000
 205.833333  205.875000  0.049 0.000
 205.875000  205.916667  0.049 0.000
 205.916667  205.958333  0.058 0.000
 205.958333  206.000000  0.061 0.000
 206.000000  206.041667  0.064 0.000
 206.041667  206.083333  0.058 0.000
 206.083333  206.125000  0.052 0.000
 206.125000  206.166667  0.052 0.000
 206.166667  206.208333  0.058 0.000
 206.208333  206.250000  0.055 0.000
 206.250000  206.291667  0.046 0.000
 206.291667  206.333333  0.040 0.000
 206.333333  206.375000  0.033 0.000
 206.375000  206.416667  0.037 0.000
 206.416667  206.458333  0.037 0.000
 206.458333  206.500000  0.043 0.000
 206.500000  206.541667  0.037 0.000
 206.541667  206.583333  0.040 0.000
 206.583333  206.625000  0.040 0.000
 206.625000  206.666667  0.040 0.000
 206.666667  206.708333  0.040 0.000
 206.708333  206.750000  0.052 0.000
 206.750000  206.791667  0.064 0.000
 206.791667  206.833333  0.046 0.000
 206.833333  206.875000  0.055 0.000
 206.875000  206.916667  0.061 0.000
 206.916667  206.958333 99.999 0.999
 206.958333  207.000000  0.085 0.000
 207.000000  207.041667  0.076 0.000
 207.041667  207.083333  0.082 0.000
 207.083333  207.125000  0.091 0.000
 207.125000  207.166667  0.088 0.000
 207.166667  207.208333  0.088 0.000
 207.208333  207.250000  0.094 0.000
 207.250000  207.291667  0.107 0.000
 207.291667  207.333333  0.113 0.000
 207.333333  207.375000  0.110 0.000
 207.375000  207.416667  0.149 0.000
 207.416667  207.458333  0.137 0.000
 207.458333  207.500000  0.131 0.000
 207.500000  207.541667  0.167 0.000
 207.541667  207.583333  0.180 0.000
 207.583333  207.625000  0.149 0.000
 207.625000  207.666667  0.408 0.000
 207.666667  207.708333  0.533 0.000
 207.708333  207.750000  0.493 0.000
 207.750000  207.791667  0.359 0.000
 207.791667  207.833333  0.344 0.000
 207.833333  207.875000  0.320 0.000
 207.875000  207.916667  0.320 0.000
 207.916667  207.958333  0.311 0.000
 207.958333  208.000000  0.292 0.000
 208.000000  208.041667  0.292 0.000
 208.041667  208.083333  0.362 0.000
 208.083333  208.125000  0.356 0.000
 208.125000  208.166667  0.277 0.000
 208.166667  208.208333  0.250 0.000
 208.208333  208.250000  0.241 0.000
 208.250000  208.291667  0.241 0.000
 208.291667  208.333333  0.183 0.000
 208.333333  208.375000  0.158 0.000
 208.375000  208.416667  0.137 0.000
 208.416667  208.458333  0.128 0.000
 208.458333  208.500000  0.125 0.000
 208.500000  208.541667  0.116 0.000
 208.541667  208.583333  0.107 0.000
 208.583333  208.625000  0.104 0.000
 208.625000  208.666667  0.097 0.000
 208.666667  208.708333  0.097 0.000
 208.708333  208.750000  0.091 0.000
 208.750000  208.791667  0.088 0.000
 208.791667  208.833333  0.094 0.000
 208.833333  208.875000  0.091 0.000
 208.875000  208.916667  0.097 0.000
 208.916667  208.958333  0.085 0.000
 208.958333  209.000000  0.079 0.000
 209.000000  209.041667  0.079 0.000
 209.041667  209.083333  0.067 0.000
 209.083333  209.125000  0.061 0.000
 209.125000  209.166667  0.061 0.000
 209.166667  209.208333  0.058 0.000
 209.208333  209.250000  0.058 0.000
 209.250000  209.291667  0.058 0.000
 209.291667  209.333333  0.055 0.000
 209.333333  209.375000  0.052 0.000
 209.375000  209.416667  0.055 0.000
 209.416667  209.458333  0.052 0.000
 209.458333  209.500000  0.052 0.000
 209.500000  209.541667  0.049 0.000
 209.541667  209.583333  0.046 0.000
 209.583333  209.625000  0.043 0.000
 209.625000  209.666667  0.055 0.000
 209.666667  209.708333  0.052 0.000
 209.708333  209.750000  0.061 0.000
 209.750000  209.791667  0.064 0.000
 209.791667  209.833333  0.064 0.000
 209.833333  209.875000  0.064 0.000
 209.875000  209.916667  0.058 0.000
 209.916667  209.958333  0.055 0.000
 209.958333  210.000000  0.061 0.000
 210.000000  210.041667  0.067 0.000
 210.041667  210.083333  0.073 0.000
 210.083333  210.125000  0.091 0.000
 210.125000  210.166667  0.091 0.000
 210.166667  210.208333  0.097 0.000
 210.208333  210.250000  0.097 0.000
 210.250000  210.291667  0.094 0.000
 210.291667  210.333333  0.088 0.000
 210.333333  210.375000  0.094 0.000
 210.375000  210.416667  0.097 0.000
 210.416667  210.458333  0.104 0.000
 210.458333  210.500000  0.113 0.000
 210.500000  210.541667  0.119 0.000
 210.541667  210.583333  0.119 0.000
 210.583333  210.625000  0.189 0.000
 210.625000  210.666667  0.414 0.000
 210.666667  210.708333  0.414 0.000
 210.708333  210.750000  0.390 0.000
 210.750000  210.791667  0.292 0.000
 210.791667  210.833333  0.247 0.000
 210.833333  210.875000  0.216 0.000
 210.875000  210.916667  0.207 0.000
 210.916667  210.958333 99.999 0.999
 210.958333  211.000000  0.167 0.000
 211.000000  211.041667  0.161 0.000
 211.041667  211.083333  0.155 0.000
 211.083333  211.125000  0.158 0.000
 211.125000  211.166667  0.143 0.000
 211.166667  211.208333  0.152 0.000
 211.208333  211.250000  0.180 0.000
 211.250000  211.291667  0.186 0.000
 211.291667  211.333333  0.195 0.000
 211.333333  211.375000  0.180 0.000
 211.375000  211.416667  0.171 0.000
 211.416667  211.458333  0.189 0.000
 211.458333  211.500000  0.174 0.000
 211.500000  211.541667  0.180 0.000
 211.541667  211.583333  0.155 0.000
 211.583333  211.625000  0.143 0.000
 211.625000  211.666667  0.158 0.000
 211.666667  211.708333  0.195 0.000
 211.708333  211.750000  0.207 0.000
 211.750000  211.791667  0.195 0.000
 211.791667  211.833333  0.192 0.000
 211.833333  211.875000  0.174 0.000
 211.875000  211.916667  0.158 0.000
 211.916667  211.958333  0.146 0.000
 211.958333  212.000000  0.128 0.000
 212.000000  212.041667  0.104 0.000
 212.041667  212.083333  0.097 0.000
 212.083333  212.125000  0.116 0.000
 212.125000  212.166667  0.119 0.000
 212.166667  212.208333  0.091 0.000
 212.208333  212.250000  0.064 0.000
 212.250000  212.291667  0.070 0.000
 212.291667  212.333333  0.064 0.000
 212.333333  212.375000  0.046 0.000
 212.375000  212.416667  0.061 0.000
 212.416667  212.458333  0.079 0.000
 212.458333  212.500000  0.049 0.000
 212.500000  212.541667  0.049 0.000
 212.541667  212.583333  0.046 0.000
 212.583333  212.625000  0.043 0.000
 212.625000  212.666667  0.043 0.000
 212.666667  212.708333  0.055 0.000
 212.708333  212.750000  0.067 0.000
 212.750000  212.791667  0.073 0.000
 212.791667  212.833333  0.079 0.000
 212.833333  212.875000  0.128 0.000
 212.875000  212.916667  0.161 0.000
 212.916667  212.958333  0.183 0.000
 212.958333  213.000000  0.222 0.000
 213.000000  213.041667  0.256 0.000
 213.041667  213.083333  0.256 0.000
 213.083333  213.125000  0.265 0.000
 213.125000  213.166667  0.283 0.000
 213.166667  213.208333  0.277 0.000
 213.208333  213.250000  0.262 0.000
 213.250000  213.291667  0.259 0.000
 213.291667  213.333333  0.219 0.000
 213.333333  213.375000  0.195 0.000
 213.375000  213.416667  0.210 0.000
 213.416667  213.458333  0.222 0.000
 213.458333  213.500000  0.198 0.000
 213.500000  213.541667  0.207 0.000
 213.541667  213.583333  0.210 0.000
 213.583333  213.625000  0.207 0.000
 213.625000  213.666667  0.140 0.000
 213.666667  213.708333  0.143 0.000
 213.708333  213.750000  0.158 0.000
 213.750000  213.791667  0.143 0.000
 213.791667  213.833333  0.137 0.000
 213.833333  213.875000  0.128 0.000
 213.875000  213.916667  0.134 0.000
 213.916667  213.958333  0.131 0.000
 213.958333  214.000000  0.113 0.000
 214.000000  214.041667  0.088 0.000
 214.041667  214.083333  0.091 0.000
 214.083333  214.125000  0.091 0.000
 214.125000  214.166667  0.085 0.000
 214.166667  214.208333  0.082 0.000
 214.208333  214.250000  0.079 0.000
 214.250000  214.291667  0.079 0.000
 214.291667  214.333333  0.088 0.000
 214.333333  214.375000  0.070 0.000
 214.375000  214.416667  0.076 0.000
 214.416667  214.458333  0.085 0.000
 214.458333  214.500000  0.085 0.000
 214.500000  214.541667  0.055 0.000
 214.541667  214.583333  0.058 0.000
 214.583333  214.625000  0.076 0.000
 214.625000  214.666667  0.076 0.000
 214.666667  214.708333  0.079 0.000
 214.708333  214.750000  0.088 0.000
 214.750000  214.791667  0.097 0.000
 214.791667  214.833333  0.107 0.000
 214.833333  214.875000  0.088 0.000
 214.875000  214.916667  0.088 0.000
 214.916667  214.958333 99.999 0.999
 214.958333  215.000000  0.143 0.000
 215.000000  215.041667  0.155 0.000
 215.041667  215.083333  0.146 0.000
 215.083333  215.125000  0.137 0.000
 215.125000  215.166667  0.140 0.000
 215.166667  215.208333  0.110 0.000
 215.208333  215.250000  0.292 0.000
 215.250000  215.291667  0.314 0.000
 215.291667  215.333333  0.183 0.000
 215.333333  215.375000  0.070 0.000
 215.375000  215.416667  0.067 0.000
 215.416667  215.458333  0.058 0.000
 215.458333  215.500000  0.055 0.000
 215.500000  215.541667  0.091 0.000
 215.541667  215.583333  0.094 0.000
 215.583333  215.625000  0.070 0.000
 215.625000  215.666667  0.079 0.000
 215.666667  215.708333  0.088 0.000
 215.708333  215.750000  0.085 0.000
 215.750000  215.791667  0.082 0.000
 215.791667  215.833333  0.064 0.000
 215.833333  215.875000  0.061 0.000
 215.875000  215.916667  0.064 0.000
 215.916667  215.958333  0.064 0.000
 215.958333  216.000000  0.064 0.000
 216.000000  216.041667  0.061 0.000
 216.041667  216.083333  0.073 0.000
 216.083333  216.125000  0.088 0.000
 216.125000  216.166667  0.091 0.000
 216.166667  216.208333  0.085 0.000
