RRS/FI0023R.20070101000000.20181114115100.cpc.particle_number_concentration.pm10.1y.1h.FI03L_CPC_VAR_01.FI03L_CPC.lev2.nas
50 1001
Kulmala, Markku
FI03L, University of Helsinki, UHEL, Division of Atmospheric Sciences, PO BOX 64, , FI-00014, University of Helsinki, Finland
Aalto, Pasi
GAW-WDCA
1 1
2007 01 01 2018 11 14
0.041667
days from file reference point
7
1 1 1 1 1 1 1
999.999999 9 9 99999.999 99999.999 99999.999 9.999
end_time of measurement, days from the file reference point
pressure, hPa, Location=instrument internal, Matrix=instrument, Measurement uncertainty=
temperature, K, Location=instrument internal, Matrix=instrument, Measurement uncertainty=
particle_number_concentration, 1/cm3
particle_number_concentration, 1/cm3, Statistics=percentile:15.87
particle_number_concentration, 1/cm3, Statistics=percentile:84.13
numflag, no unit
0
29
Data definition:              EBAS_1.1
Set type code:                TU
Timezone:                     UTC
File name:                    FI0023R.20070101000000.20181114115100.cpc.particle_number_concentration.pm10.1y.1h.FI03L_CPC_VAR_01.FI03L_CPC.lev2.nas
File creation:                20200622170801
Startdate:                    20070101000000
Revision date:                20181114115100
Statistics:                   arithmetic mean
Data level:                   2
Period code:                  1y
Resolution code:              1h
Station code:                 FI0023R
Platform code:                FI0023S
Station name:                 V�rri�
Station latitude:             67.766667
Station longitude:            29.583333
Station altitude:             400.0 m
Regime:                       IMG
Component:                    particle_number_concentration
Unit:                         1/cm3
Matrix:                       pm10
Instrument type:              cpc
Laboratory code:              FI03L
Instrument name:              CPC_VAR_01
Method ref:                   FI03L_CPC
Measurement uncertainty:      5.0 %
Originator:                   Kulmala, Markku, , , , , , , , , 
Submitter:                    Aalto, Pasi, , , , , , , , , 
starttime endtime P T particle_number_concentration particle_number_concentration particle_number_concentration flag
[from data line 6452]
268.833333 268.875000 9 9  1031.193  1024.989  1037.836 0.000
268.875000 268.916667 9 9  1037.901  1031.834  1041.674 0.000
268.916667 268.958333 9 9  1042.420  1024.363  1054.921 0.000
268.958333 269.000000 9 9   941.760   900.477  1003.295 0.000
269.000000 269.041667 9 9   921.022   827.967  1185.179 0.000
269.041667 269.083333 9 9  1575.383  1225.732  1745.059 0.000
269.083333 269.125000 9 9   804.596   754.662   873.317 0.000
269.125000 269.166667 9 9   719.843   694.692   744.931 0.000
269.166667 269.208333 9 9   911.415   796.099  1121.132 0.000
269.208333 269.250000 9 9  1442.589  1278.420  1622.051 0.000
269.250000 269.291667 9 9  1430.372  1351.407  1531.447 0.000
269.291667 269.333333 9 9  1138.125  1037.837  1251.961 0.000
269.333333 269.375000 9 9   926.754   846.565   993.259 0.000
269.375000 269.416667 9 9  1014.912   856.521  1183.745 0.000
269.416667 269.458333 9 9   886.085   756.723  1014.976 0.000
269.458333 269.500000 9 9   805.256   604.243  1000.944 0.000
269.500000 269.541667 9 9   398.317   254.299   469.430 0.000
269.541667 269.583333 9 9   225.502   174.167   265.881 0.000
269.583333 269.625000 9 9   202.287   168.492   241.721 0.000
269.625000 269.666667 9 9    96.959    63.167   154.558 0.000
269.666667 269.708333 9 9   162.616   105.020   242.666 0.000
269.708333 269.750000 9 9   704.090   378.110   901.748 0.000
269.750000 269.791667 9 9   458.981   346.441   591.123 0.000
269.791667 269.833333 9 9   235.049   156.484   333.810 0.000
269.833333 269.875000 9 9   162.490   159.943   166.141 0.000
269.875000 269.916667 9 9   161.769   143.514   172.377 0.000
269.916667 269.958333 9 9   122.847   107.328   143.098 0.000
269.958333 270.000000 9 9    75.155    56.225    98.694 0.000
270.000000 270.041667 9 9    62.307    54.147    75.943 0.000
270.041667 270.083333 9 9    65.575    58.092    70.360 0.000
270.083333 270.125000 9 9    81.821    71.440    92.389 0.000
270.125000 270.166667 9 9   110.393    97.710   123.216 0.000
270.166667 270.208333 9 9   154.714   137.734   169.927 0.000
270.208333 270.250000 9 9   199.597   183.888   214.931 0.000
270.250000 270.291667 9 9   226.011   216.055   237.287 0.000
270.291667 270.333333 9 9   267.194   233.845   320.468 0.000
270.333333 270.375000 9 9   600.762   476.003   682.703 0.000
270.375000 270.416667 9 9   918.453   757.089  1076.272 0.000
270.416667 270.458333 9 9  1335.282  1193.522  1450.421 0.000
270.458333 270.500000 9 9  1241.977  1196.425  1281.286 0.000
270.500000 270.541667 9 9  1099.688  1026.237  1186.206 0.000
270.541667 270.583333 9 9  1330.501  1138.180  1507.507 0.000
270.583333 270.625000 9 9  1519.497  1472.111  1554.470 0.000
270.625000 270.666667 9 9  1510.525  1440.551  1620.216 0.000
270.666667 270.708333 9 9  1796.626  1701.533  1893.634 0.000
270.708333 270.750000 9 9  1966.931  1930.457  2019.853 0.000
270.750000 270.791667 9 9  2164.763  2075.608  2241.266 0.000
270.791667 270.833333 9 9  2278.311  2227.362  2318.617 0.000
270.833333 270.875000 9 9  2230.999  2205.888  2264.475 0.000
270.875000 270.916667 9 9  2314.975  2274.286  2363.605 0.000
270.916667 270.958333 9 9  2384.435  2322.344  2417.907 0.000
270.958333 271.000000 9 9  2276.529  2223.503  2337.634 0.000
271.000000 271.041667 9 9  2191.476  2167.634  2218.901 0.000
271.041667 271.083333 9 9  2128.419  2089.419  2159.502 0.000
271.083333 271.125000 9 9  2044.105  2029.970  2057.212 0.000
271.125000 271.166667 9 9  2002.306  1983.628  2025.238 0.000
271.166667 271.208333 9 9  2050.427  2042.461  2059.317 0.000
271.208333 271.250000 9 9  2130.202  2057.088  2204.777 0.000
271.250000 271.291667 9 9  2244.666  2221.281  2264.532 0.000
271.291667 271.333333 9 9  2073.435  1994.116  2163.548 0.000
271.333333 271.375000 9 9  1886.742  1833.822  1947.329 0.000
271.375000 271.416667 9 9  1733.548  1609.041  1871.799 0.000
271.416667 271.458333 9 9  1349.933  1259.842  1495.683 0.000
271.458333 271.500000 9 9  1345.102  1288.839  1395.092 0.000
271.500000 271.541667 9 9  1478.689  1385.888  1593.482 0.000
271.541667 271.583333 9 9  1519.099  1485.403  1553.023 0.000
271.583333 271.625000 9 9  1317.850  1262.171  1405.806 0.000
271.625000 271.666667 9 9  1369.119  1354.723  1381.322 0.000
271.666667 271.708333 9 9  1339.086  1269.471  1394.717 0.000
271.708333 271.750000 9 9  1181.095  1141.656  1220.756 0.000
271.750000 271.791667 9 9  1084.164  1044.015  1118.547 0.000
271.791667 271.833333 9 9  1071.393  1041.779  1081.843 0.000
271.833333 271.875000 9 9  1113.781  1087.298  1133.124 0.000
271.875000 271.916667 9 9  1153.923  1141.594  1162.172 0.000
271.916667 271.958333 9 9  1177.049  1162.051  1185.368 0.000
271.958333 272.000000 9 9  1233.015  1188.783  1267.041 0.000
272.000000 272.041667 9 9  1307.589  1277.771  1339.581 0.000
272.041667 272.083333 9 9  1367.228  1297.249  1456.697 0.000
272.083333 272.125000 9 9  1508.029  1354.241  1684.195 0.000
272.125000 272.166667 9 9  1299.029  1221.072  1366.810 0.000
272.166667 272.208333 9 9  1125.599  1098.025  1156.612 0.000
272.208333 272.250000 9 9  1103.308  1096.775  1112.159 0.000
272.250000 272.291667 9 9  1038.559   998.243  1090.312 0.000
272.291667 272.333333 9 9   899.215   832.346   949.748 0.000
272.333333 272.375000 9 9   953.442   939.206   991.779 0.000
272.375000 272.416667 9 9   949.635   928.286   978.545 0.000
272.416667 272.458333 9 9   763.846   632.335   927.618 0.000
272.458333 272.500000 9 9   874.486   638.087  1263.910 0.000
272.500000 272.541667 9 9  1595.721  1322.674  1823.089 0.000
272.541667 272.583333 9 9  1847.107  1712.756  1980.122 0.000
272.583333 272.625000 9 9  2272.984  1971.339  2470.081 0.000
272.625000 272.666667 9 9  2257.361  2193.108  2326.518 0.000
272.666667 272.708333 9 9  1633.519  1465.231  1852.928 0.000
272.708333 272.750000 9 9  1526.053  1463.665  1580.787 0.000
272.750000 272.791667 9 9  1663.989  1617.746  1712.398 0.000
272.791667 272.833333 9 9  1832.912  1747.427  1886.462 0.000
272.833333 272.875000 9 9  1889.034  1882.981  1894.123 0.000
272.875000 272.916667 9 9  1881.686  1875.675  1887.455 0.000
272.916667 272.958333 9 9  1886.242  1875.228  1902.210 0.000
272.958333 273.000000 9 9  1882.981  1867.302  1897.955 0.000
273.000000 273.041667 9 9  1865.732  1856.635  1875.614 0.000
273.041667 273.083333 9 9  1859.677  1839.954  1882.273 0.000
273.083333 273.125000 9 9  1808.104  1780.631  1826.697 0.000
273.125000 273.166667 9 9  1731.902  1713.748  1750.717 0.000
273.166667 273.208333 9 9  1651.491  1607.153  1684.534 0.000
273.208333 273.250000 9 9  1472.342  1351.485  1557.551 0.000
273.250000 273.291667 9 9  1273.075  1251.678  1305.709 0.000
273.291667 273.333333 9 9  1195.186  1156.665  1240.223 0.000
273.333333 273.375000 9 9  1091.846  1050.251  1138.215 0.000
273.375000 273.416667 9 9   892.391   771.364  1007.180 0.000
273.416667 273.458333 9 9   749.944   728.535   762.886 0.000
273.458333 273.500000 9 9   751.736   700.376   777.908 0.000
273.500000 273.541667 9 9   692.672   678.446   709.284 0.000
273.541667 273.583333 9 9   744.347   724.667   773.425 0.000
273.583333 273.625000 9 9   762.865   754.061   770.022 0.000
273.625000 273.666667 9 9   763.112   754.999   770.974 0.000
273.666667 273.708333 9 9   813.194   762.138   909.577 0.000
273.708333 273.750000 9 9   946.861   932.433   961.952 0.000
273.750000 273.791667 9 9   833.260   734.922   918.931 0.000
273.791667 273.833333 9 9   642.440   614.634   675.291 0.000
273.833333 273.875000 9 9   618.627   592.488   651.612 0.000
273.875000 273.916667 9 9   644.596   626.583   657.926 0.000
273.916667 273.958333 9 9   676.123   624.447   715.746 0.000
273.958333 274.000000 9 9   609.975   581.712   652.436 0.000
274.000000 274.041667 9 9   661.601   623.365   702.335 0.000
274.041667 274.083333 9 9   723.616   686.741   743.081 0.000
274.083333 274.125000 9 9   640.468   614.497   660.052 0.000
274.125000 274.166667 9 9   573.220   519.536   602.588 0.000
274.166667 274.208333 9 9   570.654   530.931   622.809 0.000
274.208333 274.250000 9 9   754.984   689.389   804.117 0.000
274.250000 274.291667 9 9   839.897   816.498   859.305 0.000
274.291667 274.333333 9 9   813.729   805.147   820.433 0.000
274.333333 274.375000 9 9   860.621   826.732   878.612 0.000
274.375000 274.416667 9 9   899.166   876.768   915.718 0.000
274.416667 274.458333 9 9   869.181   832.442   898.034 0.000
274.458333 274.500000 9 9   847.235   841.628   852.967 0.000
274.500000 274.541667 9 9   844.689   833.344   850.866 0.000
274.541667 274.583333 9 9   837.741   821.583   866.034 0.000
274.583333 274.625000 9 9   878.414   870.953   884.403 0.000
274.625000 274.666667 9 9   810.361   772.744   866.462 0.000
274.666667 274.708333 9 9   746.530   740.583   755.741 0.000
274.708333 274.750000 9 9   739.058   727.240   747.078 0.000
274.750000 274.791667 9 9   717.423   696.447   744.290 0.000
274.791667 274.833333 9 9   680.772   674.670   690.236 0.000
274.833333 274.875000 9 9   692.408   673.721   721.060 0.000
274.875000 274.916667 9 9   691.825   625.810   734.576 0.000
274.916667 274.958333 9 9   725.917   633.452   815.693 0.000
274.958333 275.000000 9 9   622.966   586.700   681.466 0.000
275.000000 275.041667 9 9   645.740   609.294   683.371 0.000
275.041667 275.083333 9 9   693.260   688.035   702.185 0.000
275.083333 275.125000 9 9   631.919   601.024   652.188 0.000
275.125000 275.166667 9 9   500.961   453.920   534.277 0.000
275.166667 275.208333 9 9   403.904   394.364   415.030 0.000
275.208333 275.250000 9 9   484.076   424.278   561.503 0.000
275.250000 275.291667 9 9   545.358   514.426   580.749 0.000
275.291667 275.333333 9 9   538.912   522.140   549.944 0.000
275.333333 275.375000 9 9   567.520   553.728   581.226 0.000
275.375000 275.416667 9 9   632.418   596.004   670.797 0.000
275.416667 275.458333 9 9   592.836   518.300   654.663 0.000
275.458333 275.500000 9 9   496.048   470.879   517.471 0.000
275.500000 275.541667 9 9   487.895   455.473   524.472 0.000
275.541667 275.583333 9 9  1447.433   614.373  2172.607 0.000
275.583333 275.625000 9 9  1915.594  1729.689  2071.278 0.000
275.625000 275.666667 9 9  1623.853  1545.714  1740.265 0.000
275.666667 275.708333 9 9  1709.647  1665.330  1737.325 0.000
275.708333 275.750000 9 9  1692.481  1597.318  1786.592 0.000
275.750000 275.791667 9 9  1543.925  1263.456  1756.639 0.000
275.791667 275.833333 9 9  1137.703  1092.056  1183.672 0.000
275.833333 275.875000 9 9   746.963   635.421   894.603 0.000
275.875000 275.916667 9 9   581.415   567.227   602.486 0.000
275.916667 275.958333 9 9   665.297   566.334   837.481 0.000
275.958333 276.000000 9 9  1204.122  1076.177  1268.192 0.000
276.000000 276.041667 9 9  1108.726   947.616  1258.705 0.000
276.041667 276.083333 9 9   950.137   937.668   962.931 0.000
276.083333 276.125000 9 9   978.206   957.931   998.622 0.000
276.125000 276.166667 9 9   905.570   881.934   951.515 0.000
276.166667 276.208333 9 9   866.682   833.370   897.577 0.000
276.208333 276.250000 9 9   747.365   694.188   806.887 0.000
276.250000 276.291667 9 9   496.026   388.374   602.995 0.000
276.291667 276.333333 9 9   376.583   364.901   389.922 0.000
276.333333 276.375000 9 9   438.029   402.893   481.633 0.000
276.375000 276.416667 9 9   492.966   488.577   496.222 0.000
276.416667 276.458333 9 9   498.753   494.811   500.936 0.000
276.458333 276.500000 9 9   515.496   505.432   526.365 0.000
276.500000 276.541667 9 9   549.025   535.488   559.898 0.000
276.541667 276.583333 9 9   512.726   500.635   530.857 0.000
276.583333 276.625000 9 9   513.356   507.185   518.009 0.000
276.625000 276.666667 9 9   472.670   407.514   531.198 0.000
276.666667 276.708333 9 9   415.743   409.662   422.504 0.000
276.708333 276.750000 9 9   441.727   422.629   454.737 0.000
276.750000 276.791667 9 9   418.417   402.130   441.850 0.000
276.791667 276.833333 9 9   471.956   464.880   477.212 0.000
276.833333 276.875000 9 9   465.516   445.078   477.713 0.000
276.875000 276.916667 9 9   439.163   433.819   444.443 0.000
276.916667 276.958333 9 9   431.678   423.590   441.789 0.000
276.958333 277.000000 9 9   460.511   429.756   507.300 0.000
277.000000 277.041667 9 9   523.517   483.177   558.658 0.000
277.041667 277.083333 9 9   516.183   490.818   541.108 0.000
277.083333 277.125000 9 9   446.676   434.394   463.896 0.000
277.125000 277.166667 9 9   525.848   488.768   575.534 0.000
277.166667 277.208333 9 9   521.145   479.714   564.868 0.000
277.208333 277.250000 9 9   428.613   401.814   452.443 0.000
277.250000 277.291667 9 9   354.475   331.894   376.490 0.000
277.291667 277.333333 9 9   340.882   315.873   380.225 0.000
277.333333 277.375000 9 9   332.369   296.096   375.815 0.000
277.375000 277.416667 9 9   321.867   310.473   332.214 0.000
277.416667 277.458333 9 9   342.077   331.727   350.434 0.000
277.458333 277.500000 9 9   359.628   346.205   375.375 0.000
277.500000 277.541667 9 9   450.590   378.277   545.820 0.000
277.541667 277.583333 9 9   474.034   422.839   544.514 0.000
277.583333 277.625000 9 9   807.941   655.266   903.706 0.000
277.625000 277.666667 9 9  1180.003   983.690  1327.390 0.000
277.666667 277.708333 9 9  1128.528  1017.467  1284.546 0.000
277.708333 277.750000 9 9  1154.307  1090.382  1217.982 0.000
277.750000 277.791667 9 9  1174.565  1162.637  1185.849 0.000
277.791667 277.833333 9 9  1288.239  1246.431  1332.379 0.000
277.833333 277.875000 9 9  1231.182  1164.796  1259.587 0.000
277.875000 277.916667 9 9  1117.034  1080.239  1139.513 0.000
277.916667 277.958333 9 9  1191.777  1166.958  1206.000 0.000
277.958333 278.000000 9 9  1069.139   966.382  1140.582 0.000
278.000000 278.041667 9 9   965.343   915.153  1034.376 0.000
278.041667 278.083333 9 9  1025.277   997.018  1043.688 0.000
278.083333 278.125000 9 9   880.863   820.526   950.527 0.000
278.125000 278.166667 9 9  1128.177   886.446  1311.051 0.000
278.166667 278.208333 9 9  1343.035  1158.900  1500.558 0.000
278.208333 278.250000 9 9  1428.053  1214.119  1576.394 0.000
278.250000 278.291667 9 9   860.676   737.686  1018.769 0.000
278.291667 278.333333 9 9   817.441   787.219   843.945 0.000
278.333333 278.375000 9 9   823.227   819.262   828.420 0.000
278.375000 278.416667 9 9   796.640   765.396   815.093 0.000
278.416667 278.458333 9 9   741.810   734.007   749.515 0.000
278.458333 278.500000 9 9   738.789   711.636   755.591 0.000
278.500000 278.541667 9 9  1062.406   847.708  1448.795 0.000
278.541667 278.583333 9 9  2110.015  1611.505  2633.896 0.000
278.583333 278.625000 9 9  2626.244  2586.331  2679.681 0.000
278.625000 278.666667 9 9  2190.026  1980.089  2390.864 0.000
278.666667 278.708333 9 9  1634.935  1342.408  1895.265 0.000
278.708333 278.750000 9 9  1282.146  1205.870  1337.210 0.000
278.750000 278.791667 9 9  1378.003  1227.948  1555.051 0.000
278.791667 278.833333 9 9  1616.656  1596.650  1650.635 0.000
278.833333 278.875000 9 9  1632.014  1581.040  1681.152 0.000
278.875000 278.916667 9 9  1706.532  1639.425  1763.834 0.000
278.916667 278.958333 9 9  1816.024  1722.771  1886.697 0.000
278.958333 279.000000 9 9  1523.892  1376.720  1724.244 0.000
279.000000 279.041667 9 9  1518.124  1394.563  1593.854 0.000
279.041667 279.083333 9 9  1572.016  1463.871  1653.623 0.000
279.083333 279.125000 9 9   938.762   752.827  1197.572 0.000
279.125000 279.166667 9 9   615.528   549.640   678.655 0.000
279.166667 279.208333 9 9   535.642   527.380   543.234 0.000
279.208333 279.250000 9 9   490.474   460.903   513.264 0.000
279.250000 279.291667 9 9   425.197   400.885   448.975 0.000
279.291667 279.333333 9 9   408.924   371.317   436.389 0.000
279.333333 279.375000 9 9   255.697   232.480   280.964 0.000
279.375000 279.416667 9 9   206.380   190.688   218.248 0.000
279.416667 279.458333 9 9   196.307   189.068   212.331 0.000
279.458333 279.500000 9 9   312.837   227.681   396.744 0.000
279.500000 279.541667 9 9   478.585   446.881   504.313 0.000
