RRS/FI0023R.20060101000000.20181114115100.cpc.particle_number_concentration.pm10.1y.1h.FI03L_CPC_VAR_01.FI03L_CPC.lev2.nas
50 1001
Kulmala, Markku
FI03L, University of Helsinki, UHEL, Division of Atmospheric Sciences, PO BOX 64, , FI-00014, University of Helsinki, Finland
Aalto, Pasi
GAW-WDCA
1 1
2006 01 01 2018 11 14
0.041667
days from file reference point
7
1 1 1 1 1 1 1
999.999999 9 9 999999.999 999999.999 999999.999 9.999
end_time of measurement, days from the file reference point
pressure, hPa, Location=instrument internal, Matrix=instrument, Measurement uncertainty=
temperature, K, Location=instrument internal, Matrix=instrument, Measurement uncertainty=
particle_number_concentration, 1/cm3
particle_number_concentration, 1/cm3, Statistics=percentile:15.87
particle_number_concentration, 1/cm3, Statistics=percentile:84.13
numflag, no unit
0
29
Data definition:              EBAS_1.1
Set type code:                TU
Timezone:                     UTC
File name:                    FI0023R.20060101000000.20181114115100.cpc.particle_number_concentration.pm10.1y.1h.FI03L_CPC_VAR_01.FI03L_CPC.lev2.nas
File creation:                20200622170800
Startdate:                    20060101000000
Revision date:                20181114115100
Statistics:                   arithmetic mean
Data level:                   2
Period code:                  1y
Resolution code:              1h
Station code:                 FI0023R
Platform code:                FI0023S
Station name:                 V�rri�
Station latitude:             67.766667
Station longitude:            29.583333
Station altitude:             400.0 m
Regime:                       IMG
Component:                    particle_number_concentration
Unit:                         1/cm3
Matrix:                       pm10
Instrument type:              cpc
Laboratory code:              FI03L
Instrument name:              CPC_VAR_01
Method ref:                   FI03L_CPC
Measurement uncertainty:      5.0 %
Originator:                   Kulmala, Markku, , , , , , , , , 
Submitter:                    Aalto, Pasi, , , , , , , , , 
starttime endtime P T particle_number_concentration particle_number_concentration particle_number_concentration flag
[from data line 3201]
133.375000 133.416667 9 9    617.733    380.479    943.399 0.000
133.416667 133.458333 9 9    373.919    273.969    481.789 0.000
133.458333 133.500000 9 9    309.533    260.826    417.420 0.000
133.500000 133.541667 9 9    116.754     85.814    156.823 0.000
133.541667 133.583333 9 9    120.401    105.109    143.264 0.000
133.583333 133.625000 9 9    191.697    181.285    206.122 0.000
133.625000 133.666667 9 9    235.643    227.451    242.937 0.000
133.666667 133.708333 9 9    261.548    243.540    277.841 0.000
133.708333 133.750000 9 9    227.942    205.698    249.242 0.000
133.750000 133.791667 9 9    191.379    188.769    196.779 0.000
133.791667 133.833333 9 9    179.373    171.773    191.366 0.000
133.833333 133.875000 9 9    212.605    200.709    223.829 0.000
133.875000 133.916667 9 9    226.049    222.749    228.369 0.000
133.916667 133.958333 9 9    243.925    232.548    256.403 0.000
133.958333 134.000000 9 9    270.151    264.398    277.453 0.000
134.000000 134.041667 9 9    286.392    280.770    289.184 0.000
134.041667 134.083333 9 9    286.641    282.546    291.027 0.000
134.083333 134.125000 9 9    270.957    263.506    278.522 0.000
134.125000 134.166667 9 9    249.685    247.111    253.918 0.000
134.166667 134.208333 9 9    237.593    234.254    241.684 0.000
134.208333 134.250000 9 9    238.717    236.613    242.860 0.000
134.250000 134.291667 9 9    218.582    206.272    232.090 0.000
134.291667 134.333333 9 9    225.346    208.496    241.363 0.000
134.333333 134.375000 9 9    264.326    255.815    271.188 0.000
134.375000 134.416667 9 9    222.030    217.510    227.699 0.000
134.416667 134.458333 9 9    174.259    160.390    198.527 0.000
134.458333 134.500000 9 9    173.880    155.230    186.784 0.000
134.500000 134.541667 9 9    176.987    157.153    195.626 0.000
134.541667 134.583333 9 9    569.053    279.213    746.266 0.000
134.583333 134.625000 9 9    778.221    717.575    842.301 0.000
134.625000 134.666667 9 9    779.195    673.619    894.179 0.000
134.666667 134.708333 9 9   1141.952    685.858   1920.667 0.000
134.708333 134.750000 9 9   2295.715   2127.906   2480.992 0.000
134.750000 134.791667 9 9   2197.703   2095.086   2371.110 0.000
134.791667 134.833333 9 9   2178.644   2012.954   2264.464 0.000
134.833333 134.875000 9 9   1756.392   1712.351   1820.952 0.000
134.875000 134.916667 9 9   1501.310   1361.565   1670.033 0.000
134.916667 134.958333 9 9   1317.704   1255.800   1374.186 0.000
134.958333 135.000000 9 9   1084.236    947.474   1213.616 0.000
135.000000 135.041667 9 9    742.932    589.954    835.149 0.000
135.041667 135.083333 9 9    424.239    372.517    510.022 0.000
135.083333 135.125000 9 9    330.260    322.220    343.265 0.000
135.125000 135.166667 9 9    349.854    328.386    372.718 0.000
135.166667 135.208333 9 9    375.420    368.031    387.072 0.000
135.208333 135.250000 9 9    387.658    377.439    395.415 0.000
135.250000 135.291667 9 9    382.968    365.730    389.380 0.000
135.291667 135.333333 9 9    329.141    292.038    360.957 0.000
135.333333 135.375000 9 9    270.026    258.131    285.925 0.000
135.375000 135.416667 9 9    261.032    248.556    274.656 0.000
135.416667 135.458333 9 9    295.882    264.325    350.520 0.000
135.458333 135.500000 9 9    347.009    321.582    373.912 0.000
135.500000 135.541667 9 9    379.520    316.926    482.425 0.000
135.541667 135.583333 9 9    471.141    406.810    554.965 0.000
135.583333 135.625000 9 9    695.519    602.133    767.604 0.000
135.625000 135.666667 9 9    686.220    664.516    720.813 0.000
135.666667 135.708333 9 9    648.442    592.065    735.130 0.000
135.708333 135.750000 9 9    567.404    551.014    586.240 0.000
135.750000 135.791667 9 9    594.582    576.850    613.974 0.000
135.791667 135.833333 9 9    567.852    561.292    573.421 0.000
135.833333 135.875000 9 9    602.961    590.366    618.286 0.000
135.875000 135.916667 9 9    645.001    623.625    662.129 0.000
135.916667 135.958333 9 9    650.599    634.201    664.983 0.000
135.958333 136.000000 9 9    633.517    623.420    640.312 0.000
136.000000 136.041667 9 9    633.900    627.275    642.583 0.000
136.041667 136.083333 9 9    609.061    596.799    619.943 0.000
136.083333 136.125000 9 9    574.702    554.263    592.688 0.000
136.125000 136.166667 9 9    543.913    537.717    547.132 0.000
136.166667 136.208333 9 9    544.701    532.858    554.638 0.000
136.208333 136.250000 9 9    529.774    513.892    537.388 0.000
136.250000 136.291667 9 9    527.368    525.057    529.632 0.000
136.291667 136.333333 9 9    520.941    517.801    524.877 0.000
136.333333 136.375000 9 9    505.620    499.372    513.208 0.000
136.375000 136.416667 9 9    471.209    443.828    492.841 0.000
136.416667 136.458333 9 9    422.639    408.864    431.970 0.000
136.458333 136.500000 9 9    477.102    423.361    538.236 0.000
136.500000 136.541667 9 9    505.560    452.961    542.088 0.000
136.541667 136.583333 9 9    471.657    438.758    518.135 0.000
136.583333 136.625000 9 9    456.849    420.465    497.464 0.000
136.625000 136.666667 9 9    403.783    388.004    416.823 0.000
136.666667 136.708333 9 9    397.592    387.572    410.880 0.000
136.708333 136.750000 9 9    443.329    416.774    507.946 0.000
136.750000 136.791667 9 9    519.730    481.197    564.596 0.000
136.791667 136.833333 9 9    589.152    558.824    620.098 0.000
136.833333 136.875000 9 9    653.623    614.809    676.515 0.000
136.875000 136.916667 9 9    707.266    683.014    748.754 0.000
136.916667 136.958333 9 9    626.238    559.829    722.334 0.000
136.958333 137.000000 9 9    653.761    593.200    740.277 0.000
137.000000 137.041667 9 9    604.268    527.213    666.239 0.000
137.041667 137.083333 9 9   1103.273    834.619   1472.087 0.000
137.083333 137.125000 9 9   1673.615   1393.162   2028.845 0.000
137.125000 137.166667 9 9   1877.225   1668.248   2016.099 0.000
137.166667 137.208333 9 9   1901.892   1696.513   2017.018 0.000
137.208333 137.250000 9 9   1376.381   1125.512   1644.710 0.000
137.250000 137.291667 9 9   1069.577   1003.477   1169.374 0.000
137.291667 137.333333 9 9   1021.381    921.020   1113.711 0.000
137.333333 137.375000 9 9   1213.630    926.440   1436.783 0.000
137.375000 137.416667 9 9    988.827    800.621   1202.732 0.000
137.416667 137.458333 9 9    755.587    564.157    941.560 0.000
137.458333 137.500000 9 9    740.658    669.885    801.373 0.000
137.500000 137.541667 9 9    832.279    805.487    861.298 0.000
137.541667 137.583333 9 9    716.607    660.378    790.354 0.000
137.583333 137.625000 9 9    582.832    543.204    628.982 0.000
137.625000 137.666667 9 9    521.770    515.478    524.756 0.000
137.666667 137.708333 9 9    514.777    507.326    519.763 0.000
137.708333 137.750000 9 9    503.752    498.991    508.070 0.000
137.750000 137.791667 9 9    479.883    467.594    495.025 0.000
137.791667 137.833333 9 9    462.202    458.856    466.164 0.000
137.833333 137.875000 9 9    460.028    456.269    462.939 0.000
137.875000 137.916667 9 9    504.595    473.174    538.688 0.000
137.916667 137.958333 9 9    500.360    492.552    509.093 0.000
137.958333 138.000000 9 9    530.054    511.931    544.298 0.000
138.000000 138.041667 9 9    542.783    533.899    551.055 0.000
138.041667 138.083333 9 9    550.718    531.549    576.602 0.000
138.083333 138.125000 9 9    565.084    545.832    579.292 0.000
138.125000 138.166667 9 9    652.812    552.053    845.949 0.000
138.166667 138.208333 9 9   1443.680   1065.517   1830.039 0.000
138.208333 138.250000 9 9   1453.227   1298.020   1664.591 0.000
138.250000 138.291667 9 9   1341.930   1249.462   1412.392 0.000
138.291667 138.333333 9 9   1581.512   1394.990   1749.855 0.000
138.333333 138.375000 9 9   1693.360   1648.389   1754.892 0.000
138.375000 138.416667 9 9   1699.263   1674.413   1721.038 0.000
138.416667 138.458333 9 9   1687.528   1621.330   1734.679 0.000
138.458333 138.500000 9 9   1713.891   1607.078   1858.253 0.000
138.500000 138.541667 9 9   1585.353   1562.519   1633.200 0.000
138.541667 138.583333 9 9   1574.653   1538.615   1607.291 0.000
138.583333 138.625000 9 9   1561.027   1521.452   1600.072 0.000
138.625000 138.666667 9 9   1498.507   1451.010   1534.427 0.000
138.666667 138.708333 9 9   1566.457   1440.586   1794.934 0.000
138.708333 138.750000 9 9   1804.704   1781.355   1823.118 0.000
138.750000 138.791667 9 9   1856.165   1828.261   1878.710 0.000
138.791667 138.833333 9 9   2074.046   1911.609   2232.671 0.000
138.833333 138.875000 9 9   2566.650   2324.154   2777.620 0.000
138.875000 138.916667 9 9   2971.487   2900.734   3040.816 0.000
138.916667 138.958333 9 9   2994.148   2910.822   3072.070 0.000
138.958333 139.000000 9 9   2606.544   2328.863   2870.032 0.000
139.000000 139.041667 9 9   1917.636   1709.570   2155.726 0.000
139.041667 139.083333 9 9   1667.702   1604.468   1748.053 0.000
139.083333 139.125000 9 9   1770.558   1761.629   1784.875 0.000
139.125000 139.166667 9 9   1886.679   1798.821   2027.977 0.000
139.166667 139.208333 9 9   2134.214   2060.859   2177.386 0.000
139.208333 139.250000 9 9   2247.543   2218.841   2275.020 0.000
139.250000 139.291667 9 9   2229.592   2204.711   2256.176 0.000
139.291667 139.333333 9 9   1980.051   1848.245   2151.343 0.000
139.333333 139.375000 9 9   2079.287   1904.314   2187.595 0.000
139.375000 139.416667 9 9   2222.142   2200.619   2251.550 0.000
139.416667 139.458333 9 9   2461.937   2268.995   2764.723 0.000
139.458333 139.500000 9 9   3635.167   3298.550   4087.540 0.000
139.500000 139.541667 9 9   3428.533   3203.283   3675.400 0.000
139.541667 139.583333 9 9   3324.340   2943.854   3662.220 0.000
139.583333 139.625000 9 9   4420.990   3932.130   4984.102 0.000
139.625000 139.666667 9 9   2637.879   1302.302   4216.055 0.000
139.666667 139.708333 9 9   1062.233    912.507   1401.581 0.000
139.708333 139.750000 9 9    880.341    871.838    894.325 0.000
139.750000 139.791667 9 9    900.586    882.555    918.204 0.000
139.791667 139.833333 9 9   1056.441    874.929   1357.000 0.000
139.833333 139.875000 9 9   1397.356   1384.548   1410.550 0.000
139.875000 139.916667 9 9   1482.385   1429.667   1533.456 0.000
139.916667 139.958333 9 9   1625.972   1548.017   1701.545 0.000
139.958333 140.000000 9 9   1874.168   1748.106   1969.496 0.000
140.000000 140.041667 9 9   2099.622   1975.808   2204.491 0.000
140.041667 140.083333 9 9   2206.593   2170.509   2277.057 0.000
140.083333 140.125000 9 9   2176.505   2130.301   2221.336 0.000
140.125000 140.166667 9 9   2322.552   2263.169   2378.156 0.000
140.166667 140.208333 9 9   2585.897   2501.129   2649.033 0.000
140.208333 140.250000 9 9   2657.912   2564.693   2752.742 0.000
140.250000 140.291667 9 9   2094.737   1684.043   2477.199 0.000
140.291667 140.333333 9 9   1770.231   1631.532   1880.947 0.000
140.333333 140.375000 9 9   1848.139   1683.521   1995.958 0.000
140.375000 140.416667 9 9   1915.212   1853.449   1982.134 0.000
140.416667 140.458333 9 9   2167.697   2139.588   2215.164 0.000
140.458333 140.500000 9 9   1862.025   1689.001   2012.889 0.000
140.500000 140.541667 9 9   1435.129   1327.795   1608.692 0.000
140.541667 140.583333 9 9   2238.510   1698.741   2756.936 0.000
140.583333 140.625000 9 9   2353.549   2016.854   2970.385 0.000
140.625000 140.666667 9 9   3527.864   2954.427   4179.716 0.000
140.666667 140.708333 9 9   6421.986   4140.605  11484.420 0.000
140.708333 140.750000 9 9  12018.700  11459.830  12466.600 0.000
140.750000 140.791667 9 9  10011.690   8059.290  11382.110 0.000
140.791667 140.833333 9 9   4709.136   3867.153   6402.592 0.000
140.833333 140.875000 9 9   3373.460   3242.307   3610.295 0.000
140.875000 140.916667 9 9   2666.585   2350.619   3091.373 0.000
140.916667 140.958333 9 9   2266.399   2088.158   2421.773 0.000
140.958333 141.000000 9 9   2197.045   2052.278   2433.127 0.000
141.000000 141.041667 9 9   2889.111   2653.472   3106.835 0.000
141.041667 141.083333 9 9   3277.253   3247.701   3310.578 0.000
141.083333 141.125000 9 9   3069.555   3001.905   3155.542 0.000
141.125000 141.166667 9 9   2900.422   2789.242   2972.127 0.000
141.166667 141.208333 9 9   2612.297   2536.358   2714.411 0.000
141.208333 141.250000 9 9   2230.190   2151.033   2349.223 0.000
141.250000 141.291667 9 9   1934.940   1720.961   2082.617 0.000
141.291667 141.333333 9 9   1767.530   1724.044   1811.831 0.000
141.333333 141.375000 9 9   1764.992   1719.931   1810.761 0.000
141.375000 141.416667 9 9   1506.576   1389.174   1646.338 0.000
141.416667 141.458333 9 9   1204.170   1147.598   1239.330 0.000
141.458333 141.500000 9 9   1035.107   1001.561   1070.346 0.000
141.500000 141.541667 9 9   1076.550   1032.694   1106.931 0.000
141.541667 141.583333 9 9    930.377    892.727    966.381 0.000
141.583333 141.625000 9 9    929.971    911.669    946.095 0.000
141.625000 141.666667 9 9    979.946    945.136   1025.369 0.000
141.666667 141.708333 9 9   1161.775   1040.216   1341.393 0.000
141.708333 141.750000 9 9   1681.111   1590.937   1781.494 0.000
141.750000 141.791667 9 9   3053.784   2187.599   4251.566 0.000
141.791667 141.833333 9 9   4032.747   3536.863   4499.718 0.000
141.833333 141.875000 9 9   3283.315   3174.649   3375.286 0.000
141.875000 141.916667 9 9   3215.515   2971.108   3417.599 0.000
141.916667 141.958333 9 9   3202.050   3032.609   3304.417 0.000
141.958333 142.000000 9 9   2890.326   2621.574   3090.022 0.000
142.000000 142.041667 9 9   2215.835   1846.277   2536.843 0.000
142.041667 142.083333 9 9   1651.522   1403.984   1932.007 0.000
142.083333 142.125000 9 9   1488.140   1170.822   1918.236 0.000
142.125000 142.166667 9 9   1321.077    951.674   1966.345 0.000
142.166667 142.208333 9 9   1123.050    992.034   1298.347 0.000
142.208333 142.250000 9 9   2546.310   1820.780   3003.549 0.000
142.250000 142.291667 9 9   2585.567   1869.756   4094.716 0.000
142.291667 142.333333 9 9   1540.360    807.683   3389.431 0.000
142.333333 142.375000 9 9    648.484    632.872    672.364 0.000
142.375000 142.416667 9 9    633.458    618.549    654.816 0.000
142.416667 142.458333 9 9    686.016    653.800    708.160 0.000
142.458333 142.500000 9 9    679.844    654.113    709.408 0.000
142.500000 142.541667 9 9    758.161    740.826    769.642 0.000
142.541667 142.583333 9 9    868.339    755.313   1002.801 0.000
142.583333 142.625000 9 9    907.427    836.597   1018.801 0.000
142.625000 142.666667 9 9    799.395    785.970    806.846 0.000
142.666667 142.708333 9 9    951.261    791.522   1121.307 0.000
142.708333 142.750000 9 9    955.275    898.843   1009.139 0.000
142.750000 142.791667 9 9    829.834    711.223    965.208 0.000
142.791667 142.833333 9 9    728.811    718.894    737.284 0.000
142.833333 142.875000 9 9    736.120    733.091    740.493 0.000
142.875000 142.916667 9 9    724.217    711.142    745.175 0.000
142.916667 142.958333 9 9   1240.860    747.186   2116.074 0.000
142.958333 143.000000 9 9   2626.958   2377.198   2875.131 0.000
143.000000 143.041667 9 9   2271.109   1819.002   2866.098 0.000
143.041667 143.083333 9 9   1006.687    743.845   1467.704 0.000
143.083333 143.125000 9 9    758.538    590.105    902.539 0.000
143.125000 143.166667 9 9    585.398    558.475    605.706 0.000
143.166667 143.208333 9 9    531.182    485.448    585.452 0.000
143.208333 143.250000 9 9    469.219    460.197    475.617 0.000
143.250000 143.291667 9 9    615.976    527.253    709.991 0.000
143.291667 143.333333 9 9    837.894    767.810    995.235 0.000
143.333333 143.375000 9 9   1321.200   1231.489   1451.033 0.000
143.375000 143.416667 9 9   1333.685   1235.442   1415.315 0.000
143.416667 143.458333 9 9    851.589    734.284   1022.888 0.000
143.458333 143.500000 9 9   1863.923    958.546   2852.537 0.000
143.500000 143.541667 9 9   4332.270   3637.366   4937.335 0.000
143.541667 143.583333 9 9   2730.915   2080.625   3137.206 0.000
