RRS/FI0023R.20090101000000.20181114115100.cpc.particle_number_concentration.pm10.1y.1h.FI03L_CPC_VAR_01.FI03L_CPC.lev2.nas
50 1001
Kulmala, Markku
FI03L, University of Helsinki, UHEL, Division of Atmospheric Sciences, PO BOX 64, , FI-00014, University of Helsinki, Finland
Aalto, Pasi
GAW-WDCA
1 1
2009 01 01 2018 11 14
0.041667
days from file reference point
7
1 1 1 1 1 1 1
999.999999 9 9 99999.999 99999.999 999999.999 9.999
end_time of measurement, days from the file reference point
pressure, hPa, Location=instrument internal, Matrix=instrument, Measurement uncertainty=
temperature, K, Location=instrument internal, Matrix=instrument, Measurement uncertainty=
particle_number_concentration, 1/cm3
particle_number_concentration, 1/cm3, Statistics=percentile:15.87
particle_number_concentration, 1/cm3, Statistics=percentile:84.13
numflag, no unit
0
29
Data definition:              EBAS_1.1
Set type code:                TU
Timezone:                     UTC
File name:                    FI0023R.20090101000000.20181114115100.cpc.particle_number_concentration.pm10.1y.1h.FI03L_CPC_VAR_01.FI03L_CPC.lev2.nas
File creation:                20200622170803
Startdate:                    20090101000000
Revision date:                20181114115100
Statistics:                   arithmetic mean
Data level:                   2
Period code:                  1y
Resolution code:              1h
Station code:                 FI0023R
Platform code:                FI0023S
Station name:                 V�rri�
Station latitude:             67.766667
Station longitude:            29.583333
Station altitude:             400.0 m
Regime:                       IMG
Component:                    particle_number_concentration
Unit:                         1/cm3
Matrix:                       pm10
Instrument type:              cpc
Laboratory code:              FI03L
Instrument name:              CPC_VAR_01
Method ref:                   FI03L_CPC
Measurement uncertainty:      5.0 %
Originator:                   Kulmala, Markku, , , , , , , , , 
Submitter:                    Aalto, Pasi, , , , , , , , , 
starttime endtime P T particle_number_concentration particle_number_concentration particle_number_concentration flag
[from data line 254]
 10.583333  10.625000 9 9   719.344   643.515    771.278 0.000
 10.625000  10.666667 9 9   805.854   786.112    827.482 0.000
 10.666667  10.708333 9 9   837.847   833.207    843.282 0.000
 10.708333  10.750000 9 9   815.900   809.531    823.197 0.000
 10.750000  10.791667 9 9   816.356   807.823    824.783 0.000
 10.791667  10.833333 9 9   816.043   803.017    832.246 0.000
 10.833333  10.875000 9 9   801.212   790.853    807.400 0.000
 10.875000  10.916667 9 9   754.303   736.391    773.809 0.000
 10.916667  10.958333 9 9   698.020   654.016    726.627 0.000
 10.958333  11.000000 9 9   610.125   574.045    644.943 0.000
 11.000000  11.041667 9 9   501.656   481.638    534.019 0.000
 11.041667  11.083333 9 9   495.143   474.442    520.705 0.000
 11.083333  11.125000 9 9   563.109   548.437    578.643 0.000
 11.125000  11.166667 9 9   579.521   569.703    589.934 0.000
 11.166667  11.208333 9 9   578.443   566.002    586.456 0.000
 11.208333  11.250000 9 9   524.267   493.949    562.250 0.000
 11.250000  11.291667 9 9   469.640   457.965    481.759 0.000
 11.291667  11.333333 9 9   323.215   257.703    395.970 0.000
 11.333333  11.375000 9 9   189.356   165.675    223.115 0.000
 11.375000  11.416667 9 9   286.908   137.095    569.322 0.000
 11.416667  11.458333 9 9   111.585   101.351    123.466 0.000
 11.458333  11.500000 9 9   124.948   112.271    139.102 0.000
 11.500000  11.541667 9 9   189.429   135.085    316.662 0.000
 11.541667  11.583333 9 9   180.270   122.536    353.045 0.000
 11.583333  11.625000 9 9   127.789   122.943    133.769 0.000
 11.625000  11.666667 9 9   145.651   139.231    156.117 0.000
 11.666667  11.708333 9 9   136.388   126.172    151.785 0.000
 11.708333  11.750000 9 9   161.429   159.159    165.303 0.000
 11.750000  11.791667 9 9   176.313   154.695    218.277 0.000
 11.791667  11.833333 9 9   183.902   157.773    213.695 0.000
 11.833333  11.875000 9 9    88.568    62.927    128.727 0.000
 11.875000  11.916667 9 9    61.638    60.451     63.161 0.000
 11.916667  11.958333 9 9    74.027    58.590    120.944 0.000
 11.958333  12.000000 9 9   116.843    92.294    146.237 0.000
 12.000000  12.041667 9 9   125.422   111.589    134.760 0.000
 12.041667  12.083333 9 9    98.035    94.292    101.705 0.000
 12.083333  12.125000 9 9   110.981   105.773    115.194 0.000
 12.125000  12.166667 9 9   107.033   102.855    111.392 0.000
 12.166667  12.208333 9 9   118.194   112.389    125.905 0.000
 12.208333  12.250000 9 9   122.063   119.314    125.221 0.000
 12.250000  12.291667 9 9   131.365   124.631    139.973 0.000
 12.291667  12.333333 9 9   136.915   134.284    140.756 0.000
 12.333333  12.375000 9 9   138.634   134.667    141.834 0.000
 12.375000  12.416667 9 9   149.190   146.108    153.953 0.000
 12.416667  12.458333 9 9   148.039   144.493    150.505 0.000
 12.458333  12.500000 9 9   148.668   143.800    153.366 0.000
 12.500000  12.541667 9 9   156.912   153.933    161.510 0.000
 12.541667  12.583333 9 9   151.699   148.288    156.014 0.000
 12.583333  12.625000 9 9   150.252   142.395    160.482 0.000
 12.625000  12.666667 9 9   139.338   132.734    145.382 0.000
 12.666667  12.708333 9 9   141.564   139.441    143.688 0.000
 12.708333  12.750000 9 9   131.014   115.543    147.673 0.000
 12.750000  12.791667 9 9   103.750    94.835    112.706 0.000
 12.791667  12.833333 9 9    89.931    88.593     90.905 0.000
 12.833333  12.875000 9 9    80.740    72.041     88.191 0.000
 12.875000  12.916667 9 9    69.632    68.479     70.507 0.000
 12.916667  12.958333 9 9    68.536    65.877     70.577 0.000
 12.958333  13.000000 9 9    66.906    66.725     67.361 0.000
 13.000000  13.041667 9 9    68.294    66.151     70.332 0.000
 13.041667  13.083333 9 9    73.408    70.607     75.077 0.000
 13.083333  13.125000 9 9    75.350    69.444     79.777 0.000
 13.125000  13.166667 9 9    76.168    75.580     76.648 0.000
 13.166667  13.208333 9 9    75.977    75.268     76.930 0.000
 13.208333  13.250000 9 9    74.666    73.853     75.067 0.000
 13.250000  13.291667 9 9    72.245    70.043     73.359 0.000
 13.291667  13.333333 9 9    70.745    67.587     72.081 0.000
 13.333333  13.375000 9 9    78.628    71.794     82.542 0.000
 13.375000  13.416667 9 9    75.453    69.887     84.873 0.000
 13.416667  13.458333 9 9    73.829    71.624     78.069 0.000
 13.458333  13.500000 9 9    85.559    79.399     96.983 0.000
 13.500000  13.541667 9 9    99.230    95.292    102.799 0.000
 13.541667  13.583333 9 9    99.123    95.000    105.736 0.000
 13.583333  13.625000 9 9   133.392   121.407    142.178 0.000
 13.625000  13.666667 9 9   135.750   133.014    139.874 0.000
 13.666667  13.708333 9 9   166.805   155.880    184.539 0.000
 13.708333  13.750000 9 9   151.905   143.070    161.381 0.000
 13.750000  13.791667 9 9   136.433   132.633    142.657 0.000
 13.791667  13.833333 9 9   138.277   135.300    141.452 0.000
 13.833333  13.875000 9 9   133.969   130.686    136.662 0.000
 13.875000  13.916667 9 9   138.889   126.674    153.650 0.000
 13.916667  13.958333 9 9   124.696   114.955    139.988 0.000
 13.958333  14.000000 9 9   127.962   112.209    142.298 0.000
 14.000000  14.041667 9 9    80.278    73.809     88.058 0.000
 14.041667  14.083333 9 9    79.489    76.239     82.938 0.000
 14.083333  14.125000 9 9    77.302    75.740     78.543 0.000
 14.125000  14.166667 9 9    76.462    72.947     80.028 0.000
 14.166667  14.208333 9 9    82.699    71.773    114.885 0.000
 14.208333  14.250000 9 9    55.928    48.727     67.633 0.000
 14.250000  14.291667 9 9    57.138    47.560     64.260 0.000
 14.291667  14.333333 9 9    59.268    51.005     63.092 0.000
 14.333333  14.375000 9 9    56.183    50.684     61.349 0.000
 14.375000  14.416667 9 9    84.502    57.025    138.538 0.000
 14.416667  14.458333 9 9    65.588    58.767     71.360 0.000
 14.458333  14.500000 9 9    67.364    58.845     93.692 0.000
 14.500000  14.541667 9 9    74.785    62.028     94.563 0.000
 14.541667  14.583333 9 9    66.059    64.487     67.800 0.000
 14.583333  14.625000 9 9    67.513    65.605     69.563 0.000
 14.625000  14.666667 9 9    80.737    71.873     86.558 0.000
 14.666667  14.708333 9 9    77.998    76.700     80.328 0.000
 14.708333  14.750000 9 9    82.103    79.965     85.322 0.000
 14.750000  14.791667 9 9   117.176   100.001    141.488 0.000
 14.791667  14.833333 9 9   151.939   138.334    160.680 0.000
 14.833333  14.875000 9 9   187.010   175.102    201.304 0.000
 14.875000  14.916667 9 9   202.547   194.769    209.688 0.000
 14.916667  14.958333 9 9   225.574   217.545    234.853 0.000
 14.958333  15.000000 9 9   219.230   216.041    223.024 0.000
 15.000000  15.041667 9 9   222.890   215.591    228.089 0.000
 15.041667  15.083333 9 9   222.141   214.972    230.271 0.000
 15.083333  15.125000 9 9   212.293   196.867    229.107 0.000
 15.125000  15.166667 9 9   194.646   186.905    202.432 0.000
 15.166667  15.208333 9 9   173.308   155.748    204.206 0.000
 15.208333  15.250000 9 9   165.413   152.695    180.162 0.000
 15.250000  15.291667 9 9   196.911   170.501    220.362 0.000
 15.291667  15.333333 9 9   191.213   179.360    212.137 0.000
 15.333333  15.375000 9 9   182.147   177.547    188.129 0.000
 15.375000  15.416667 9 9   150.036   139.739    161.313 0.000
 15.416667  15.458333 9 9   205.276   131.794    353.608 0.000
 15.458333  15.500000 9 9   212.576   185.685    246.845 0.000
 15.500000  15.541667 9 9   207.114   194.867    221.175 0.000
 15.541667  15.583333 9 9   194.560   179.260    207.137 0.000
 15.583333  15.625000 9 9   250.949   215.770    322.675 0.000
 15.625000  15.666667 9 9   228.093   203.427    264.151 0.000
 15.666667  15.708333 9 9   324.361   301.384    344.788 0.000
 15.708333  15.750000 9 9   341.430   327.588    358.675 0.000
 15.750000  15.791667 9 9   413.723   369.802    435.613 0.000
 15.791667  15.833333 9 9   444.432   430.778    461.976 0.000
 15.833333  15.875000 9 9   420.304   408.350    440.337 0.000
 15.875000  15.916667 9 9   527.875   464.514    607.718 0.000
 15.916667  15.958333 9 9   658.016   639.556    677.163 0.000
 15.958333  16.000000 9 9   797.495   720.781    846.406 0.000
 16.000000  16.041667 9 9   874.500   869.400    880.182 0.000
 16.041667  16.083333 9 9   865.506   858.392    876.342 0.000
 16.083333  16.125000 9 9   990.524   906.944   1085.919 0.000
 16.125000  16.166667 9 9  1129.086  1100.826   1162.108 0.000
 16.166667  16.208333 9 9  1382.085  1176.260   1523.761 0.000
 16.208333  16.250000 9 9  1525.857  1464.415   1585.809 0.000
 16.250000  16.291667 9 9  1694.664  1586.564   1787.708 0.000
 16.291667  16.333333 9 9  1509.528  1318.365   1782.438 0.000
 16.333333  16.375000 9 9  2045.263  1853.618   2170.312 0.000
 16.375000  16.416667 9 9  1293.604  1222.451   1390.126 0.000
 16.416667  16.458333 9 9   987.215   809.920   1204.612 0.000
 16.458333  16.500000 9 9  1004.521   833.496   1117.254 0.000
 16.500000  16.541667 9 9   839.450   683.034   1026.495 0.000
 16.541667  16.583333 9 9   502.517   415.335    603.475 0.000
 16.583333  16.625000 9 9   365.314   358.232    374.634 0.000
 16.625000  16.666667 9 9   413.752   387.199    434.080 0.000
 16.666667  16.708333 9 9   449.115   444.738    453.056 0.000
 16.708333  16.750000 9 9   466.379   449.941    478.149 0.000
 16.750000  16.791667 9 9   476.299   452.439    487.904 0.000
 16.791667  16.833333 9 9   420.806   411.363    429.079 0.000
 16.833333  16.875000 9 9   474.092   450.221    489.997 0.000
 16.875000  16.916667 9 9   471.525   466.841    480.308 0.000
 16.916667  16.958333 9 9   492.958   485.345    501.243 0.000
 16.958333  17.000000 9 9   493.235   488.893    496.840 0.000
 17.000000  17.041667 9 9   495.407   478.723    517.731 0.000
 17.041667  17.083333 9 9   559.120   539.754    576.343 0.000
 17.083333  17.125000 9 9   565.964   549.751    578.218 0.000
 17.125000  17.166667 9 9   522.246   514.575    530.430 0.000
 17.166667  17.208333 9 9   512.929   508.161    516.321 0.000
 17.208333  17.250000 9 9   507.887   498.111    517.725 0.000
 17.250000  17.291667 9 9   483.037   470.170    505.644 0.000
 17.291667  17.333333 9 9   498.691   478.695    511.914 0.000
 17.333333  17.375000 9 9   535.916   519.978    553.467 0.000
 17.375000  17.416667 9 9   608.356   595.300    627.888 0.000
 17.416667  17.458333 9 9   662.035   635.635    687.407 0.000
 17.458333  17.500000 9 9   732.302   705.389    760.137 0.000
 17.500000  17.541667 9 9   694.544   678.876    720.668 0.000
 17.541667  17.583333 9 9   644.028   630.434    662.190 0.000
 17.583333  17.625000 9 9   643.754   622.855    661.043 0.000
 17.625000  17.666667 9 9   588.408   570.750    606.615 0.000
 17.666667  17.708333 9 9   535.513   515.933    556.052 0.000
 17.708333  17.750000 9 9   437.080   392.567    484.926 0.000
 17.750000  17.791667 9 9   363.526   344.343    379.984 0.000
 17.791667  17.833333 9 9   329.597   320.251    342.745 0.000
 17.833333  17.875000 9 9   377.320   367.837    391.071 0.000
 17.875000  17.916667 9 9   513.405   443.257    577.243 0.000
 17.916667  17.958333 9 9   592.277   578.914    600.347 0.000
 17.958333  18.000000 9 9   568.208   562.872    572.920 0.000
 18.000000  18.041667 9 9   537.453   520.027    554.784 0.000
 18.041667  18.083333 9 9   501.828   485.230    517.942 0.000
 18.083333  18.125000 9 9   486.707   436.505    536.548 0.000
 18.125000  18.166667 9 9   401.122   388.035    413.924 0.000
 18.166667  18.208333 9 9   364.384   346.276    379.393 0.000
 18.208333  18.250000 9 9   306.243   278.570    333.122 0.000
 18.250000  18.291667 9 9   269.225   267.402    271.182 0.000
 18.291667  18.333333 9 9   294.246   275.401    304.724 0.000
 18.333333  18.375000 9 9   319.583   306.865    342.011 0.000
 18.375000  18.416667 9 9   850.167   340.505   1373.617 0.000
 18.416667  18.458333 9 9   510.590   402.281    738.513 0.000
 18.458333  18.500000 9 9   491.261   426.202    625.911 0.000
 18.500000  18.541667 9 9   457.350   437.184    488.608 0.000
 18.541667  18.583333 9 9   433.784   427.842    438.649 0.000
 18.583333  18.625000 9 9   413.358   405.471    423.685 0.000
 18.625000  18.666667 9 9   403.684   371.471    445.300 0.000
 18.666667  18.708333 9 9   397.769   343.802    451.494 0.000
 18.708333  18.750000 9 9   327.755   322.478    333.719 0.000
 18.750000  18.791667 9 9   323.239   320.271    327.338 0.000
 18.791667  18.833333 9 9   298.701   294.066    302.117 0.000
 18.833333  18.875000 9 9   320.680   301.403    341.596 0.000
 18.875000  18.916667 9 9   329.337   307.966    352.312 0.000
 18.916667  18.958333 9 9   270.999   246.231    297.018 0.000
 18.958333  19.000000 9 9   269.019   264.064    276.294 0.000
 19.000000  19.041667 9 9   276.974   262.015    284.193 0.000
 19.041667  19.083333 9 9   243.207   233.082    256.605 0.000
 19.083333  19.125000 9 9   215.563   206.934    225.233 0.000
 19.125000  19.166667 9 9   214.766   208.305    217.703 0.000
 19.166667  19.208333 9 9   218.712   215.836    221.240 0.000
 19.208333  19.250000 9 9   194.871   150.434    238.391 0.000
 19.250000  19.291667 9 9   100.473    89.850    125.193 0.000
 19.291667  19.333333 9 9    94.727    89.075     98.449 0.000
 19.333333  19.375000 9 9   119.679   100.722    143.647 0.000
 19.375000  19.416667 9 9   178.454   157.641    202.285 0.000
 19.416667  19.458333 9 9   304.675   236.124    331.505 0.000
 19.458333  19.500000 9 9   404.453   312.759    514.973 0.000
 19.500000  19.541667 9 9   392.210   362.470    443.596 0.000
 19.541667  19.583333 9 9   495.156   478.624    516.909 0.000
 19.583333  19.625000 9 9   572.826   530.332    631.097 0.000
 19.625000  19.666667 9 9   566.722   557.467    576.502 0.000
 19.666667  19.708333 9 9   586.629   580.646    592.946 0.000
 19.708333  19.750000 9 9   580.238   574.725    588.137 0.000
 19.750000  19.791667 9 9   580.962   568.978    596.733 0.000
 19.791667  19.833333 9 9   616.392   606.279    627.849 0.000
 19.833333  19.875000 9 9   579.495   564.841    595.470 0.000
 19.875000  19.916667 9 9   531.979   511.124    550.708 0.000
 19.916667  19.958333 9 9   459.481   437.169    487.497 0.000
 19.958333  20.000000 9 9   417.593   412.093    425.439 0.000
 20.000000  20.041667 9 9   412.375   407.186    417.065 0.000
 20.041667  20.083333 9 9   494.484   418.905    588.319 0.000
 20.083333  20.125000 9 9   624.714   593.100    641.525 0.000
 20.125000  20.166667 9 9   679.843   637.171    724.707 0.000
 20.166667  20.208333 9 9   764.214   750.249    782.270 0.000
 20.208333  20.250000 9 9   801.655   792.914    808.723 0.000
 20.250000  20.291667 9 9   785.552   772.808    799.125 0.000
 20.291667  20.333333 9 9   731.981   713.239    756.191 0.000
 20.333333  20.375000 9 9   682.625   666.125    702.495 0.000
 20.375000  20.416667 9 9   699.787   670.768    732.691 0.000
 20.416667  20.458333 9 9   771.626   762.831    781.800 0.000
 20.458333  20.500000 9 9   823.570   792.278    858.224 0.000
 20.500000  20.541667 9 9   864.294   853.913    875.950 0.000
 20.541667  20.583333 9 9   881.022   837.868    914.878 0.000
 20.583333  20.625000 9 9   812.293   771.771    866.869 0.000
 20.625000  20.666667 9 9   753.919   750.935    757.391 0.000
 20.666667  20.708333 9 9   758.644   753.180    764.220 0.000
 20.708333  20.750000 9 9   779.627   768.601    790.586 0.000
 20.750000  20.791667 9 9   802.163   775.388    842.512 0.000
 20.791667  20.833333 9 9   904.581   879.442    919.414 0.000
 20.833333  20.875000 9 9   925.963   919.012    931.335 0.000
 20.875000  20.916667 9 9   905.010   899.102    911.064 0.000
 20.916667  20.958333 9 9   877.607   868.178    894.355 0.000
 20.958333  21.000000 9 9   838.765   818.978    855.041 0.000
 21.000000  21.041667 9 9   817.095   808.754    825.503 0.000
 21.041667  21.083333 9 9   786.518   772.035    802.747 0.000
 21.083333  21.125000 9 9   781.952   762.504    804.377 0.000
