RRS/FI0023R.20060101000000.20181114115100.cpc.particle_number_concentration.pm10.1y.1h.FI03L_CPC_VAR_01.FI03L_CPC.lev2.nas
50 1001
Kulmala, Markku
FI03L, University of Helsinki, UHEL, Division of Atmospheric Sciences, PO BOX 64, , FI-00014, University of Helsinki, Finland
Aalto, Pasi
GAW-WDCA
1 1
2006 01 01 2018 11 14
0.041667
days from file reference point
7
1 1 1 1 1 1 1
999.999999 9 9 999999.999 999999.999 999999.999 9.999
end_time of measurement, days from the file reference point
pressure, hPa, Location=instrument internal, Matrix=instrument, Measurement uncertainty=
temperature, K, Location=instrument internal, Matrix=instrument, Measurement uncertainty=
particle_number_concentration, 1/cm3
particle_number_concentration, 1/cm3, Statistics=percentile:15.87
particle_number_concentration, 1/cm3, Statistics=percentile:84.13
numflag, no unit
0
29
Data definition:              EBAS_1.1
Set type code:                TU
Timezone:                     UTC
File name:                    FI0023R.20060101000000.20181114115100.cpc.particle_number_concentration.pm10.1y.1h.FI03L_CPC_VAR_01.FI03L_CPC.lev2.nas
File creation:                20200622170800
Startdate:                    20060101000000
Revision date:                20181114115100
Statistics:                   arithmetic mean
Data level:                   2
Period code:                  1y
Resolution code:              1h
Station code:                 FI0023R
Platform code:                FI0023S
Station name:                 V�rri�
Station latitude:             67.766667
Station longitude:            29.583333
Station altitude:             400.0 m
Regime:                       IMG
Component:                    particle_number_concentration
Unit:                         1/cm3
Matrix:                       pm10
Instrument type:              cpc
Laboratory code:              FI03L
Instrument name:              CPC_VAR_01
Method ref:                   FI03L_CPC
Measurement uncertainty:      5.0 %
Originator:                   Kulmala, Markku, , , , , , , , , 
Submitter:                    Aalto, Pasi, , , , , , , , , 
starttime endtime P T particle_number_concentration particle_number_concentration particle_number_concentration flag
[from data line 3939]
164.125000 164.166667 9 9 999999.999 999999.999 999999.999 0.999
164.166667 164.208333 9 9 999999.999 999999.999 999999.999 0.999
164.208333 164.250000 9 9 999999.999 999999.999 999999.999 0.999
164.250000 164.291667 9 9 999999.999 999999.999 999999.999 0.999
164.291667 164.333333 9 9   1615.085   1556.273   1686.517 0.000
164.333333 164.375000 9 9   1514.842 999999.999 999999.999 0.000
164.375000 164.416667 9 9   1582.232   1532.865   1622.201 0.000
164.416667 164.458333 9 9   1589.649   1556.700   1622.779 0.000
164.458333 164.500000 9 9   1667.046   1604.483   1711.112 0.000
164.500000 164.541667 9 9   1811.347   1720.402   1863.166 0.000
164.541667 164.583333 9 9   1727.932   1671.014   1777.566 0.000
164.583333 164.625000 9 9   2105.943   1853.003   2306.404 0.000
164.625000 164.666667 9 9   2237.371   2161.070   2308.698 0.000
164.666667 164.708333 9 9   2297.244   2176.047   2376.728 0.000
164.708333 164.750000 9 9 999999.999 999999.999 999999.999 0.999
164.750000 164.791667 9 9 999999.999 999999.999 999999.999 0.999
164.791667 164.833333 9 9 999999.999 999999.999 999999.999 0.999
164.833333 164.875000 9 9 999999.999 999999.999 999999.999 0.999
164.875000 164.916667 9 9 999999.999 999999.999 999999.999 0.999
164.916667 164.958333 9 9 999999.999 999999.999 999999.999 0.999
164.958333 165.000000 9 9 999999.999 999999.999 999999.999 0.999
165.000000 165.041667 9 9 999999.999 999999.999 999999.999 0.999
165.041667 165.083333 9 9 999999.999 999999.999 999999.999 0.999
165.083333 165.125000 9 9 999999.999 999999.999 999999.999 0.999
165.125000 165.166667 9 9 999999.999 999999.999 999999.999 0.999
165.166667 165.208333 9 9 999999.999 999999.999 999999.999 0.999
165.208333 165.250000 9 9 999999.999 999999.999 999999.999 0.999
165.250000 165.291667 9 9 999999.999 999999.999 999999.999 0.999
165.291667 165.333333 9 9   2468.802   2242.071   3016.964 0.000
165.333333 165.375000 9 9   2387.832   2238.453   2525.887 0.000
165.375000 165.416667 9 9   2691.938   2561.213   2886.083 0.000
165.416667 165.458333 9 9   2044.535   1801.333   2391.413 0.000
165.458333 165.500000 9 9   3198.561   1988.957   4834.612 0.000
165.500000 165.541667 9 9   5433.122   5188.192   5612.421 0.000
165.541667 165.583333 9 9   5503.370   5004.816   6017.635 0.000
165.583333 165.625000 9 9   6511.395   5874.736   7080.148 0.000
165.625000 165.666667 9 9   5528.627   5324.209   5642.621 0.000
165.666667 165.708333 9 9   4721.924   4519.917   4932.718 0.000
165.708333 165.750000 9 9   4708.338   4550.517   4834.514 0.000
165.750000 165.791667 9 9   4821.549   4689.257   4983.466 0.000
165.791667 165.833333 9 9   4710.190   4375.533   5096.633 0.000
165.833333 165.875000 9 9   5831.589   5155.518   6480.573 0.000
165.875000 165.916667 9 9   6827.450   6710.814   6915.688 0.000
165.916667 165.958333 9 9   6656.235   6432.472   6827.576 0.000
165.958333 166.000000 9 9   6006.713   5793.871   6250.102 0.000
166.000000 166.041667 9 9   5482.421   5213.344   5645.755 0.000
166.041667 166.083333 9 9   4548.019   4036.521   4966.959 0.000
166.083333 166.125000 9 9   3666.505   3509.291   3805.699 0.000
166.125000 166.166667 9 9   3321.556   3138.241   3548.802 0.000
166.166667 166.208333 9 9   2701.704   2447.650   3020.965 0.000
166.208333 166.250000 9 9   2008.594   1912.374   2170.520 0.000
166.250000 166.291667 9 9   1997.973   1784.611   2363.731 0.000
166.291667 166.333333 9 9   4090.083   2531.100   5175.079 0.000
166.333333 166.375000 9 9   5144.096   4825.163   5501.983 0.000
166.375000 166.416667 9 9   5235.035   4899.844   5642.994 0.000
166.416667 166.458333 9 9   4805.336   4455.724   5031.313 0.000
166.458333 166.500000 9 9   4745.109   4541.375   4885.983 0.000
166.500000 166.541667 9 9   4692.530   4302.888   4882.840 0.000
166.541667 166.583333 9 9   5387.995   4990.949   5664.584 0.000
166.583333 166.625000 9 9   5322.324   5062.301   5579.508 0.000
166.625000 166.666667 9 9   4480.278   3946.517   5055.829 0.000
166.666667 166.708333 9 9   4316.268   4102.182   4592.415 0.000
166.708333 166.750000 9 9   4116.392   4031.424   4219.391 0.000
166.750000 166.791667 9 9   4429.347   4274.835   4636.027 0.000
166.791667 166.833333 9 9   3951.877   3752.079   4136.389 0.000
166.833333 166.875000 9 9   4051.633   3938.468   4128.164 0.000
166.875000 166.916667 9 9   3387.408   2919.299   3813.495 0.000
166.916667 166.958333 9 9   2524.148   2368.460   2706.068 0.000
166.958333 167.000000 9 9   2244.867   2223.075   2274.692 0.000
167.000000 167.041667 9 9   2381.345   2236.909   2584.112 0.000
167.041667 167.083333 9 9   2997.834   2810.908   3194.277 0.000
167.083333 167.125000 9 9   3332.351   3268.194   3488.604 0.000
167.125000 167.166667 9 9   3633.792   3579.275   3685.683 0.000
167.166667 167.208333 9 9   3593.279   3539.211   3644.182 0.000
167.208333 167.250000 9 9   3520.905   3461.902   3558.542 0.000
167.250000 167.291667 9 9   3437.280   3284.665   3745.760 0.000
167.291667 167.333333 9 9   3841.265   3792.367   3894.193 0.000
167.333333 167.375000 9 9   3613.946   3413.828   3765.833 0.000
167.375000 167.416667 9 9   3814.253   3574.087   3963.689 0.000
167.416667 167.458333 9 9   2941.700   2836.465   2990.708 0.000
167.458333 167.500000 9 9   2857.096   2815.309   2906.039 0.000
167.500000 167.541667 9 9   2367.295   2093.589   2560.945 0.000
167.541667 167.583333 9 9   2447.744   2395.824   2503.198 0.000
167.583333 167.625000 9 9   2573.503   2392.203   2673.409 0.000
167.625000 167.666667 9 9   2435.078   2408.204   2487.752 0.000
167.666667 167.708333 9 9   1986.876   1623.865   2236.778 0.000
167.708333 167.750000 9 9   1608.362   1581.474   1636.594 0.000
167.750000 167.791667 9 9   1636.942   1612.609   1635.787 0.000
167.791667 167.833333 9 9   1917.311   1840.396   2041.907 0.000
167.833333 167.875000 9 9   1338.370   1257.653   1475.674 0.000
167.875000 167.916667 9 9   1188.838   1155.460   1231.487 0.000
167.916667 167.958333 9 9   1428.748   1263.157   1608.800 0.000
167.958333 168.000000 9 9   1669.186   1640.706   1731.408 0.000
168.000000 168.041667 9 9   1608.175   1390.117   1805.361 0.000
168.041667 168.083333 9 9   1164.311   1069.419   1252.772 0.000
168.083333 168.125000 9 9   1044.698   1010.145   1076.970 0.000
168.125000 168.166667 9 9    978.851    966.471    990.675 0.000
168.166667 168.208333 9 9    979.142    967.074    989.146 0.000
168.208333 168.250000 9 9    947.268    922.889    975.231 0.000
168.250000 168.291667 9 9    872.771    847.740    931.521 0.000
168.291667 168.333333 9 9    905.081    869.592    928.032 0.000
168.333333 168.375000 9 9    999.082    899.408   1146.307 0.000
168.375000 168.416667 9 9   1282.903   1143.622   1500.671 0.000
168.416667 168.458333 9 9   1084.996    990.391   1165.059 0.000
168.458333 168.500000 9 9   1201.306   1075.439   1322.553 0.000
168.500000 168.541667 9 9   1323.902   1281.340   1369.220 0.000
168.541667 168.583333 9 9   1415.636   1315.622   1531.303 0.000
168.583333 168.625000 9 9   1724.681   1614.324   1882.370 0.000
168.625000 168.666667 9 9   1808.138   1536.907   1928.071 0.000
168.666667 168.708333 9 9   1407.196   1339.626   1514.010 0.000
168.708333 168.750000 9 9   1583.922   1553.525   1609.605 0.000
168.750000 168.791667 9 9   1526.982   1447.504   1611.660 0.000
168.791667 168.833333 9 9   1475.206   1444.840   1513.356 0.000
168.833333 168.875000 9 9   1563.385   1546.224   1582.201 0.000
168.875000 168.916667 9 9   1576.979   1558.060   1598.192 0.000
168.916667 168.958333 9 9   1574.386   1555.580   1601.323 0.000
168.958333 169.000000 9 9   1780.529   1681.543   1872.040 0.000
169.000000 169.041667 9 9   2450.685   1873.063   3115.810 0.000
169.041667 169.083333 9 9   4228.191   2958.060   6477.660 0.000
169.083333 169.125000 9 9   2765.589   2480.986   3189.839 0.000
169.125000 169.166667 9 9   2264.339   2213.090   2387.101 0.000
169.166667 169.208333 9 9   2294.726   2273.898   2318.389 0.000
169.208333 169.250000 9 9   2306.009   2221.802   2355.788 0.000
169.250000 169.291667 9 9   2828.355   2179.075   3453.692 0.000
169.291667 169.333333 9 9   3106.415   2868.027   3385.390 0.000
169.333333 169.375000 9 9   2898.792   2879.521   2930.869 0.000
169.375000 169.416667 9 9   2946.417   2934.632   2961.915 0.000
169.416667 169.458333 9 9   2772.747   2578.265   3009.516 0.000
169.458333 169.500000 9 9   3059.579   2929.508   3132.728 0.000
169.500000 169.541667 9 9   3326.938   3028.243   3627.661 0.000
169.541667 169.583333 9 9   2154.442   1835.178   2553.947 0.000
169.583333 169.625000 9 9 999999.999 999999.999 999999.999 0.999
169.625000 169.666667 9 9 999999.999 999999.999 999999.999 0.999
169.666667 169.708333 9 9 999999.999 999999.999 999999.999 0.999
169.708333 169.750000 9 9 999999.999 999999.999 999999.999 0.999
169.750000 169.791667 9 9 999999.999 999999.999 999999.999 0.999
169.791667 169.833333 9 9 999999.999 999999.999 999999.999 0.999
169.833333 169.875000 9 9 999999.999 999999.999 999999.999 0.999
169.875000 169.916667 9 9 999999.999 999999.999 999999.999 0.999
169.916667 169.958333 9 9 999999.999 999999.999 999999.999 0.999
169.958333 170.000000 9 9 999999.999 999999.999 999999.999 0.999
170.000000 170.041667 9 9 999999.999 999999.999 999999.999 0.999
170.041667 170.083333 9 9 999999.999 999999.999 999999.999 0.999
170.083333 170.125000 9 9 999999.999 999999.999 999999.999 0.999
170.125000 170.166667 9 9 999999.999 999999.999 999999.999 0.999
170.166667 170.208333 9 9 999999.999 999999.999 999999.999 0.999
170.208333 170.250000 9 9 999999.999 999999.999 999999.999 0.999
170.250000 170.291667 9 9   2186.760   2151.455   2234.535 0.000
170.291667 170.333333 9 9   2120.045   1872.787   2264.608 0.000
170.333333 170.375000 9 9   1514.285   1439.942   1668.496 0.000
170.375000 170.416667 9 9   1394.477   1353.318   1427.665 0.000
170.416667 170.458333 9 9   1411.774   1384.729   1455.368 0.000
170.458333 170.500000 9 9   1507.400   1452.808   1615.455 0.000
170.500000 170.541667 9 9   1718.533   1649.059   1848.603 0.000
170.541667 170.583333 9 9   2099.754   1979.075   2249.450 0.000
170.583333 170.625000 9 9   2259.460   2204.212   2322.828 0.000
170.625000 170.666667 9 9   2358.888   2214.844   2585.620 0.000
170.666667 170.708333 9 9   2112.321   1167.454   2586.893 0.000
170.708333 170.750000 9 9    900.664    864.926    956.839 0.000
170.750000 170.791667 9 9    963.406    940.250    992.535 0.000
170.791667 170.833333 9 9 999999.999 999999.999 999999.999 0.999
170.833333 170.875000 9 9 999999.999 999999.999 999999.999 0.999
170.875000 170.916667 9 9 999999.999 999999.999 999999.999 0.999
170.916667 170.958333 9 9 999999.999 999999.999 999999.999 0.999
170.958333 171.000000 9 9 999999.999 999999.999 999999.999 0.999
171.000000 171.041667 9 9 999999.999 999999.999 999999.999 0.999
171.041667 171.083333 9 9 999999.999 999999.999 999999.999 0.999
171.083333 171.125000 9 9 999999.999 999999.999 999999.999 0.999
171.125000 171.166667 9 9 999999.999 999999.999 999999.999 0.999
171.166667 171.208333 9 9 999999.999 999999.999 999999.999 0.999
171.208333 171.250000 9 9 999999.999 999999.999 999999.999 0.999
171.250000 171.291667 9 9 999999.999 999999.999 999999.999 0.999
171.291667 171.333333 9 9 999999.999 999999.999 999999.999 0.999
171.333333 171.375000 9 9 999999.999 999999.999 999999.999 0.999
171.375000 171.416667 9 9 999999.999 999999.999 999999.999 0.999
171.416667 171.458333 9 9   1714.700   1696.207   1746.967 0.000
171.458333 171.500000 9 9 999999.999 999999.999 999999.999 0.999
171.500000 171.541667 9 9 999999.999 999999.999 999999.999 0.999
171.541667 171.583333 9 9 999999.999 999999.999 999999.999 0.999
171.583333 171.625000 9 9 999999.999 999999.999 999999.999 0.999
171.625000 171.666667 9 9 999999.999 999999.999 999999.999 0.999
171.666667 171.708333 9 9   2866.530   2718.484   3071.753 0.000
171.708333 171.750000 9 9   3031.226   2731.693   3245.337 0.000
171.750000 171.791667 9 9   4406.585   3791.175   5139.179 0.000
171.791667 171.833333 9 9   3975.514   3380.158   4429.559 0.000
171.833333 171.875000 9 9   2200.005   1856.163   2594.168 0.000
171.875000 171.916667 9 9   2573.231   2341.626   2942.825 0.000
171.916667 171.958333 9 9   2284.150   2202.894   2338.546 0.000
171.958333 172.000000 9 9   2107.023   2017.992   2252.507 0.000
172.000000 172.041667 9 9   1970.501   1939.661   2022.488 0.000
172.041667 172.083333 9 9   1920.062   1889.644   1952.268 0.000
172.083333 172.125000 9 9   1932.405   1896.413   1963.369 0.000
172.125000 172.166667 9 9   1933.630   1907.199   1957.479 0.000
172.166667 172.208333 9 9   2024.184   1964.696   2063.388 0.000
172.208333 172.250000 9 9   2061.478   2045.732   2075.806 0.000
172.250000 172.291667 9 9   2013.902   1967.049   2050.379 0.000
172.291667 172.333333 9 9   1895.781   1839.827   1940.136 0.000
172.333333 172.375000 9 9   1835.506   1776.086   1868.713 0.000
172.375000 172.416667 9 9   1843.939   1798.614   1892.756 0.000
172.416667 172.458333 9 9   2007.021   1957.437   2058.943 0.000
172.458333 172.500000 9 9   2094.174   2079.990   2108.542 0.000
172.500000 172.541667 9 9   2015.783   1979.715   2037.930 0.000
172.541667 172.583333 9 9   1798.999   1244.059   2049.252 0.000
172.583333 172.625000 9 9   1730.140   1649.605   1797.810 0.000
172.625000 172.666667 9 9   1709.700   1623.630   1800.892 0.000
172.666667 172.708333 9 9   1971.715   1888.655   2024.774 0.000
172.708333 172.750000 9 9   2096.838   1940.293   2212.118 0.000
172.750000 172.791667 9 9   1551.786   1486.711   1643.483 0.000
172.791667 172.833333 9 9   1994.254   1536.472   2694.716 0.000
172.833333 172.875000 9 9   2207.323   1915.522   2751.882 0.000
172.875000 172.916667 9 9   1721.225   1562.422   1961.037 0.000
172.916667 172.958333 9 9   1740.207   1658.917   1816.168 0.000
172.958333 173.000000 9 9   1708.803   1676.277   1749.147 0.000
173.000000 173.041667 9 9   1703.916   1655.712   1764.066 0.000
173.041667 173.083333 9 9   1633.972   1611.247   1676.066 0.000
173.083333 173.125000 9 9   1578.314   1565.904   1601.385 0.000
173.125000 173.166667 9 9   1559.138   1550.115   1579.227 0.000
173.166667 173.208333 9 9   1620.976   1577.319   1691.656 0.000
173.208333 173.250000 9 9   1738.522   1679.225   1822.999 0.000
173.250000 173.291667 9 9   1638.500   1602.456   1667.253 0.000
173.291667 173.333333 9 9   1609.363   1593.515   1623.541 0.000
173.333333 173.375000 9 9   1453.279   1368.851   1552.308 0.000
173.375000 173.416667 9 9   1414.712   1359.062   1476.083 0.000
173.416667 173.458333 9 9   1490.004   1471.432   1507.740 0.000
173.458333 173.500000 9 9   1523.059   1493.793   1570.331 0.000
173.500000 173.541667 9 9   1626.697   1528.395   1751.165 0.000
173.541667 173.583333 9 9   1704.370   1563.196   1849.474 0.000
173.583333 173.625000 9 9   2211.424   1992.287   2424.136 0.000
173.625000 173.666667 9 9   2549.784   2493.279   2589.882 0.000
173.666667 173.708333 9 9   2471.409   2375.217   2654.030 0.000
173.708333 173.750000 9 9   2144.590   2062.651   2337.116 0.000
173.750000 173.791667 9 9   2062.151   2052.025   2077.126 0.000
173.791667 173.833333 9 9   2111.197   2074.694   2164.699 0.000
173.833333 173.875000 9 9   2267.164   2201.235   2297.647 0.000
173.875000 173.916667 9 9   2397.647   2299.507   2503.852 0.000
173.916667 173.958333 9 9   3231.305   2845.157   3385.642 0.000
173.958333 174.000000 9 9   3103.770   2964.821   3225.951 0.000
174.000000 174.041667 9 9   2464.608   2173.655   2842.663 0.000
174.041667 174.083333 9 9   1923.367   1843.410   2023.221 0.000
174.083333 174.125000 9 9   1954.823   1856.813   2073.573 0.000
174.125000 174.166667 9 9   2163.176   2104.623   2213.135 0.000
174.166667 174.208333 9 9   2131.888   2059.266   2206.378 0.000
174.208333 174.250000 9 9   2204.046   2187.894   2226.023 0.000
174.250000 174.291667 9 9   2155.047   2123.264   2170.369 0.000
174.291667 174.333333 9 9   2176.724   2126.555   2246.262 0.000
