RRS/FI0023R.20100101000000.20181114115100.cpc.particle_number_concentration.pm10.1y.1h.FI03L_CPC_VAR_01.FI03L_CPC.lev2.nas
50 1001
Kulmala, Markku
FI03L, University of Helsinki, UHEL, Division of Atmospheric Sciences, PO BOX 64, , FI-00014, University of Helsinki, Finland
Aalto, Pasi
GAW-WDCA
1 1
2010 01 01 2018 11 14
0.041667
days from file reference point
7
1 1 1 1 1 1 1
999.999999 9 9 999999.999 99999.999 999999.999 9.999
end_time of measurement, days from the file reference point
pressure, hPa, Location=instrument internal, Matrix=instrument, Measurement uncertainty=
temperature, K, Location=instrument internal, Matrix=instrument, Measurement uncertainty=
particle_number_concentration, 1/cm3
particle_number_concentration, 1/cm3, Statistics=percentile:15.87
particle_number_concentration, 1/cm3, Statistics=percentile:84.13
numflag, no unit
0
29
Data definition:              EBAS_1.1
Set type code:                TU
Timezone:                     UTC
File name:                    FI0023R.20100101000000.20181114115100.cpc.particle_number_concentration.pm10.1y.1h.FI03L_CPC_VAR_01.FI03L_CPC.lev2.nas
File creation:                20200622170804
Startdate:                    20100101000000
Revision date:                20181114115100
Statistics:                   arithmetic mean
Data level:                   2
Period code:                  1y
Resolution code:              1h
Station code:                 FI0023R
Platform code:                FI0023S
Station name:                 V�rri�
Station latitude:             67.766667
Station longitude:            29.583333
Station altitude:             400.0 m
Regime:                       IMG
Component:                    particle_number_concentration
Unit:                         1/cm3
Matrix:                       pm10
Instrument type:              cpc
Laboratory code:              FI03L
Instrument name:              CPC_VAR_01
Method ref:                   FI03L_CPC
Measurement uncertainty:      5.0 %
Originator:                   Kulmala, Markku, , , , , , , , , 
Submitter:                    Aalto, Pasi, , , , , , , , , 
starttime endtime P T particle_number_concentration particle_number_concentration particle_number_concentration flag
[from data line 1001]
 41.708333  41.750000 9 9    783.625   775.255    789.655 0.000
 41.750000  41.791667 9 9    788.922   782.517    794.263 0.000
 41.791667  41.833333 9 9    813.291   785.973    863.923 0.000
 41.833333  41.875000 9 9    951.252   888.611    985.508 0.000
 41.875000  41.916667 9 9   1091.041  1040.411   1139.169 0.000
 41.916667  41.958333 9 9   1193.913  1177.600   1209.398 0.000
 41.958333  42.000000 9 9   1232.119  1202.911   1256.011 0.000
 42.000000  42.041667 9 9   1247.806  1237.700   1258.404 0.000
 42.041667  42.083333 9 9   1228.265  1213.279   1242.616 0.000
 42.083333  42.125000 9 9   1164.992  1126.270   1203.668 0.000
 42.125000  42.166667 9 9   1094.829  1079.488   1112.056 0.000
 42.166667  42.208333 9 9   1055.090  1025.151   1074.443 0.000
 42.208333  42.250000 9 9   1011.317  1005.130   1017.156 0.000
 42.250000  42.291667 9 9   1008.528  1002.612   1012.902 0.000
 42.291667  42.333333 9 9   1002.799   992.398   1008.560 0.000
 42.333333  42.375000 9 9    989.702   975.759   1000.008 0.000
 42.375000  42.416667 9 9    922.707   895.699    954.072 0.000
 42.416667  42.458333 9 9    813.091   758.252    867.587 0.000
 42.458333  42.500000 9 9    709.394   672.767    743.164 0.000
 42.500000  42.541667 9 9    651.274   622.426    676.251 0.000
 42.541667  42.583333 9 9    618.196   594.942    640.054 0.000
 42.583333  42.625000 9 9    559.472   528.373    584.845 0.000
 42.625000  42.666667 9 9    546.684   518.662    570.884 0.000
 42.666667  42.708333 9 9    564.605   552.007    578.726 0.000
 42.708333  42.750000 9 9    578.930   572.907    584.638 0.000
 42.750000  42.791667 9 9    589.597   575.558    601.504 0.000
 42.791667  42.833333 9 9    596.529   591.899    601.401 0.000
 42.833333  42.875000 9 9    591.715   588.086    595.859 0.000
 42.875000  42.916667 9 9    567.537   559.345    574.250 0.000
 42.916667  42.958333 9 9    622.866   592.074    651.657 0.000
 42.958333  43.000000 9 9    696.766   668.865    728.951 0.000
 43.000000  43.041667 9 9    810.278   760.548    856.851 0.000
 43.041667  43.083333 9 9    922.030   897.629    946.009 0.000
 43.083333  43.125000 9 9    911.279   900.721    920.812 0.000
 43.125000  43.166667 9 9    872.039   847.929    895.804 0.000
 43.166667  43.208333 9 9    866.180   846.673    884.663 0.000
 43.208333  43.250000 9 9    861.817   827.599    895.251 0.000
 43.250000  43.291667 9 9    733.128   694.967    782.232 0.000
 43.291667  43.333333 9 9    682.239   659.250    702.490 0.000
 43.333333  43.375000 9 9    612.174   596.609    632.440 0.000
 43.375000  43.416667 9 9    605.761   592.864    617.153 0.000
 43.416667  43.458333 9 9    598.472   586.891    611.466 0.000
 43.458333  43.500000 9 9    625.983   575.679    589.619 0.000
 43.500000  43.541667 9 9    582.179   575.229    593.370 0.000
 43.541667  43.583333 9 9    532.616   517.538    546.317 0.000
 43.583333  43.625000 9 9    495.004   486.044    503.394 0.000
 43.625000  43.666667 9 9    472.408   465.797    480.844 0.000
 43.666667  43.708333 9 9    449.202   443.201    456.025 0.000
 43.708333  43.750000 9 9    438.988   434.173    443.216 0.000
 43.750000  43.791667 9 9    495.870   449.863    547.349 0.000
 43.791667  43.833333 9 9    597.473   581.095    613.017 0.000
 43.833333  43.875000 9 9    624.885   617.363    632.474 0.000
 43.875000  43.916667 9 9    634.969   629.423    639.668 0.000
 43.916667  43.958333 9 9    625.003   615.326    633.971 0.000
 43.958333  44.000000 9 9    568.456   554.725    582.259 0.000
 44.000000  44.041667 9 9    495.329   469.962    522.727 0.000
 44.041667  44.083333 9 9    416.658   402.486    434.843 0.000
 44.083333  44.125000 9 9    406.693   385.718    424.740 0.000
 44.125000  44.166667 9 9    418.960   407.501    428.357 0.000
 44.166667  44.208333 9 9    377.821   350.949    408.229 0.000
 44.208333  44.250000 9 9    316.740   300.070    332.023 0.000
 44.250000  44.291667 9 9    284.546   272.990    299.242 0.000
 44.291667  44.333333 9 9    268.806   250.973    288.597 0.000
 44.333333  44.375000 9 9    247.556   243.936    251.537 0.000
 44.375000  44.416667 9 9    234.339   229.882    238.071 0.000
 44.416667  44.458333 9 9    229.848   226.010    233.472 0.000
 44.458333  44.500000 9 9    223.812   219.484    227.997 0.000
 44.500000  44.541667 9 9    243.353   224.615    261.793 0.000
 44.541667  44.583333 9 9    328.128   294.370    362.512 0.000
 44.583333  44.625000 9 9    394.217   374.932    409.437 0.000
 44.625000  44.666667 9 9    408.854   397.308    420.029 0.000
 44.666667  44.708333 9 9    379.878   344.104    411.538 0.000
 44.708333  44.750000 9 9    198.285   160.938    237.157 0.000
 44.750000  44.791667 9 9    114.268    97.703    135.875 0.000
 44.791667  44.833333 9 9    137.394   118.033    139.273 0.000
 44.833333  44.875000 9 9    151.606   133.664    178.588 0.000
 44.875000  44.916667 9 9    176.984   163.003    189.900 0.000
 44.916667  44.958333 9 9    180.442   174.252    189.176 0.000
 44.958333  45.000000 9 9    393.330   234.657    592.919 0.000
 45.000000  45.041667 9 9    701.130   638.982    803.999 0.000
 45.041667  45.083333 9 9    316.067   289.194    335.488 0.000
 45.083333  45.125000 9 9    307.531   288.365    330.238 0.000
 45.125000  45.166667 9 9    270.432   251.800    291.601 0.000
 45.166667  45.208333 9 9    184.328   151.638    223.913 0.000
 45.208333  45.250000 9 9    114.432    98.226    130.454 0.000
 45.250000  45.291667 9 9     74.192    64.528     86.474 0.000
 45.291667  45.333333 9 9     81.414    57.170    100.290 0.000
 45.333333  45.375000 9 9    119.030    74.424    139.957 0.000
 45.375000  45.416667 9 9    192.319   172.738    203.131 0.000
 45.416667  45.458333 9 9    181.234   171.733    190.866 0.000
 45.458333  45.500000 9 9    156.201   147.933    164.688 0.000
 45.500000  45.541667 9 9    138.976   130.726    148.696 0.000
 45.541667  45.583333 9 9    150.230   146.918    154.017 0.000
 45.583333  45.625000 9 9    158.465   141.358    177.360 0.000
 45.625000  45.666667 9 9    198.875   187.668    209.151 0.000
 45.666667  45.708333 9 9    267.966   189.202    337.610 0.000
 45.708333  45.750000 9 9    442.383   327.625    558.340 0.000
 45.750000  45.791667 9 9    563.584   530.603    605.802 0.000
 45.791667  45.833333 9 9    500.287   484.380    526.973 0.000
 45.833333  45.875000 9 9    413.115   343.097    445.354 0.000
 45.875000  45.916667 9 9    455.500   434.269    471.448 0.000
 45.916667  45.958333 9 9    480.430   464.110    498.607 0.000
 45.958333  46.000000 9 9    515.744   494.499    540.335 0.000
 46.000000  46.041667 9 9    508.795   463.043    547.727 0.000
 46.041667  46.083333 9 9    750.638   643.191    834.153 0.000
 46.083333  46.125000 9 9    838.378   816.142    864.053 0.000
 46.125000  46.166667 9 9    766.761   701.091    819.612 0.000
 46.166667  46.208333 9 9    754.595   684.056    827.329 0.000
 46.208333  46.250000 9 9    859.783   790.576    912.622 0.000
 46.250000  46.291667 9 9    719.532   651.577    786.984 0.000
 46.291667  46.333333 9 9    611.950   594.294    633.580 0.000
 46.333333  46.375000 9 9    575.840   566.239    584.906 0.000
 46.375000  46.416667 9 9    631.179   600.134    670.017 0.000
 46.416667  46.458333 9 9    741.774   708.441    764.745 0.000
 46.458333  46.500000 9 9    776.011   768.336    784.681 0.000
 46.500000  46.541667 9 9    790.122   783.053    797.492 0.000
 46.541667  46.583333 9 9    885.749   826.005    930.100 0.000
 46.583333  46.625000 9 9   1036.573  1003.590   1067.010 0.000
 46.625000  46.666667 9 9   1186.462  1109.876   1268.442 0.000
 46.666667  46.708333 9 9   1411.244  1336.373   1475.446 0.000
 46.708333  46.750000 9 9   1494.250  1465.069   1526.898 0.000
 46.750000  46.791667 9 9   1520.510  1504.328   1541.275 0.000
 46.791667  46.833333 9 9   1500.026  1442.149   1550.266 0.000
 46.833333  46.875000 9 9   1413.052  1358.774   1447.656 0.000
 46.875000  46.916667 9 9   1351.568  1334.060   1367.809 0.000
 46.916667  46.958333 9 9   1403.304  1380.698   1424.762 0.000
 46.958333  47.000000 9 9   1393.248  1365.710   1421.345 0.000
 47.000000  47.041667 9 9   1370.176  1344.219   1390.674 0.000
 47.041667  47.083333 9 9   1349.645  1334.133   1366.120 0.000
 47.083333  47.125000 9 9   1396.787  1378.999   1412.177 0.000
 47.125000  47.166667 9 9   1257.534  1127.052   1357.509 0.000
 47.166667  47.208333 9 9   1070.519  1017.522   1120.426 0.000
 47.208333  47.250000 9 9   1052.876  1040.219   1065.317 0.000
 47.250000  47.291667 9 9    997.492   955.546   1032.794 0.000
 47.291667  47.333333 9 9    846.282   700.866    922.467 0.000
 47.333333  47.375000 9 9    625.577   565.500    680.478 0.000
 47.375000  47.416667 9 9    365.068   230.634    462.763 0.000
 47.416667  47.458333 9 9    612.088   511.315    700.176 0.000
 47.458333  47.500000 9 9    745.088   477.801    635.786 0.000
 47.500000  47.541667 9 9    666.967   597.502    737.922 0.000
 47.541667  47.583333 9 9    691.608   662.107    717.707 0.000
 47.583333  47.625000 9 9    578.429   508.719    637.154 0.000
 47.625000  47.666667 9 9    515.872   473.033    545.207 0.000
 47.666667  47.708333 9 9    561.500   541.873    576.267 0.000
 47.708333  47.750000 9 9    477.281   436.335    512.764 0.000
 47.750000  47.791667 9 9    470.444   440.714    487.688 0.000
 47.791667  47.833333 9 9    519.370   509.667    531.331 0.000
 47.833333  47.875000 9 9    498.471   492.870    504.220 0.000
 47.875000  47.916667 9 9    517.881   492.691    553.785 0.000
 47.916667  47.958333 9 9    520.614   489.767    551.311 0.000
 47.958333  48.000000 9 9    433.956   409.330    469.375 0.000
 48.000000  48.041667 9 9    471.084   466.661    476.069 0.000
 48.041667  48.083333 9 9    477.588   467.422    487.542 0.000
 48.083333  48.125000 9 9    469.058   447.449    490.560 0.000
 48.125000  48.166667 9 9    455.534   435.374    470.489 0.000
 48.166667  48.208333 9 9    460.065   444.942    472.629 0.000
 48.208333  48.250000 9 9    441.910   430.443    458.003 0.000
 48.250000  48.291667 9 9    469.432   450.714    486.673 0.000
 48.291667  48.333333 9 9    489.135   480.156    500.942 0.000
 48.333333  48.375000 9 9    517.284   481.692    504.214 0.000
 48.375000  48.416667 9 9    473.046   430.749    495.297 0.000
 48.416667  48.458333 9 9    376.718   360.116    388.496 0.000
 48.458333  48.500000 9 9    345.837   332.438    357.588 0.000
 48.500000  48.541667 9 9    336.375   332.346    341.415 0.000
 48.541667  48.583333 9 9    325.635   314.505    334.784 0.000
 48.583333  48.625000 9 9    324.452   314.390    331.564 0.000
 48.625000  48.666667 9 9    317.476   312.459    321.817 0.000
 48.666667  48.708333 9 9    310.484   304.056    317.579 0.000
 48.708333  48.750000 9 9    296.479   282.161    309.543 0.000
 48.750000  48.791667 9 9    298.475   290.817    308.221 0.000
 48.791667  48.833333 9 9    353.154   308.518    383.812 0.000
 48.833333  48.875000 9 9    336.307   303.693    371.378 0.000
 48.875000  48.916667 9 9    357.206   292.392    429.877 0.000
 48.916667  48.958333 9 9    383.891   332.728    452.994 0.000
 48.958333  49.000000 9 9    439.878   316.815    614.594 0.000
 49.000000  49.041667 9 9    447.552   365.595    580.974 0.000
 49.041667  49.083333 9 9    442.326   362.279    516.569 0.000
 49.083333  49.125000 9 9    586.784   560.615    605.563 0.000
 49.125000  49.166667 9 9    581.581   551.948    599.217 0.000
 49.166667  49.208333 9 9    474.208   439.594    518.921 0.000
 49.208333  49.250000 9 9    447.118   435.045    459.430 0.000
 49.250000  49.291667 9 9    409.219   388.864    436.124 0.000
 49.291667  49.333333 9 9    634.664   323.840    374.947 0.000
 49.333333  49.375000 9 9    306.577   294.600    318.304 0.000
 49.375000  49.416667 9 9    287.576   276.367    304.402 0.000
 49.416667  49.458333 9 9    270.011   262.176    278.130 0.000
 49.458333  49.500000 9 9    280.064   261.744    292.079 0.000
 49.500000  49.541667 9 9    288.501   277.228    300.065 0.000
 49.541667  49.583333 9 9    264.208   256.441    269.109 0.000
 49.583333  49.625000 9 9    233.512   223.504    248.552 0.000
 49.625000  49.666667 9 9    219.180   213.181    225.146 0.000
 49.666667  49.708333 9 9    206.371   201.303    216.546 0.000
 49.708333  49.750000 9 9    204.595   197.623    212.468 0.000
 49.750000  49.791667 9 9    235.593   223.488    242.206 0.000
 49.791667  49.833333 9 9    256.308   249.589    263.183 0.000
 49.833333  49.875000 9 9    219.506   188.427    244.086 0.000
 49.875000  49.916667 9 9    237.416   231.086    243.241 0.000
 49.916667  49.958333 9 9    239.941   229.317    247.686 0.000
 49.958333  50.000000 9 9    221.020   214.018    228.237 0.000
 50.000000  50.041667 9 9    202.793   189.585    221.051 0.000
 50.041667  50.083333 9 9    216.048   207.265    226.715 0.000
 50.083333  50.125000 9 9    185.251   173.926    193.061 0.000
 50.125000  50.166667 9 9    165.210   160.607    169.878 0.000
 50.166667  50.208333 9 9    166.305   160.979    171.239 0.000
 50.208333  50.250000 9 9    177.278   172.702    182.470 0.000
 50.250000  50.291667 9 9    170.309   162.226    176.268 0.000
 50.291667  50.333333 9 9    189.010   178.255    201.185 0.000
 50.333333  50.375000 9 9    203.114   193.985    210.453 0.000
 50.375000  50.416667 9 9    216.094   204.632    225.440 0.000
 50.416667  50.458333 9 9    209.164   194.226    223.943 0.000
 50.458333  50.500000 9 9    177.006   168.177    186.182 0.000
 50.500000  50.541667 9 9    169.403   165.287    172.775 0.000
 50.541667  50.583333 9 9    174.162   170.874    176.945 0.000
 50.583333  50.625000 9 9    172.211   168.089    176.367 0.000
 50.625000  50.666667 9 9    183.305   173.437    190.517 0.000
 50.666667  50.708333 9 9    173.852   167.459    182.451 0.000
 50.708333  50.750000 9 9    157.543   147.271    169.218 0.000
 50.750000  50.791667 9 9    134.137   125.795    141.389 0.000
 50.791667  50.833333 9 9    111.885   109.424    115.281 0.000
 50.833333  50.875000 9 9     99.980    97.578    102.142 0.000
 50.875000  50.916667 9 9     90.903    87.945     94.648 0.000
 50.916667  50.958333 9 9     87.767    86.019     89.195 0.000
 50.958333  51.000000 9 9     76.947    70.317     84.354 0.000
 51.000000  51.041667 9 9     66.382    63.387     68.405 0.000
 51.041667  51.083333 9 9     58.955    57.503     60.304 0.000
 51.083333  51.125000 9 9     54.767    53.678     55.994 0.000
 51.125000  51.166667 9 9     50.257    47.410     52.187 0.000
 51.166667  51.208333 9 9     43.300    42.550     43.981 0.000
 51.208333  51.250000 9 9     42.275    40.379     44.360 0.000
 51.250000  51.291667 9 9     41.110    39.426     42.255 0.000
 51.291667  51.333333 9 9     37.666    36.028     38.962 0.000
 51.333333  51.375000 9 9     35.105    33.511     36.766 0.000
 51.375000  51.416667 9 9     52.064    45.319     58.969 0.000
 51.416667  51.458333 9 9     54.634    52.848     56.280 0.000
 51.458333  51.500000 9 9     57.462    53.471     61.914 0.000
 51.500000  51.541667 9 9     72.578    52.164     99.292 0.000
 51.541667  51.583333 9 9    139.569    96.568    192.792 0.000
 51.583333  51.625000 9 9    375.730   269.909    467.907 0.000
 51.625000  51.666667 9 9    345.990   302.313    397.656 0.000
 51.666667  51.708333 9 9    524.558   446.840    607.678 0.000
 51.708333  51.750000 9 9    667.960   628.472    731.132 0.000
 51.750000  51.791667 9 9    745.248   718.688    771.574 0.000
 51.791667  51.833333 9 9    935.520   706.730   1194.307 0.000
 51.833333  51.875000 9 9    875.246   837.899    905.437 0.000
 51.875000  51.916667 9 9   1302.040  1178.098   1403.816 0.000
 51.916667  51.958333 9 9   1186.810  1065.765   1371.638 0.000
 51.958333  52.000000 9 9   1261.055  1194.325   1341.441 0.000
 52.000000  52.041667 9 9   1483.711  1128.771   2086.355 0.000
 52.041667  52.083333 9 9   1641.633  1442.724   1812.572 0.000
