RRS/FI0096G.20100101000000.20160713000000.chemiluminescence_photolytic.nitrogen_dioxide.air.5y.1h.FI01L_chemilum_96.FI01L_chemilum..nas
52 1001
Hakola, Hannele
FI01L, Finnish Meteorological Institute, FMI, Atmospheric Composition Unit, Erik Palm�nin aukio, , FI-00560, Helsinki, Finland
Vestenius, Mika
EMEP
1 1
2010 01 01 2016 07 13
0
days from file reference point
3
1 1 1
9999.999999 99.999 9.999
end_time of measurement, days from the file reference point
nitrogen_dioxide, ug N/m3
numflag nitrogen_dioxide, no unit
0
35
Data definition:              EBAS_1.1
Set type code:                TI
Timezone:                     UTC
File name:                    FI0096G.20100101000000.20160713000000.chemiluminescence_photolytic.nitrogen_dioxide.air.5y.1h.FI01L_chemilum_96.FI01L_chemilum..nas
File creation:                20200622172250
Startdate:                    20100101000000
Revision date:                20160713000000
Statistics:                   arithmetic mean
Data level:                   
Period code:                  5y
Resolution code:              1h
Station code:                 FI0096G
Platform code:                FI0096S
Station name:                 Pallas (Sammaltunturi)
Station WDCA-ID:              GAWAFI__PAL
Station GAW-ID:               PAL
Station GAW-Name:             Pallas
Station land use:             Forest
Station setting:              Rural
Station GAW type:             G
Station WMO region:           6
Station latitude:             67.973333333
Station longitude:            24.116111111
Station altitude:             565.0 m
Regime:                       IMG
Component:                    nitrogen_dioxide
Unit:                         ug N/m3
Matrix:                       air
Instrument type:              chemiluminescence_photolytic
Laboratory code:              FI01L
Instrument name:              chemilum_96
Method ref:                   FI01L_chemilum
Originator:                   Hakola, Hannele, , , , , , , , , 
Submitter:                    Vestenius, Mika, mika.vestenius@fmi.fi, Finnish Meteorological Institute, FMI, Atmospheric Composion Unit, FMI, Erik Palm�nin aukio, FI-00560, Helsinki, Finland
starttime endtime NO2 flag_NO2
[from data line 16433]
 684.708333  684.750000  0.167 0.000
 684.750000  684.791667  0.143 0.000
 684.791667  684.833333  0.104 0.000
 684.833333  684.875000  0.091 0.000
 684.875000  684.916667  0.094 0.000
 684.916667  684.958333  0.094 0.000
 684.958333  685.000000  0.091 0.000
 685.000000  685.041667  0.097 0.000
 685.041667  685.083333  0.104 0.000
 685.083333  685.125000  0.097 0.000
 685.125000  685.166667  0.094 0.000
 685.166667  685.208333  0.094 0.000
 685.208333  685.250000  0.085 0.000
 685.250000  685.291667  0.085 0.000
 685.291667  685.333333  0.082 0.000
 685.333333  685.375000  0.085 0.000
 685.375000  685.416667  0.085 0.000
 685.416667  685.458333  0.088 0.000
 685.458333  685.500000  0.085 0.000
 685.500000  685.541667  0.091 0.000
 685.541667  685.583333  0.085 0.000
 685.583333  685.625000  0.094 0.000
 685.625000  685.666667  0.110 0.000
 685.666667  685.708333  0.113 0.000
 685.708333  685.750000  0.100 0.000
 685.750000  685.791667  0.091 0.000
 685.791667  685.833333  0.094 0.000
 685.833333  685.875000  0.097 0.000
 685.875000  685.916667  0.104 0.000
 685.916667  685.958333  0.107 0.000
 685.958333  686.000000  0.116 0.000
 686.000000  686.041667  0.107 0.000
 686.041667  686.083333  0.113 0.000
 686.083333  686.125000  0.128 0.000
 686.125000  686.166667  0.244 0.000
 686.166667  686.208333  0.314 0.000
 686.208333  686.250000  0.292 0.000
 686.250000  686.291667  0.311 0.000
 686.291667  686.333333  0.344 0.000
 686.333333  686.375000  0.402 0.000
 686.375000  686.416667  0.374 0.000
 686.416667  686.458333  0.338 0.000
 686.458333  686.500000  0.314 0.000
 686.500000  686.541667  0.274 0.000
 686.541667  686.583333  0.265 0.000
 686.583333  686.625000  0.277 0.000
 686.625000  686.666667  0.225 0.000
 686.666667  686.708333  0.167 0.000
 686.708333  686.750000  0.174 0.000
 686.750000  686.791667  0.146 0.000
 686.791667  686.833333  0.134 0.000
 686.833333  686.875000  0.116 0.000
 686.875000  686.916667  0.116 0.000
 686.916667  686.958333  0.107 0.000
 686.958333  687.000000  0.104 0.000
 687.000000  687.041667  0.104 0.000
 687.041667  687.083333  0.110 0.000
 687.083333  687.125000  0.097 0.000
 687.125000  687.166667  0.082 0.000
 687.166667  687.208333  0.079 0.000
 687.208333  687.250000  0.076 0.000
 687.250000  687.291667  0.076 0.000
 687.291667  687.333333  0.076 0.000
 687.333333  687.375000  0.082 0.000
 687.375000  687.416667  0.100 0.000
 687.416667  687.458333  0.110 0.000
 687.458333  687.500000  0.125 0.000
 687.500000  687.541667  0.122 0.000
 687.541667  687.583333  0.116 0.000
 687.583333  687.625000  0.122 0.000
 687.625000  687.666667  0.125 0.000
 687.666667  687.708333  0.131 0.000
 687.708333  687.750000  0.128 0.000
 687.750000  687.791667  0.116 0.000
 687.791667  687.833333  0.113 0.000
 687.833333  687.875000  0.113 0.000
 687.875000  687.916667  0.110 0.000
 687.916667  687.958333  0.116 0.000
 687.958333  688.000000  0.100 0.000
 688.000000  688.041667  0.094 0.000
 688.041667  688.083333  0.097 0.000
 688.083333  688.125000  0.091 0.000
 688.125000  688.166667  0.094 0.000
 688.166667  688.208333  0.094 0.000
 688.208333  688.250000  0.097 0.000
 688.250000  688.291667  0.094 0.000
 688.291667  688.333333  0.097 0.000
 688.333333  688.375000  0.097 0.000
 688.375000  688.416667  0.107 0.000
 688.416667  688.458333  0.107 0.000
 688.458333  688.500000  0.100 0.000
 688.500000  688.541667  0.100 0.000
 688.541667  688.583333  0.110 0.000
 688.583333  688.625000  0.134 0.000
 688.625000  688.666667  0.183 0.000
 688.666667  688.708333  0.201 0.000
 688.708333  688.750000  0.213 0.000
 688.750000  688.791667  0.195 0.000
 688.791667  688.833333  0.189 0.000
 688.833333  688.875000  0.210 0.000
 688.875000  688.916667  0.237 0.000
 688.916667  688.958333  0.253 0.000
 688.958333  689.000000  0.244 0.000
 689.000000  689.041667  0.216 0.000
 689.041667  689.083333  0.186 0.000
 689.083333  689.125000  0.180 0.000
 689.125000  689.166667  0.201 0.000
 689.166667  689.208333  0.219 0.000
 689.208333  689.250000  0.195 0.000
 689.250000  689.291667  0.192 0.000
 689.291667  689.333333  0.174 0.000
 689.333333  689.375000  0.164 0.000
 689.375000  689.416667  0.146 0.000
 689.416667  689.458333  0.143 0.000
 689.458333  689.500000  0.137 0.000
 689.500000  689.541667  0.140 0.000
 689.541667  689.583333  0.134 0.000
 689.583333  689.625000  0.131 0.000
 689.625000  689.666667  0.134 0.000
 689.666667  689.708333  0.131 0.000
 689.708333  689.750000  0.146 0.000
 689.750000  689.791667  0.155 0.000
 689.791667  689.833333  0.167 0.000
 689.833333  689.875000  0.177 0.000
 689.875000  689.916667  0.174 0.000
 689.916667  689.958333  0.171 0.000
 689.958333  690.000000  0.192 0.000
 690.000000  690.041667  0.198 0.000
 690.041667  690.083333  0.192 0.000
 690.083333  690.125000  0.183 0.000
 690.125000  690.166667  0.189 0.000
 690.166667  690.208333  0.204 0.000
 690.208333  690.250000  0.204 0.000
 690.250000  690.291667  0.222 0.000
 690.291667  690.333333  0.237 0.000
 690.333333  690.375000  0.298 0.000
 690.375000  690.416667  0.557 0.000
 690.416667  690.458333  0.542 0.000
 690.458333  690.500000  0.712 0.000
 690.500000  690.541667  0.508 0.000
 690.541667  690.583333  0.396 0.000
 690.583333  690.625000  0.332 0.000
 690.625000  690.666667  0.256 0.000
 690.666667  690.708333  0.289 0.000
 690.708333  690.750000  0.344 0.000
 690.750000  690.791667  0.347 0.000
 690.791667  690.833333  0.277 0.000
 690.833333  690.875000  0.274 0.000
 690.875000  690.916667  0.280 0.000
 690.916667  690.958333  0.292 0.000
 690.958333  691.000000  0.308 0.000
 691.000000  691.041667  0.314 0.000
 691.041667  691.083333  0.320 0.000
 691.083333  691.125000  0.295 0.000
 691.125000  691.166667  0.301 0.000
 691.166667  691.208333  0.292 0.000
 691.208333  691.250000  0.277 0.000
 691.250000  691.291667  0.256 0.000
 691.291667  691.333333  0.219 0.000
 691.333333  691.375000  0.189 0.000
 691.375000  691.416667  0.180 0.000
 691.416667  691.458333  0.174 0.000
 691.458333  691.500000  0.152 0.000
 691.500000  691.541667  0.155 0.000
 691.541667  691.583333  0.207 0.000
 691.583333  691.625000  0.393 0.000
 691.625000  691.666667  0.402 0.000
 691.666667  691.708333  0.344 0.000
 691.708333  691.750000  0.353 0.000
 691.750000  691.791667  0.228 0.000
 691.791667  691.833333  0.210 0.000
 691.833333  691.875000  0.219 0.000
 691.875000  691.916667  0.222 0.000
 691.916667  691.958333  0.241 0.000
 691.958333  692.000000  0.244 0.000
 692.000000  692.041667  0.237 0.000
 692.041667  692.083333  0.234 0.000
 692.083333  692.125000  0.256 0.000
 692.125000  692.166667  0.265 0.000
 692.166667  692.208333  0.256 0.000
 692.208333  692.250000  0.247 0.000
 692.250000  692.291667  0.228 0.000
 692.291667  692.333333  0.228 0.000
 692.333333  692.375000  0.237 0.000
 692.375000  692.416667  0.210 0.000
 692.416667  692.458333  0.210 0.000
 692.458333  692.500000  0.207 0.000
 692.500000  692.541667  0.204 0.000
 692.541667  692.583333  0.164 0.000
 692.583333  692.625000  0.158 0.000
 692.625000  692.666667  0.171 0.000
 692.666667  692.708333  0.183 0.000
 692.708333  692.750000  0.219 0.000
 692.750000  692.791667  0.198 0.000
 692.791667  692.833333  0.180 0.000
 692.833333  692.875000  0.180 0.000
 692.875000  692.916667  0.180 0.000
 692.916667  692.958333  0.177 0.000
 692.958333  693.000000  0.158 0.000
 693.000000  693.041667  0.164 0.000
 693.041667  693.083333  0.158 0.000
 693.083333  693.125000  0.171 0.000
 693.125000  693.166667  0.259 0.000
 693.166667  693.208333  0.265 0.000
 693.208333  693.250000  0.219 0.000
 693.250000  693.291667  0.116 0.000
 693.291667  693.333333  0.107 0.000
 693.333333  693.375000  0.104 0.000
 693.375000  693.416667  0.125 0.000
 693.416667  693.458333  0.143 0.000
 693.458333  693.500000  0.155 0.000
 693.500000  693.541667  0.183 0.000
 693.541667  693.583333  0.210 0.000
 693.583333  693.625000  0.292 0.000
 693.625000  693.666667  0.390 0.000
 693.666667  693.708333  0.420 0.000
 693.708333  693.750000  0.396 0.000
 693.750000  693.791667  0.420 0.000
 693.791667  693.833333  0.417 0.000
 693.833333  693.875000  0.414 0.000
 693.875000  693.916667  0.250 0.000
 693.916667  693.958333  0.244 0.000
 693.958333  694.000000  0.314 0.000
 694.000000  694.041667  0.158 0.000
 694.041667  694.083333  0.146 0.000
 694.083333  694.125000  0.140 0.000
 694.125000  694.166667  0.140 0.000
 694.166667  694.208333  0.128 0.000
 694.208333  694.250000  0.128 0.000
 694.250000  694.291667  0.134 0.000
 694.291667  694.333333  0.140 0.000
 694.333333  694.375000  0.140 0.000
 694.375000  694.416667  0.137 0.000
 694.416667  694.458333  0.134 0.000
 694.458333  694.500000  0.131 0.000
 694.500000  694.541667  0.134 0.000
 694.541667  694.583333  0.119 0.000
 694.583333  694.625000  0.116 0.000
 694.625000  694.666667  0.119 0.000
 694.666667  694.708333  0.107 0.000
 694.708333  694.750000  0.113 0.000
 694.750000  694.791667  0.110 0.000
 694.791667  694.833333  0.110 0.000
 694.833333  694.875000  0.110 0.000
 694.875000  694.916667  0.107 0.000
 694.916667  694.958333  0.110 0.000
 694.958333  695.000000  0.104 0.000
 695.000000  695.041667  0.113 0.000
 695.041667  695.083333  0.113 0.000
 695.083333  695.125000  0.116 0.000
 695.125000  695.166667  0.110 0.000
 695.166667  695.208333  0.104 0.000
 695.208333  695.250000  0.100 0.000
 695.250000  695.291667  0.094 0.000
 695.291667  695.333333  0.100 0.000
 695.333333  695.375000  0.091 0.000
 695.375000  695.416667  0.091 0.000
 695.416667  695.458333  0.091 0.000
 695.458333  695.500000  0.088 0.000
 695.500000  695.541667  0.094 0.000
 695.541667  695.583333  0.091 0.000
 695.583333  695.625000  0.091 0.000
 695.625000  695.666667  0.088 0.000
 695.666667  695.708333  0.091 0.000
 695.708333  695.750000  0.091 0.000
 695.750000  695.791667  0.094 0.000
 695.791667  695.833333  0.094 0.000
 695.833333  695.875000  0.091 0.000
 695.875000  695.916667  0.097 0.000
 695.916667  695.958333  0.091 0.000
 695.958333  696.000000  0.094 0.000
 696.000000  696.041667  0.091 0.000
 696.041667  696.083333  0.094 0.000
 696.083333  696.125000  0.094 0.000
 696.125000  696.166667  0.088 0.000
 696.166667  696.208333  0.094 0.000
 696.208333  696.250000  0.104 0.000
 696.250000  696.291667  0.107 0.000
 696.291667  696.333333  0.116 0.000
 696.333333  696.375000  0.110 0.000
 696.375000  696.416667  0.100 0.000
 696.416667  696.458333  0.104 0.000
 696.458333  696.500000  0.113 0.000
 696.500000  696.541667  0.107 0.000
 696.541667  696.583333  0.113 0.000
 696.583333  696.625000  0.104 0.000
 696.625000  696.666667  0.110 0.000
 696.666667  696.708333  0.107 0.000
 696.708333  696.750000  0.107 0.000
 696.750000  696.791667  0.104 0.000
 696.791667  696.833333  0.104 0.000
 696.833333  696.875000  0.104 0.000
 696.875000  696.916667  0.097 0.000
 696.916667  696.958333  0.100 0.000
 696.958333  697.000000  0.100 0.000
 697.000000  697.041667  0.104 0.000
 697.041667  697.083333  0.104 0.000
 697.083333  697.125000  0.104 0.000
 697.125000  697.166667  0.104 0.000
 697.166667  697.208333  0.100 0.000
 697.208333  697.250000  0.100 0.000
 697.250000  697.291667  0.100 0.000
 697.291667  697.333333  0.104 0.000
 697.333333  697.375000  0.107 0.000
 697.375000  697.416667  0.110 0.000
 697.416667  697.458333  0.116 0.000
 697.458333  697.500000  0.131 0.000
 697.500000  697.541667  0.155 0.000
 697.541667  697.583333  0.274 0.000
 697.583333  697.625000  0.317 0.000
 697.625000  697.666667  0.341 0.000
 697.666667  697.708333  0.326 0.000
 697.708333  697.750000  0.451 0.000
 697.750000  697.791667  0.612 0.000
 697.791667  697.833333  0.709 0.000
 697.833333  697.875000  0.722 0.000
 697.875000  697.916667  0.658 0.000
 697.916667  697.958333  0.496 0.000
 697.958333  698.000000  0.399 0.000
 698.000000  698.041667  0.371 0.000
 698.041667  698.083333  0.441 0.000
 698.083333  698.125000  0.572 0.000
 698.125000  698.166667  0.652 0.000
 698.166667  698.208333  0.679 0.000
 698.208333  698.250000  0.737 0.000
 698.250000  698.291667  0.776 0.000
 698.291667  698.333333  0.746 0.000
 698.333333  698.375000  0.725 0.000
 698.375000  698.416667  0.703 0.000
 698.416667  698.458333  0.673 0.000
 698.458333  698.500000  0.642 0.000
 698.500000  698.541667  0.606 0.000
 698.541667  698.583333  0.588 0.000
 698.583333  698.625000  0.585 0.000
 698.625000  698.666667  0.578 0.000
 698.666667  698.708333  0.451 0.000
 698.708333  698.750000  0.341 0.000
 698.750000  698.791667  0.280 0.000
 698.791667  698.833333  0.198 0.000
 698.833333  698.875000  0.146 0.000
 698.875000  698.916667  0.164 0.000
 698.916667  698.958333  0.237 0.000
 698.958333  699.000000  0.146 0.000
 699.000000  699.041667  0.140 0.000
 699.041667  699.083333  0.128 0.000
 699.083333  699.125000  0.125 0.000
 699.125000  699.166667  0.107 0.000
 699.166667  699.208333  0.091 0.000
 699.208333  699.250000  0.100 0.000
 699.250000  699.291667  0.094 0.000
 699.291667  699.333333  0.107 0.000
 699.333333  699.375000  0.119 0.000
 699.375000  699.416667  0.158 0.000
 699.416667  699.458333  0.186 0.000
 699.458333  699.500000  0.210 0.000
 699.500000  699.541667  0.253 0.000
 699.541667  699.583333  0.314 0.000
 699.583333  699.625000  0.277 0.000
 699.625000  699.666667  0.247 0.000
 699.666667  699.708333  0.256 0.000
 699.708333  699.750000  0.308 0.000
 699.750000  699.791667  0.368 0.000
 699.791667  699.833333  0.408 0.000
 699.833333  699.875000  0.408 0.000
 699.875000  699.916667  0.451 0.000
 699.916667  699.958333  0.402 0.000
 699.958333  700.000000  0.356 0.000
 700.000000  700.041667  0.399 0.000
 700.041667  700.083333  0.445 0.000
 700.083333  700.125000  0.481 0.000
 700.125000  700.166667  0.539 0.000
 700.166667  700.208333  0.563 0.000
 700.208333  700.250000  0.487 0.000
 700.250000  700.291667  0.441 0.000
 700.291667  700.333333  0.411 0.000
 700.333333  700.375000  0.362 0.000
 700.375000  700.416667  0.332 0.000
 700.416667  700.458333  0.262 0.000
 700.458333  700.500000  0.198 0.000
 700.500000  700.541667  0.161 0.000
 700.541667  700.583333  0.186 0.000
 700.583333  700.625000  0.180 0.000
 700.625000  700.666667  0.174 0.000
 700.666667  700.708333  0.143 0.000
 700.708333  700.750000  0.155 0.000
 700.750000  700.791667  0.192 0.000
 700.791667  700.833333  0.225 0.000
 700.833333  700.875000  0.222 0.000
 700.875000  700.916667  0.131 0.000
 700.916667  700.958333  0.100 0.000
 700.958333  701.000000  0.100 0.000
 701.000000  701.041667  0.100 0.000
 701.041667  701.083333  0.100 0.000
 701.083333  701.125000  0.110 0.000
 701.125000  701.166667  0.113 0.000
 701.166667  701.208333  0.113 0.000
 701.208333  701.250000  0.113 0.000
 701.250000  701.291667  0.116 0.000
 701.291667  701.333333  0.134 0.000
 701.333333  701.375000  0.140 0.000
 701.375000  701.416667  0.122 0.000
 701.416667  701.458333  0.116 0.000
 701.458333  701.500000  0.113 0.000
 701.500000  701.541667  0.155 0.000
 701.541667  701.583333  0.207 0.000
 701.583333  701.625000  0.204 0.000
 701.625000  701.666667  0.158 0.000
 701.666667  701.708333  0.186 0.000
 701.708333  701.750000  0.228 0.000
 701.750000  701.791667  0.204 0.000
 701.791667  701.833333  0.222 0.000
 701.833333  701.875000  0.234 0.000
 701.875000  701.916667  0.210 0.000
 701.916667  701.958333  0.277 0.000
 701.958333  702.000000  0.314 0.000
 702.000000  702.041667  0.341 0.000
 702.041667  702.083333  0.371 0.000
 702.083333  702.125000  0.347 0.000
 702.125000  702.166667  0.301 0.000
 702.166667  702.208333  0.283 0.000
 702.208333  702.250000  0.295 0.000
 702.250000  702.291667  0.311 0.000
 702.291667  702.333333  0.314 0.000
 702.333333  702.375000  0.292 0.000
 702.375000  702.416667  0.280 0.000
 702.416667  702.458333  0.286 0.000
 702.458333  702.500000  0.283 0.000
 702.500000  702.541667  0.286 0.000
 702.541667  702.583333  0.286 0.000
 702.583333  702.625000  0.274 0.000
 702.625000  702.666667  0.268 0.000
