RRS/FI0023R.20080101000000.20181114115100.cpc.particle_number_concentration.pm10.1y.1h.FI03L_CPC_VAR_01.FI03L_CPC.lev2.nas
50 1001
Kulmala, Markku
FI03L, University of Helsinki, UHEL, Division of Atmospheric Sciences, PO BOX 64, , FI-00014, University of Helsinki, Finland
Aalto, Pasi
GAW-WDCA
1 1
2008 01 01 2018 11 14
0.041667
days from file reference point
7
1 1 1 1 1 1 1
999.999999 9 9 99999.999 99999.999 999999.999 9.999
end_time of measurement, days from the file reference point
pressure, hPa, Location=instrument internal, Matrix=instrument, Measurement uncertainty=
temperature, K, Location=instrument internal, Matrix=instrument, Measurement uncertainty=
particle_number_concentration, 1/cm3
particle_number_concentration, 1/cm3, Statistics=percentile:15.87
particle_number_concentration, 1/cm3, Statistics=percentile:84.13
numflag, no unit
0
29
Data definition:              EBAS_1.1
Set type code:                TU
Timezone:                     UTC
File name:                    FI0023R.20080101000000.20181114115100.cpc.particle_number_concentration.pm10.1y.1h.FI03L_CPC_VAR_01.FI03L_CPC.lev2.nas
File creation:                20200622170802
Startdate:                    20080101000000
Revision date:                20181114115100
Statistics:                   arithmetic mean
Data level:                   2
Period code:                  1y
Resolution code:              1h
Station code:                 FI0023R
Platform code:                FI0023S
Station name:                 V�rri�
Station latitude:             67.766667
Station longitude:            29.583333
Station altitude:             400.0 m
Regime:                       IMG
Component:                    particle_number_concentration
Unit:                         1/cm3
Matrix:                       pm10
Instrument type:              cpc
Laboratory code:              FI03L
Instrument name:              CPC_VAR_01
Method ref:                   FI03L_CPC
Measurement uncertainty:      5.0 %
Originator:                   Kulmala, Markku, , , , , , , , , 
Submitter:                    Aalto, Pasi, , , , , , , , , 
starttime endtime P T particle_number_concentration particle_number_concentration particle_number_concentration flag
[from data line 762]
 31.750000  31.791667 9 9   393.661   371.035    417.577 0.000
 31.791667  31.833333 9 9   366.683   359.519    375.839 0.000
 31.833333  31.875000 9 9   455.220   399.621    493.811 0.000
 31.875000  31.916667 9 9   635.691   539.194    716.307 0.000
 31.916667  31.958333 9 9   699.772   684.293    711.802 0.000
 31.958333  32.000000 9 9   652.528   624.517    676.452 0.000
 32.000000  32.041667 9 9   620.438   606.798    636.822 0.000
 32.041667  32.083333 9 9   489.328   458.072    546.121 0.000
 32.083333  32.125000 9 9   535.586   505.184    571.436 0.000
 32.125000  32.166667 9 9   484.221   416.972    547.589 0.000
 32.166667  32.208333 9 9   344.223   313.785    378.165 0.000
 32.208333  32.250000 9 9   264.071   253.448    284.130 0.000
 32.250000  32.291667 9 9   247.160   244.826    250.064 0.000
 32.291667  32.333333 9 9   289.158   254.916    366.160 0.000
 32.333333  32.375000 9 9   436.168   325.655    510.542 0.000
 32.375000  32.416667 9 9   325.901   320.093    336.050 0.000
 32.416667  32.458333 9 9   326.079   318.927    336.656 0.000
 32.458333  32.500000 9 9   359.148   347.125    373.157 0.000
 32.500000  32.541667 9 9   410.614   382.847    455.268 0.000
 32.541667  32.583333 9 9   438.892   397.921    480.660 0.000
 32.583333  32.625000 9 9   500.851   406.701    690.305 0.000
 32.625000  32.666667 9 9   445.784   409.463    499.153 0.000
 32.666667  32.708333 9 9   404.974   401.297    409.950 0.000
 32.708333  32.750000 9 9   393.947   390.227    398.564 0.000
 32.750000  32.791667 9 9   440.853   388.591    495.155 0.000
 32.791667  32.833333 9 9   903.618   636.280   1176.820 0.000
 32.833333  32.875000 9 9  1240.164  1134.514   1331.915 0.000
 32.875000  32.916667 9 9   888.904   746.265   1189.851 0.000
 32.916667  32.958333 9 9   614.328   544.683    694.711 0.000
 32.958333  33.000000 9 9   734.987   594.534    860.891 0.000
 33.000000  33.041667 9 9   826.042   760.268    939.661 0.000
 33.041667  33.083333 9 9   725.591   655.459    816.455 0.000
 33.083333  33.125000 9 9   704.991   625.239    780.307 0.000
 33.125000  33.166667 9 9   962.912   831.234   1107.847 0.000
 33.166667  33.208333 9 9   817.905   564.979   1176.673 0.000
 33.208333  33.250000 9 9   613.282   593.288    639.499 0.000
 33.250000  33.291667 9 9   536.467   505.667    581.208 0.000
 33.291667  33.333333 9 9   495.944   488.744    503.291 0.000
 33.333333  33.375000 9 9   489.385   482.272    495.367 0.000
 33.375000  33.416667 9 9   523.065   515.837    529.244 0.000
 33.416667  33.458333 9 9   509.739   506.221    516.085 0.000
 33.458333  33.500000 9 9   493.000   488.637    503.279 0.000
 33.500000  33.541667 9 9   505.488   490.173    518.658 0.000
 33.541667  33.583333 9 9   509.711   506.369    512.467 0.000
 33.583333  33.625000 9 9   478.022   454.846    500.492 0.000
 33.625000  33.666667 9 9   451.170   441.687    458.005 0.000
 33.666667  33.708333 9 9   436.207   430.131    441.546 0.000
 33.708333  33.750000 9 9   414.284   403.103    425.618 0.000
 33.750000  33.791667 9 9   347.958   324.044    375.926 0.000
 33.791667  33.833333 9 9   253.226   224.603    277.713 0.000
 33.833333  33.875000 9 9   240.663   232.346    251.278 0.000
 33.875000  33.916667 9 9   248.953   240.461    255.613 0.000
 33.916667  33.958333 9 9   269.707   263.076    276.684 0.000
 33.958333  34.000000 9 9   275.396   272.136    277.662 0.000
 34.000000  34.041667 9 9   254.850   244.917    265.002 0.000
 34.041667  34.083333 9 9   219.402   202.565    238.268 0.000
 34.083333  34.125000 9 9   184.858   173.370    193.733 0.000
 34.125000  34.166667 9 9   166.687   163.731    170.080 0.000
 34.166667  34.208333 9 9   164.472   163.462    165.848 0.000
 34.208333  34.250000 9 9   160.420   157.227    163.117 0.000
 34.250000  34.291667 9 9   177.174   159.646    164.950 0.000
 34.291667  34.333333 9 9   175.345   163.215    170.685 0.000
 34.333333  34.375000 9 9   165.932   163.511    168.541 0.000
 34.375000  34.416667 9 9   159.330   153.194    165.475 0.000
 34.416667  34.458333 9 9   156.328   150.804    163.122 0.000
 34.458333  34.500000 9 9   143.784   138.470    148.874 0.000
 34.500000  34.541667 9 9   138.672   132.341    149.776 0.000
 34.541667  34.583333 9 9   157.277   146.840    164.603 0.000
 34.583333  34.625000 9 9   145.237   140.195    150.658 0.000
 34.625000  34.666667 9 9   163.599   154.755    178.668 0.000
 34.666667  34.708333 9 9   380.658   220.412    576.900 0.000
 34.708333  34.750000 9 9   599.476   566.333    631.910 0.000
 34.750000  34.791667 9 9   624.987   531.390    747.868 0.000
 34.791667  34.833333 9 9   973.786   758.176   1149.701 0.000
 34.833333  34.875000 9 9   949.901   867.421   1082.785 0.000
 34.875000  34.916667 9 9  1059.859   927.368   1206.043 0.000
 34.916667  34.958333 9 9  1141.173  1055.025   1268.559 0.000
 34.958333  35.000000 9 9  1312.969  1294.950   1329.826 0.000
 35.000000  35.041667 9 9  1238.786  1144.110   1326.834 0.000
 35.041667  35.083333 9 9  1008.208   939.130   1072.087 0.000
 35.083333  35.125000 9 9   901.416   870.731    924.286 0.000
 35.125000  35.166667 9 9   821.914   765.506    852.398 0.000
 35.166667  35.208333 9 9   674.223   558.266    755.031 0.000
 35.208333  35.250000 9 9   682.702   659.238    713.872 0.000
 35.250000  35.291667 9 9   562.952   484.976    657.255 0.000
 35.291667  35.333333 9 9   346.156   291.163    432.307 0.000
 35.333333  35.375000 9 9   327.480   302.052    356.039 0.000
 35.375000  35.416667 9 9   341.051   327.231    365.136 0.000
 35.416667  35.458333 9 9   331.871   320.342    348.092 0.000
 35.458333  35.500000 9 9   465.222   404.335    536.676 0.000
 35.500000  35.541667 9 9   869.013   711.933    994.527 0.000
 35.541667  35.583333 9 9  1773.528  1281.626   2411.984 0.000
 35.583333  35.625000 9 9  2795.692  2138.670   3606.498 0.000
 35.625000  35.666667 9 9  2178.057  1650.044   2679.834 0.000
 35.666667  35.708333 9 9  1989.858  1497.916   2379.626 0.000
 35.708333  35.750000 9 9  1168.202   998.228   1385.975 0.000
 35.750000  35.791667 9 9   983.202   904.861   1055.168 0.000
 35.791667  35.833333 9 9   990.259   783.410   1140.490 0.000
 35.833333  35.875000 9 9   798.878   643.914   1009.346 0.000
 35.875000  35.916667 9 9  1251.614  1088.510   1426.069 0.000
 35.916667  35.958333 9 9  1118.848   959.545   1345.003 0.000
 35.958333  36.000000 9 9   955.325   891.511   1021.693 0.000
 36.000000  36.041667 9 9  1096.410   889.542   1503.809 0.000
 36.041667  36.083333 9 9  1700.544  1425.407   2005.363 0.000
 36.083333  36.125000 9 9  1314.194  1236.930   1366.850 0.000
 36.125000  36.166667 9 9   990.997   876.095   1150.867 0.000
 36.166667  36.208333 9 9   883.318   817.016    927.141 0.000
 36.208333  36.250000 9 9   940.556   791.115   1141.836 0.000
 36.250000  36.291667 9 9   985.479   787.294   1146.644 0.000
 36.291667  36.333333 9 9   622.237   572.425    669.326 0.000
 36.333333  36.375000 9 9   793.598   710.580    887.378 0.000
 36.375000  36.416667 9 9   503.766   322.556    734.362 0.000
 36.416667  36.458333 9 9   274.706   186.080    334.800 0.000
 36.458333  36.500000 9 9   143.380   134.695    157.927 0.000
 36.500000  36.541667 9 9   112.826   101.423    123.621 0.000
 36.541667  36.583333 9 9   116.007   105.378    137.928 0.000
 36.583333  36.625000 9 9   126.900   116.825    136.897 0.000
 36.625000  36.666667 9 9   144.155   141.105    146.403 0.000
 36.666667  36.708333 9 9   143.197   140.792    147.774 0.000
 36.708333  36.750000 9 9   142.852   120.203    155.249 0.000
 36.750000  36.791667 9 9    95.418    90.455     99.100 0.000
 36.791667  36.833333 9 9   116.820   104.371    126.161 0.000
 36.833333  36.875000 9 9   131.963   129.388    135.207 0.000
 36.875000  36.916667 9 9   127.311   123.456    130.192 0.000
 36.916667  36.958333 9 9   144.129   133.243    156.087 0.000
 36.958333  37.000000 9 9   173.236   165.096    181.669 0.000
 37.000000  37.041667 9 9   190.665   181.497    200.501 0.000
 37.041667  37.083333 9 9   218.156   211.467    223.727 0.000
 37.083333  37.125000 9 9   238.418   228.608    248.575 0.000
 37.125000  37.166667 9 9   277.073   257.221    295.855 0.000
 37.166667  37.208333 9 9   354.729   313.400    402.041 0.000
 37.208333  37.250000 9 9   440.708   413.390    460.230 0.000
 37.250000  37.291667 9 9   486.318   462.082    504.441 0.000
 37.291667  37.333333 9 9   500.126   490.751    509.527 0.000
 37.333333  37.375000 9 9   508.313   501.007    516.501 0.000
 37.375000  37.416667 9 9   511.772   487.830    518.232 0.000
 37.416667  37.458333 9 9   559.823   537.309    595.661 0.000
 37.458333  37.500000 9 9   602.348   589.632    618.963 0.000
 37.500000  37.541667 9 9   661.054   616.066    695.820 0.000
 37.541667  37.583333 9 9   698.800   690.099    706.769 0.000
 37.583333  37.625000 9 9   662.041   642.765    676.395 0.000
 37.625000  37.666667 9 9   636.990   634.760    638.978 0.000
 37.666667  37.708333 9 9   629.378   606.505    645.361 0.000
 37.708333  37.750000 9 9   608.392   605.159    612.059 0.000
 37.750000  37.791667 9 9   594.570   574.109    608.313 0.000
 37.791667  37.833333 9 9   583.098   578.554    587.125 0.000
 37.833333  37.875000 9 9   582.048   578.772    585.411 0.000
 37.875000  37.916667 9 9   607.946   599.293    616.374 0.000
 37.916667  37.958333 9 9   617.895   616.150    619.899 0.000
 37.958333  38.000000 9 9   620.447   617.493    624.560 0.000
 38.000000  38.041667 9 9   604.954   601.993    607.345 0.000
 38.041667  38.083333 9 9   579.364   566.297    594.255 0.000
 38.083333  38.125000 9 9   536.953   516.995    552.234 0.000
 38.125000  38.166667 9 9   472.387   453.595    492.898 0.000
 38.166667  38.208333 9 9   434.343   424.161    445.053 0.000
 38.208333  38.250000 9 9   409.669   389.034    423.478 0.000
 38.250000  38.291667 9 9   364.577   346.798    387.019 0.000
 38.291667  38.333333 9 9   345.032   342.871    347.884 0.000
 38.333333  38.375000 9 9   336.606   321.632    349.161 0.000
 38.375000  38.416667 9 9   340.531   333.326    345.955 0.000
 38.416667  38.458333 9 9   319.408   304.021    341.991 0.000
 38.458333  38.500000 9 9   293.552   281.957    308.309 0.000
 38.500000  38.541667 9 9   277.192   269.819    282.627 0.000
 38.541667  38.583333 9 9   243.534   215.777    273.075 0.000
 38.583333  38.625000 9 9   200.164   196.857    203.322 0.000
 38.625000  38.666667 9 9   239.649   196.856    293.633 0.000
 38.666667  38.708333 9 9   179.181   171.092    185.869 0.000
 38.708333  38.750000 9 9   169.051   165.984    174.260 0.000
 38.750000  38.791667 9 9   175.256   168.915    183.371 0.000
 38.791667  38.833333 9 9   173.459   163.290    184.642 0.000
 38.833333  38.875000 9 9   175.938   164.819    182.496 0.000
 38.875000  38.916667 9 9   140.842   126.125    154.364 0.000
 38.916667  38.958333 9 9   126.006   117.197    135.967 0.000
 38.958333  39.000000 9 9   126.707   113.476    141.054 0.000
 39.000000  39.041667 9 9   118.633   112.300    123.609 0.000
 39.041667  39.083333 9 9   121.065   114.834    126.054 0.000
 39.083333  39.125000 9 9   122.756   114.198    126.851 0.000
 39.125000  39.166667 9 9   127.544   119.681    135.461 0.000
 39.166667  39.208333 9 9   122.567   116.850    126.963 0.000
 39.208333  39.250000 9 9   106.999    99.495    122.209 0.000
 39.250000  39.291667 9 9   107.221   105.225    110.659 0.000
 39.291667  39.333333 9 9   112.787   108.635    118.235 0.000
 39.333333  39.375000 9 9   112.472   105.243    117.017 0.000
 39.375000  39.416667 9 9   113.060   106.833    120.939 0.000
 39.416667  39.458333 9 9   123.835   117.852    134.094 0.000
 39.458333  39.500000 9 9   126.847   125.396    128.940 0.000
 39.500000  39.541667 9 9   112.272   107.750    117.333 0.000
 39.541667  39.583333 9 9    99.734    92.392    105.615 0.000
 39.583333  39.625000 9 9   113.722   104.581    119.921 0.000
 39.625000  39.666667 9 9   110.625    89.558    124.931 0.000
 39.666667  39.708333 9 9    95.426    91.009    102.815 0.000
 39.708333  39.750000 9 9   110.755   102.755    128.207 0.000
 39.750000  39.791667 9 9   175.077   157.558    190.355 0.000
 39.791667  39.833333 9 9   142.662   137.157    149.242 0.000
 39.833333  39.875000 9 9   134.529   131.231    139.297 0.000
 39.875000  39.916667 9 9   154.263   133.786    187.701 0.000
 39.916667  39.958333 9 9   161.934   153.091    182.204 0.000
 39.958333  40.000000 9 9   192.955   150.785    242.501 0.000
 40.000000  40.041667 9 9   142.787   131.066    159.238 0.000
 40.041667  40.083333 9 9   111.315    96.827    140.987 0.000
 40.083333  40.125000 9 9   108.237   104.486    115.356 0.000
 40.125000  40.166667 9 9   154.441   134.825    170.798 0.000
 40.166667  40.208333 9 9   123.396   106.471    150.689 0.000
 40.208333  40.250000 9 9   107.387   106.242    108.541 0.000
 40.250000  40.291667 9 9    99.931    93.322    106.577 0.000
 40.291667  40.333333 9 9    89.216    85.384     92.503 0.000
 40.333333  40.375000 9 9   135.338    89.692    170.287 0.000
 40.375000  40.416667 9 9   179.549   152.367    196.122 0.000
 40.416667  40.458333 9 9   171.212   157.607    179.645 0.000
 40.458333  40.500000 9 9   199.164   187.802    209.476 0.000
 40.500000  40.541667 9 9   226.372   216.689    240.085 0.000
 40.541667  40.583333 9 9   288.938   271.084    301.686 0.000
 40.583333  40.625000 9 9   304.531   294.827    309.244 0.000
 40.625000  40.666667 9 9   290.157   287.275    292.768 0.000
 40.666667  40.708333 9 9   285.476   231.252    317.709 0.000
 40.708333  40.750000 9 9   239.009   232.858    245.658 0.000
 40.750000  40.791667 9 9   268.686   234.453    310.048 0.000
 40.791667  40.833333 9 9   330.509   318.900    341.435 0.000
 40.833333  40.875000 9 9   313.408   308.671    316.275 0.000
 40.875000  40.916667 9 9   300.042   291.851    307.994 0.000
 40.916667  40.958333 9 9   276.072   271.395    281.448 0.000
 40.958333  41.000000 9 9   270.121   267.749    271.634 0.000
 41.000000  41.041667 9 9   259.877   248.788    269.146 0.000
 41.041667  41.083333 9 9   243.904   235.175    252.923 0.000
 41.083333  41.125000 9 9   226.267   221.636    231.947 0.000
 41.125000  41.166667 9 9   208.344   194.193    220.843 0.000
 41.166667  41.208333 9 9   181.765   168.131    191.172 0.000
 41.208333  41.250000 9 9   165.358   157.088    182.926 0.000
 41.250000  41.291667 9 9   144.197   139.214    151.120 0.000
 41.291667  41.333333 9 9   133.264   123.027    142.729 0.000
 41.333333  41.375000 9 9   157.692   137.080    170.241 0.000
 41.375000  41.416667 9 9   179.410   151.478    230.436 0.000
 41.416667  41.458333 9 9   137.008   130.548    145.192 0.000
 41.458333  41.500000 9 9   149.101   126.012    203.449 0.000
 41.500000  41.541667 9 9   141.425   124.438    164.494 0.000
 41.541667  41.583333 9 9   126.737   124.784    129.241 0.000
 41.583333  41.625000 9 9   132.616   124.734    141.889 0.000
 41.625000  41.666667 9 9   146.487   140.058    153.212 0.000
 41.666667  41.708333 9 9   144.735   135.230    159.115 0.000
 41.708333  41.750000 9 9   216.657   195.898    241.214 0.000
 41.750000  41.791667 9 9   259.580   251.824    268.010 0.000
 41.791667  41.833333 9 9   228.222   218.029    248.591 0.000
 41.833333  41.875000 9 9   202.160   191.465    213.821 0.000
 41.875000  41.916667 9 9   185.502   183.570    189.546 0.000
 41.916667  41.958333 9 9   183.169   181.797    184.518 0.000
 41.958333  42.000000 9 9   193.632   184.907    204.169 0.000
 42.000000  42.041667 9 9   233.220   218.589    246.778 0.000
 42.041667  42.083333 9 9   281.839   268.442    295.614 0.000
 42.083333  42.125000 9 9   316.880   304.114    324.878 0.000
 42.125000  42.166667 9 9   294.559   263.971    319.581 0.000
 42.166667  42.208333 9 9   200.225   177.801    226.916 0.000
 42.208333  42.250000 9 9   176.919   174.349    178.735 0.000
 42.250000  42.291667 9 9   202.646   181.089    230.531 0.000
