RRS/FI0023R.20090101000000.20181114115100.cpc.particle_number_concentration.pm10.1y.1h.FI03L_CPC_VAR_01.FI03L_CPC.lev2.nas
50 1001
Kulmala, Markku
FI03L, University of Helsinki, UHEL, Division of Atmospheric Sciences, PO BOX 64, , FI-00014, University of Helsinki, Finland
Aalto, Pasi
GAW-WDCA
1 1
2009 01 01 2018 11 14
0.041667
days from file reference point
7
1 1 1 1 1 1 1
999.999999 9 9 99999.999 99999.999 999999.999 9.999
end_time of measurement, days from the file reference point
pressure, hPa, Location=instrument internal, Matrix=instrument, Measurement uncertainty=
temperature, K, Location=instrument internal, Matrix=instrument, Measurement uncertainty=
particle_number_concentration, 1/cm3
particle_number_concentration, 1/cm3, Statistics=percentile:15.87
particle_number_concentration, 1/cm3, Statistics=percentile:84.13
numflag, no unit
0
29
Data definition:              EBAS_1.1
Set type code:                TU
Timezone:                     UTC
File name:                    FI0023R.20090101000000.20181114115100.cpc.particle_number_concentration.pm10.1y.1h.FI03L_CPC_VAR_01.FI03L_CPC.lev2.nas
File creation:                20200622170803
Startdate:                    20090101000000
Revision date:                20181114115100
Statistics:                   arithmetic mean
Data level:                   2
Period code:                  1y
Resolution code:              1h
Station code:                 FI0023R
Platform code:                FI0023S
Station name:                 V�rri�
Station latitude:             67.766667
Station longitude:            29.583333
Station altitude:             400.0 m
Regime:                       IMG
Component:                    particle_number_concentration
Unit:                         1/cm3
Matrix:                       pm10
Instrument type:              cpc
Laboratory code:              FI03L
Instrument name:              CPC_VAR_01
Method ref:                   FI03L_CPC
Measurement uncertainty:      5.0 %
Originator:                   Kulmala, Markku, , , , , , , , , 
Submitter:                    Aalto, Pasi, , , , , , , , , 
starttime endtime P T particle_number_concentration particle_number_concentration particle_number_concentration flag
[from data line 4064]
169.333333 169.375000 9 9   703.925   667.014    737.579 0.000
169.375000 169.416667 9 9   663.481   611.356    709.649 0.000
169.416667 169.458333 9 9   606.247   558.197    671.350 0.000
169.458333 169.500000 9 9   571.514   559.714    582.828 0.000
169.500000 169.541667 9 9   582.172   578.184    586.646 0.000
169.541667 169.583333 9 9   573.559   550.006    590.807 0.000
169.583333 169.625000 9 9   541.131   498.776    568.633 0.000
169.625000 169.666667 9 9   619.208   528.445    698.724 0.000
169.666667 169.708333 9 9   579.031   519.421    658.844 0.000
169.708333 169.750000 9 9   454.246   441.063    469.588 0.000
169.750000 169.791667 9 9   491.153   466.334    521.004 0.000
169.791667 169.833333 9 9   450.825   446.497    453.341 0.000
169.833333 169.875000 9 9   507.125   493.272    526.267 0.000
169.875000 169.916667 9 9   479.722   456.237    509.207 0.000
169.916667 169.958333 9 9   413.769   378.715    443.495 0.000
169.958333 170.000000 9 9   322.181   285.146    350.988 0.000
170.000000 170.041667 9 9   284.337   265.637    304.434 0.000
170.041667 170.083333 9 9   228.308   215.412    240.333 0.000
170.083333 170.125000 9 9   261.899   244.935    278.262 0.000
170.125000 170.166667 9 9   256.350   235.119    282.944 0.000
170.166667 170.208333 9 9   241.824   236.244    246.222 0.000
170.208333 170.250000 9 9   260.945   254.937    267.843 0.000
170.250000 170.291667 9 9   277.836   261.370    291.900 0.000
170.291667 170.333333 9 9   301.370   284.163    312.486 0.000
170.333333 170.375000 9 9   314.353   287.250    349.183 0.000
170.375000 170.416667 9 9   368.435   355.430    377.619 0.000
170.416667 170.458333 9 9   349.874   346.011    360.640 0.000
170.458333 170.500000 9 9   326.361   300.873    355.661 0.000
170.500000 170.541667 9 9   301.631   288.658    308.796 0.000
170.541667 170.583333 9 9   326.420   320.099    333.694 0.000
170.583333 170.625000 9 9   351.578   338.021    368.456 0.000
170.625000 170.666667 9 9   330.754   329.308    335.738 0.000
170.666667 170.708333 9 9   263.464   227.465    309.128 0.000
170.708333 170.750000 9 9   262.254   239.940    281.176 0.000
170.750000 170.791667 9 9   266.287   249.026    276.889 0.000
170.791667 170.833333 9 9   248.626   241.055    254.426 0.000
170.833333 170.875000 9 9   275.703   266.438    283.934 0.000
170.875000 170.916667 9 9   361.279   318.364    420.027 0.000
170.916667 170.958333 9 9   438.570   432.824    444.994 0.000
170.958333 171.000000 9 9   427.678   386.088    457.543 0.000
171.000000 171.041667 9 9   333.740   309.605    368.880 0.000
171.041667 171.083333 9 9   301.733   294.684    307.515 0.000
171.083333 171.125000 9 9   287.084   269.507    296.762 0.000
171.125000 171.166667 9 9   228.407   208.365    252.101 0.000
171.166667 171.208333 9 9   183.926   177.273    196.405 0.000
171.208333 171.250000 9 9   184.532   181.197    191.147 0.000
171.250000 171.291667 9 9   187.137   183.069    191.356 0.000
171.291667 171.333333 9 9   197.013   188.399    204.141 0.000
171.333333 171.375000 9 9   177.045   169.782    189.694 0.000
171.375000 171.416667 9 9   161.712   158.588    164.135 0.000
171.416667 171.458333 9 9   164.605   155.618    175.921 0.000
171.458333 171.500000 9 9   179.993   171.513    183.736 0.000
171.500000 171.541667 9 9   170.859   167.495    174.930 0.000
171.541667 171.583333 9 9   186.081   176.512    198.637 0.000
171.583333 171.625000 9 9   187.604   177.801    202.021 0.000
171.625000 171.666667 9 9   274.452   231.369    331.435 0.000
171.666667 171.708333 9 9   345.770   301.030    392.576 0.000
171.708333 171.750000 9 9   254.258   216.868    315.663 0.000
171.750000 171.791667 9 9   229.527   225.839    232.302 0.000
171.791667 171.833333 9 9   234.101   232.521    235.360 0.000
171.833333 171.875000 9 9   251.258   246.608    255.638 0.000
171.875000 171.916667 9 9   209.779   176.612    253.235 0.000
171.916667 171.958333 9 9   178.753   168.575    195.629 0.000
171.958333 172.000000 9 9   274.880   225.840    339.250 0.000
172.000000 172.041667 9 9   435.678   376.479    492.542 0.000
172.041667 172.083333 9 9   422.258   395.423    454.749 0.000
172.083333 172.125000 9 9   486.381   448.967    540.185 0.000
172.125000 172.166667 9 9   510.179   478.335    537.284 0.000
172.166667 172.208333 9 9   664.805   562.263    751.021 0.000
172.208333 172.250000 9 9   642.014   509.381    734.619 0.000
172.250000 172.291667 9 9   472.146   403.558    525.832 0.000
172.291667 172.333333 9 9   356.152   346.897    381.699 0.000
172.333333 172.375000 9 9   367.754   351.285    391.398 0.000
172.375000 172.416667 9 9   498.837   414.073    602.908 0.000
172.416667 172.458333 9 9   969.404   677.585   1319.672 0.000
172.458333 172.500000 9 9  1573.520  1425.802   1783.341 0.000
172.500000 172.541667 9 9  2027.538  1979.264   2063.234 0.000
172.541667 172.583333 9 9  2127.942  2098.974   2162.749 0.000
172.583333 172.625000 9 9  2254.137  2204.208   2307.845 0.000
172.625000 172.666667 9 9  2306.966  2215.958   2419.669 0.000
172.666667 172.708333 9 9  2161.671  2069.330   2287.773 0.000
172.708333 172.750000 9 9  2079.000  2044.854   2125.711 0.000
172.750000 172.791667 9 9  2353.637  2260.880   2449.928 0.000
172.791667 172.833333 9 9  1907.424  1796.880   2121.370 0.000
172.833333 172.875000 9 9  1807.898  1762.058   1853.590 0.000
172.875000 172.916667 9 9  1943.912  1750.201   2188.971 0.000
172.916667 172.958333 9 9  2191.834  2118.131   2257.673 0.000
172.958333 173.000000 9 9  2085.893  1969.985   2213.921 0.000
173.000000 173.041667 9 9  2015.629  1960.758   2072.395 0.000
173.041667 173.083333 9 9  1602.470  1561.856   1672.284 0.000
173.083333 173.125000 9 9  1367.435  1324.123   1427.134 0.000
173.125000 173.166667 9 9  1549.240  1449.995   1714.009 0.000
173.166667 173.208333 9 9  1645.055  1611.075   1679.012 0.000
173.208333 173.250000 9 9  1626.079  1610.116   1642.419 0.000
173.250000 173.291667 9 9  1638.510  1610.701   1664.233 0.000
173.291667 173.333333 9 9  1707.406  1686.574   1728.409 0.000
173.333333 173.375000 9 9  1747.055  1734.109   1754.768 0.000
173.375000 173.416667 9 9  1762.567  1742.488   1777.231 0.000
173.416667 173.458333 9 9  1767.178  1745.446   1797.507 0.000
173.458333 173.500000 9 9  1806.666  1756.250   1858.781 0.000
173.500000 173.541667 9 9  1773.281  1724.421   1803.057 0.000
173.541667 173.583333 9 9  1463.567  1268.693   1616.916 0.000
173.583333 173.625000 9 9  1274.512  1226.861   1341.477 0.000
173.625000 173.666667 9 9  1313.614  1201.774   1417.977 0.000
173.666667 173.708333 9 9  1172.912  1119.562   1227.926 0.000
173.708333 173.750000 9 9  1119.923  1103.669   1149.931 0.000
173.750000 173.791667 9 9  1183.319  1162.398   1206.893 0.000
173.791667 173.833333 9 9  1160.172  1141.860   1192.101 0.000
173.833333 173.875000 9 9  1149.898  1149.891   1149.906 0.000
173.875000 173.916667 9 9 99999.999 99999.999 999999.999 0.999
173.916667 173.958333 9 9 99999.999 99999.999 999999.999 0.999
173.958333 174.000000 9 9 99999.999 99999.999 999999.999 0.999
174.000000 174.041667 9 9  1124.311  1118.636   1128.049 0.000
174.041667 174.083333 9 9  1129.958  1115.440   1148.918 0.000
174.083333 174.125000 9 9  1148.441  1130.568   1166.702 0.000
174.125000 174.166667 9 9  1186.881  1163.740   1205.571 0.000
174.166667 174.208333 9 9  1196.041  1159.558   1224.268 0.000
174.208333 174.250000 9 9  1293.562  1240.693   1355.334 0.000
174.250000 174.291667 9 9  1290.472  1190.047   1386.584 0.000
174.291667 174.333333 9 9  1229.737  1215.116   1249.228 0.000
174.333333 174.375000 9 9  1231.436  1219.838   1247.955 0.000
174.375000 174.416667 9 9  1154.464  1064.899   1210.820 0.000
174.416667 174.458333 9 9  1077.706  1034.819   1144.384 0.000
174.458333 174.500000 9 9  1218.073  1111.375   1269.751 0.000
174.500000 174.541667 9 9  1204.472  1175.091   1242.330 0.000
174.541667 174.583333 9 9  1155.905  1128.948   1182.016 0.000
174.583333 174.625000 9 9  1155.030  1134.907   1182.164 0.000
174.625000 174.666667 9 9  1108.222  1057.652   1166.796 0.000
174.666667 174.708333 9 9  1148.504  1077.073   1178.814 0.000
174.708333 174.750000 9 9  1173.620  1170.966   1176.927 0.000
174.750000 174.791667 9 9  1215.810  1181.555   1271.040 0.000
174.791667 174.833333 9 9  1358.322  1321.155   1394.244 0.000
174.833333 174.875000 9 9  1265.960  1243.167   1288.754 0.000
174.875000 174.916667 9 9 99999.999 99999.999 999999.999 0.999
174.916667 174.958333 9 9 99999.999 99999.999 999999.999 0.999
174.958333 175.000000 9 9 99999.999 99999.999 999999.999 0.999
175.000000 175.041667 9 9  1228.443  1195.812   1269.849 0.000
175.041667 175.083333 9 9  1165.766  1155.285   1175.758 0.000
175.083333 175.125000 9 9  1147.649  1143.628   1152.570 0.000
175.125000 175.166667 9 9  1117.213  1099.945   1130.779 0.000
175.166667 175.208333 9 9  1092.184  1087.772   1096.170 0.000
175.208333 175.250000 9 9  1081.221  1076.913   1085.848 0.000
175.250000 175.291667 9 9  1148.639  1079.262   1256.686 0.000
175.291667 175.333333 9 9  1385.459  1312.550   1470.471 0.000
175.333333 175.375000 9 9  1396.931  1314.766   1452.056 0.000
175.375000 175.416667 9 9  1489.528  1425.525   1527.290 0.000
175.416667 175.458333 9 9  1466.279  1425.577   1507.965 0.000
175.458333 175.500000 9 9  1446.812  1401.291   1502.403 0.000
175.500000 175.541667 9 9  1337.396  1229.081   1432.237 0.000
175.541667 175.583333 9 9  1374.346  1269.397   1448.438 0.000
175.583333 175.625000 9 9  1393.516  1367.971   1430.567 0.000
175.625000 175.666667 9 9  1284.578  1246.197   1307.913 0.000
175.666667 175.708333 9 9  1364.529  1306.434   1409.945 0.000
175.708333 175.750000 9 9  1484.134  1465.192   1499.524 0.000
175.750000 175.791667 9 9  1557.892  1524.585   1582.640 0.000
175.791667 175.833333 9 9  1664.074  1614.344   1719.581 0.000
175.833333 175.875000 9 9  1716.501  1647.924   1774.338 0.000
175.875000 175.916667 9 9  1650.960  1626.951   1689.426 0.000
175.916667 175.958333 9 9  1089.038  1005.376   1220.324 0.000
175.958333 176.000000 9 9   839.783   768.383    917.230 0.000
176.000000 176.041667 9 9  1035.352   969.796   1098.720 0.000
176.041667 176.083333 9 9  1084.910  1043.782   1126.939 0.000
176.083333 176.125000 9 9  1085.076  1064.989   1107.344 0.000
176.125000 176.166667 9 9   965.376   857.992   1043.600 0.000
176.166667 176.208333 9 9   644.943   628.427    655.796 0.000
176.208333 176.250000 9 9   666.623   637.490    687.591 0.000
176.250000 176.291667 9 9   687.393   664.533    702.057 0.000
176.291667 176.333333 9 9   697.305   675.680    730.145 0.000
176.333333 176.375000 9 9   863.940   794.740    921.181 0.000
176.375000 176.416667 9 9  1114.071   970.182   1299.823 0.000
176.416667 176.458333 9 9  1750.026  1545.089   1894.774 0.000
176.458333 176.500000 9 9  2161.892  2027.701   2316.661 0.000
176.500000 176.541667 9 9  2915.320  2616.113   3080.197 0.000
176.541667 176.583333 9 9  3095.344  2376.290   3375.457 0.000
176.583333 176.625000 9 9  2245.689  2227.193   2261.419 0.000
176.625000 176.666667 9 9  2369.228  2287.047   2404.521 0.000
176.666667 176.708333 9 9  2250.854  2169.547   2314.485 0.000
176.708333 176.750000 9 9  2293.795  2273.572   2317.687 0.000
176.750000 176.791667 9 9  2167.613  2017.862   2298.218 0.000
176.791667 176.833333 9 9  1901.146  1858.073   1958.772 0.000
176.833333 176.875000 9 9  1819.576  1799.464   1845.768 0.000
176.875000 176.916667 9 9  1808.145  1751.598   1855.165 0.000
176.916667 176.958333 9 9  1744.845  1699.403   1796.414 0.000
176.958333 177.000000 9 9  2105.355  1849.251   2298.427 0.000
177.000000 177.041667 9 9  3313.449  2784.167   3649.121 0.000
177.041667 177.083333 9 9  3374.736  3276.394   3533.944 0.000
177.083333 177.125000 9 9  3184.015  3063.040   3293.249 0.000
177.125000 177.166667 9 9  2979.122  2940.030   3052.853 0.000
177.166667 177.208333 9 9  2935.769  2477.409   3093.342 0.000
177.208333 177.250000 9 9  2323.455  2169.023   2458.318 0.000
177.250000 177.291667 9 9  2496.225  2364.714   2626.769 0.000
177.291667 177.333333 9 9  2395.017  2144.919   2546.949 0.000
177.333333 177.375000 9 9  2235.526  2100.572   2325.575 0.000
177.375000 177.416667 9 9  2383.092  2366.223   2415.111 0.000
177.416667 177.458333 9 9  2461.481  2439.859   2483.279 0.000
177.458333 177.500000 9 9  2222.198  2107.056   2331.153 0.000
177.500000 177.541667 9 9  2275.660  2158.790   2390.645 0.000
177.541667 177.583333 9 9  1564.670  1157.133   1998.379 0.000
177.583333 177.625000 9 9  1905.382  1703.915   2050.529 0.000
177.625000 177.666667 9 9  2321.303  2257.444   2417.597 0.000
177.666667 177.708333 9 9  2395.927  2379.780   2412.543 0.000
177.708333 177.750000 9 9  2652.214  2441.260   3061.679 0.000
177.750000 177.791667 9 9  4033.476  3453.626   4325.630 0.000
177.791667 177.833333 9 9  3793.399  3589.838   4069.445 0.000
177.833333 177.875000 9 9  3298.686  3097.916   3604.038 0.000
177.875000 177.916667 9 9  2679.932  2585.985   2855.741 0.000
177.916667 177.958333 9 9  2855.997  2552.196   3121.604 0.000
177.958333 178.000000 9 9  3021.128  2997.663   3047.327 0.000
178.000000 178.041667 9 9  2915.125  2845.342   2993.993 0.000
178.041667 178.083333 9 9  2751.972  2680.832   2814.516 0.000
178.083333 178.125000 9 9  2121.270  1608.376   2612.245 0.000
178.125000 178.166667 9 9  1250.161  1206.382   1324.994 0.000
178.166667 178.208333 9 9  1223.814  1177.651   1303.703 0.000
178.208333 178.250000 9 9  1144.749  1126.203   1170.456 0.000
178.250000 178.291667 9 9  1032.645   999.508   1061.955 0.000
178.291667 178.333333 9 9  1005.339   983.220   1030.123 0.000
178.333333 178.375000 9 9   974.677   915.434   1056.323 0.000
178.375000 178.416667 9 9   951.547   916.848    999.615 0.000
178.416667 178.458333 9 9   864.157   728.708    959.543 0.000
178.458333 178.500000 9 9   591.980   576.208    616.888 0.000
178.500000 178.541667 9 9   529.557   497.686    565.163 0.000
178.541667 178.583333 9 9   647.146   539.920    775.511 0.000
178.583333 178.625000 9 9   669.264   578.174    753.229 0.000
178.625000 178.666667 9 9   565.855   534.260    602.396 0.000
178.666667 178.708333 9 9   495.756   487.913    508.729 0.000
178.708333 178.750000 9 9   521.226   495.679    554.441 0.000
178.750000 178.791667 9 9   639.720   612.255    673.753 0.000
178.791667 178.833333 9 9   871.751   849.458    902.952 0.000
178.833333 178.875000 9 9  1352.012   956.535   1895.160 0.000
178.875000 178.916667 9 9  2601.067  2178.347   2901.399 0.000
178.916667 178.958333 9 9  2564.183  2479.540   2621.640 0.000
178.958333 179.000000 9 9  2463.387  2383.488   2572.108 0.000
179.000000 179.041667 9 9  2368.990  2351.124   2390.658 0.000
179.041667 179.083333 9 9  2444.780  2384.863   2493.490 0.000
179.083333 179.125000 9 9  2658.924  2624.054   2683.246 0.000
179.125000 179.166667 9 9  2795.775  2734.367   2851.339 0.000
179.166667 179.208333 9 9  2407.722  2030.357   2788.409 0.000
179.208333 179.250000 9 9  1701.801  1543.263   1864.160 0.000
179.250000 179.291667 9 9  1256.921  1018.055   1478.214 0.000
179.291667 179.333333 9 9  1204.318  1124.966   1281.480 0.000
179.333333 179.375000 9 9  1101.985  1055.865   1165.042 0.000
179.375000 179.416667 9 9   944.979   905.104   1005.897 0.000
179.416667 179.458333 9 9   883.059   857.937    898.995 0.000
179.458333 179.500000 9 9   891.790   882.164    902.166 0.000
179.500000 179.541667 9 9   880.863   872.838    892.821 0.000
179.541667 179.583333 9 9   864.927   857.569    874.107 0.000
179.583333 179.625000 9 9   818.629   798.720    858.449 0.000
179.625000 179.666667 9 9   777.522   764.364    801.719 0.000
179.666667 179.708333 9 9   701.246   655.207    762.749 0.000
179.708333 179.750000 9 9   638.123   633.461    644.172 0.000
179.750000 179.791667 9 9   678.215   653.185    708.237 0.000
179.791667 179.833333 9 9   758.962   739.361    775.256 0.000
179.833333 179.875000 9 9   751.363   739.431    770.319 0.000
