RRS/FI0023R.20050101000000.20181114115100.cpc.particle_number_concentration.pm10.1y.1h.FI03L_CPC_VAR_01.FI03L_CPC.lev2.nas
50 1001
Kulmala, Markku
FI03L, University of Helsinki, UHEL, Division of Atmospheric Sciences, PO BOX 64, , FI-00014, University of Helsinki, Finland
Aalto, Pasi
GAW-WDCA
1 1
2005 01 01 2018 11 14
0.041667
days from file reference point
7
1 1 1 1 1 1 1
999.999999 9 9 999999.999 999999.999 999999.999 9.999
end_time of measurement, days from the file reference point
pressure, hPa, Location=instrument internal, Matrix=instrument, Measurement uncertainty=
temperature, K, Location=instrument internal, Matrix=instrument, Measurement uncertainty=
particle_number_concentration, 1/cm3
particle_number_concentration, 1/cm3, Statistics=percentile:15.87
particle_number_concentration, 1/cm3, Statistics=percentile:84.13
numflag, no unit
0
29
Data definition:              EBAS_1.1
Set type code:                TU
Timezone:                     UTC
File name:                    FI0023R.20050101000000.20181114115100.cpc.particle_number_concentration.pm10.1y.1h.FI03L_CPC_VAR_01.FI03L_CPC.lev2.nas
File creation:                20200622170759
Startdate:                    20050101000000
Revision date:                20181114115100
Statistics:                   arithmetic mean
Data level:                   2
Period code:                  1y
Resolution code:              1h
Station code:                 FI0023R
Platform code:                FI0023S
Station name:                 V�rri�
Station latitude:             67.766667
Station longitude:            29.583333
Station altitude:             400.0 m
Regime:                       IMG
Component:                    particle_number_concentration
Unit:                         1/cm3
Matrix:                       pm10
Instrument type:              cpc
Laboratory code:              FI03L
Instrument name:              CPC_VAR_01
Method ref:                   FI03L_CPC
Measurement uncertainty:      5.0 %
Originator:                   Kulmala, Markku, , , , , , , , , 
Submitter:                    Aalto, Pasi, , , , , , , , , 
starttime endtime P T particle_number_concentration particle_number_concentration particle_number_concentration flag
[from data line 8616]
359.000000 359.041667 9 9    166.161    138.042    177.947 0.000
359.041667 359.083333 9 9    127.544    107.419    148.403 0.000
359.083333 359.125000 9 9    135.420     80.142    159.118 0.000
359.125000 359.166667 9 9    134.663    107.960    158.776 0.000
359.166667 359.208333 9 9    137.998    119.984    159.713 0.000
359.208333 359.250000 9 9    150.918    108.391    178.560 0.000
359.250000 359.291667 9 9    174.968    157.963    187.968 0.000
359.291667 359.333333 9 9    159.509    133.107    183.814 0.000
359.333333 359.375000 9 9    148.133    126.035    184.033 0.000
359.375000 359.416667 9 9    157.703    139.952    196.001 0.000
359.416667 359.458333 9 9    168.918    148.539    188.225 0.000
359.458333 359.500000 9 9    155.754    145.401    164.901 0.000
359.500000 359.541667 9 9    186.780    163.630    221.119 0.000
359.541667 359.583333 9 9    187.228    142.789    217.148 0.000
359.583333 359.625000 9 9    166.735    155.310    177.079 0.000
359.625000 359.666667 9 9    209.437    172.034    248.574 0.000
359.666667 359.708333 9 9    291.725    272.759    301.354 0.000
359.708333 359.750000 9 9    362.089    344.419    388.275 0.000
359.750000 359.791667 9 9    358.631    335.544    380.452 0.000
359.791667 359.833333 9 9    293.772    270.757    314.536 0.000
359.833333 359.875000 9 9    260.703    247.080    287.552 0.000
359.875000 359.916667 9 9    291.611    282.414    302.531 0.000
359.916667 359.958333 9 9    301.383    293.218    315.500 0.000
359.958333 360.000000 9 9    308.334    297.659    320.749 0.000
360.000000 360.041667 9 9    240.563    225.694    264.635 0.000
360.041667 360.083333 9 9    219.780    209.529    226.249 0.000
360.083333 360.125000 9 9    236.156    229.869    243.372 0.000
360.125000 360.166667 9 9    238.198    232.418    244.059 0.000
360.166667 360.208333 9 9    227.537    222.000    237.997 0.000
360.208333 360.250000 9 9    247.909    243.946    252.056 0.000
360.250000 360.291667 9 9    255.260    249.842    262.578 0.000
360.291667 360.333333 9 9    261.594    256.097    267.604 0.000
360.333333 360.375000 9 9    273.414    268.239    279.853 0.000
360.375000 360.416667 9 9    279.394    271.480    297.930 0.000
360.416667 360.458333 9 9    260.493    241.978    274.303 0.000
360.458333 360.500000 9 9    257.322    246.012    268.569 0.000
360.500000 360.541667 9 9    276.839    267.606    285.421 0.000
360.541667 360.583333 9 9    286.472    279.131    296.243 0.000
360.583333 360.625000 9 9    284.469    279.131    291.086 0.000
360.625000 360.666667 9 9    257.253    245.245    271.530 0.000
360.666667 360.708333 9 9    253.905    238.955    269.344 0.000
360.708333 360.750000 9 9    275.794    271.153    282.024 0.000
360.750000 360.791667 9 9    300.369    285.107    323.388 0.000
360.791667 360.833333 9 9    329.677    322.747    339.698 0.000
360.833333 360.875000 9 9    311.586    303.083    323.081 0.000
360.875000 360.916667 9 9    303.603    298.972    306.384 0.000
360.916667 360.958333 9 9    336.695    314.888    356.126 0.000
360.958333 361.000000 9 9    355.116    350.559    361.919 0.000
361.000000 361.041667 9 9    345.492    338.345    352.958 0.000
361.041667 361.083333 9 9    421.052    372.327    446.733 0.000
361.083333 361.125000 9 9    422.613    404.947    439.123 0.000
361.125000 361.166667 9 9    356.656    320.837    392.776 0.000
361.166667 361.208333 9 9    308.185    297.211    319.238 0.000
361.208333 361.250000 9 9    309.285    301.154    318.737 0.000
361.250000 361.291667 9 9    273.194    257.786    288.748 0.000
361.291667 361.333333 9 9    272.047    266.313    279.585 0.000
361.333333 361.375000 9 9    283.996    281.292    286.593 0.000
361.375000 361.416667 9 9    301.459    295.709    311.349 0.000
361.416667 361.458333 9 9    337.973    317.463    363.544 0.000
361.458333 361.500000 9 9    407.202    385.372    425.148 0.000
361.500000 361.541667 9 9    444.292    430.132    466.496 0.000
361.541667 361.583333 9 9    482.948    470.699    490.322 0.000
361.583333 361.625000 9 9    479.508    469.367    486.084 0.000
361.625000 361.666667 9 9    454.040    446.616    461.533 0.000
361.666667 361.708333 9 9    456.974    448.842    463.650 0.000
361.708333 361.750000 9 9    459.710    450.076    469.319 0.000
361.750000 361.791667 9 9    425.785    415.133    439.512 0.000
361.791667 361.833333 9 9    421.512    417.444    428.016 0.000
361.833333 361.875000 9 9    412.730    408.316    418.300 0.000
361.875000 361.916667 9 9    403.876    400.076    409.352 0.000
361.916667 361.958333 9 9    406.024    402.420    411.159 0.000
361.958333 362.000000 9 9    410.756    406.059    414.694 0.000
362.000000 362.041667 9 9    421.650    414.146    432.540 0.000
362.041667 362.083333 9 9    416.272    408.758    422.849 0.000
362.083333 362.125000 9 9    426.494    410.538    438.996 0.000
362.125000 362.166667 9 9    403.114    397.659    407.506 0.000
362.166667 362.208333 9 9    425.362    418.414    430.813 0.000
362.208333 362.250000 9 9    433.901    432.009    436.080 0.000
362.250000 362.291667 9 9    425.278    414.274    438.572 0.000
362.291667 362.333333 9 9    410.219    407.167    414.916 0.000
362.333333 362.375000 9 9    407.508    399.223    413.558 0.000
362.375000 362.416667 9 9    402.355    397.256    408.306 0.000
362.416667 362.458333 9 9    460.306    381.440    395.701 0.000
362.458333 362.500000 9 9    406.123    374.921    430.713 0.000
362.500000 362.541667 9 9    426.775    414.428    434.501 0.000
362.541667 362.583333 9 9    404.375    399.201    412.653 0.000
362.583333 362.625000 9 9    384.613    377.165    393.844 0.000
362.625000 362.666667 9 9    372.538    362.777    381.378 0.000
362.666667 362.708333 9 9    367.591    357.931    376.079 0.000
362.708333 362.750000 9 9    355.236    350.003    361.571 0.000
362.750000 362.791667 9 9    362.575    354.315    366.914 0.000
362.791667 362.833333 9 9    375.309    368.432    380.987 0.000
362.833333 362.875000 9 9    390.128    375.234    410.101 0.000
362.875000 362.916667 9 9    385.644    373.315    412.801 0.000
362.916667 362.958333 9 9    341.265    327.179    366.722 0.000
362.958333 363.000000 9 9    319.234    301.806    330.650 0.000
363.000000 363.041667 9 9    286.187    272.708    301.308 0.000
363.041667 363.083333 9 9    263.661    255.977    270.085 0.000
363.083333 363.125000 9 9    246.050    237.475    256.037 0.000
363.125000 363.166667 9 9    211.327    190.059    228.927 0.000
363.166667 363.208333 9 9    216.044    208.097    222.231 0.000
363.208333 363.250000 9 9    273.983    246.264    296.520 0.000
363.250000 363.291667 9 9    510.232    236.495   1318.602 0.000
363.291667 363.333333 9 9    262.257    226.786    268.260 0.000
363.333333 363.375000 9 9    241.275    203.747    279.477 0.000
363.375000 363.416667 9 9    279.215    221.957    372.703 0.000
363.416667 363.458333 9 9    321.619    281.388    370.968 0.000
363.458333 363.500000 9 9    390.977    310.800    489.508 0.000
363.500000 363.541667 9 9    336.646    316.102    353.576 0.000
363.541667 363.583333 9 9    285.246    272.016    294.806 0.000
363.583333 363.625000 9 9    274.636    271.220    279.769 0.000
363.625000 363.666667 9 9    420.408    292.667    526.712 0.000
363.666667 363.708333 9 9    418.318    370.803    480.639 0.000
363.708333 363.750000 9 9    418.840    400.108    436.400 0.000
363.750000 363.791667 9 9    430.307    417.627    444.305 0.000
363.791667 363.833333 9 9    408.225    395.991    418.536 0.000
363.833333 363.875000 9 9    378.537    372.859    383.586 0.000
363.875000 363.916667 9 9    388.883    378.308    399.989 0.000
363.916667 363.958333 9 9    431.227    420.723    444.327 0.000
363.958333 364.000000 9 9    443.951    440.057    451.981 0.000
364.000000 364.041667 9 9    445.181    438.523    451.864 0.000
364.041667 364.083333 9 9    442.888    433.930    452.062 0.000
364.083333 364.125000 9 9    435.909    417.345    474.276 0.000
364.125000 364.166667 9 9    563.672    513.622    604.101 0.000
364.166667 364.208333 9 9    661.240    614.507    695.938 0.000
364.208333 364.250000 9 9    546.739    518.973    585.080 0.000
364.250000 364.291667 9 9    515.878    505.865    535.208 0.000
364.291667 364.333333 9 9    551.142    536.209    567.685 0.000
364.333333 364.375000 9 9    572.673    564.845    580.572 0.000
364.375000 364.416667 9 9    624.651    596.273    700.585 0.000
364.416667 364.458333 9 9    596.354    585.943    605.934 0.000
364.458333 364.500000 9 9    624.371    599.755    640.692 0.000
364.500000 364.541667 9 9    613.061    589.092    634.974 0.000
364.541667 364.583333 9 9    591.889    584.186    596.871 0.000
364.583333 364.625000 9 9    571.661    553.503    593.300 0.000
364.625000 364.666667 9 9    556.284    544.277    573.357 0.000
364.666667 364.708333 9 9    562.442    553.987    570.268 0.000
364.708333 364.750000 9 9    579.516    569.956    600.354 0.000
364.750000 364.791667 9 9    568.081    546.207    589.915 0.000
364.791667 364.833333 9 9    614.696    545.033    731.730 0.000
364.833333 364.875000 9 9    584.980    494.592    682.578 0.000
364.875000 364.916667 9 9    498.750    479.126    525.201 0.000
364.916667 364.958333 9 9    505.748    496.816    516.547 0.000
364.958333 365.000000 9 9    495.081    479.977    514.951 0.0
