RRS/FI0023R.20110101000000.20181114115100.cpc.particle_number_concentration.pm10.1y.1h.FI03L_CPC_VAR_01.FI03L_CPC.lev2.nas
50 1001
Kulmala, Markku
FI03L, University of Helsinki, UHEL, Division of Atmospheric Sciences, PO BOX 64, , FI-00014, University of Helsinki, Finland
Aalto, Pasi
GAW-WDCA ACTRIS
1 1
2011 01 01 2018 11 14
0.041667
days from file reference point
7
1 1 1 1 1 1 1
999.999999 9 9 999999.999 999999.999 999999.999 9.999
end_time of measurement, days from the file reference point
pressure, hPa, Location=instrument internal, Matrix=instrument, Measurement uncertainty=
temperature, K, Location=instrument internal, Matrix=instrument, Measurement uncertainty=
particle_number_concentration, 1/cm3
particle_number_concentration, 1/cm3, Statistics=percentile:15.87
particle_number_concentration, 1/cm3, Statistics=percentile:84.13
numflag, no unit
0
29
Data definition:              EBAS_1.1
Set type code:                TU
Timezone:                     UTC
File name:                    FI0023R.20110101000000.20181114115100.cpc.particle_number_concentration.pm10.1y.1h.FI03L_CPC_VAR_01.FI03L_CPC.lev2.nas
File creation:                20200622170804
Startdate:                    20110101000000
Revision date:                20181114115100
Statistics:                   arithmetic mean
Data level:                   2
Period code:                  1y
Resolution code:              1h
Station code:                 FI0023R
Platform code:                FI0023S
Station name:                 V�rri�
Station latitude:             67.766667
Station longitude:            29.583333
Station altitude:             400.0 m
Regime:                       IMG
Component:                    particle_number_concentration
Unit:                         1/cm3
Matrix:                       pm10
Instrument type:              cpc
Laboratory code:              FI03L
Instrument name:              CPC_VAR_01
Method ref:                   FI03L_CPC
Measurement uncertainty:      5.0 %
Originator:                   Kulmala, Markku, , , , , , , , , 
Submitter:                    Aalto, Pasi, , , , , , , , , 
starttime endtime P T particle_number_concentration particle_number_concentration particle_number_concentration flag
[from data line 8124]
338.500000 338.541667 9 9    179.267    117.495    278.255 0.000
338.541667 338.583333 9 9    125.717    115.738    143.633 0.000
338.583333 338.625000 9 9    162.802    155.021    172.792 0.000
338.625000 338.666667 9 9    181.529    177.106    184.714 0.000
338.666667 338.708333 9 9    530.557    239.512    793.709 0.000
338.708333 338.750000 9 9    725.500    645.154    793.961 0.000
338.750000 338.791667 9 9    319.410    184.450    495.933 0.000
338.791667 338.833333 9 9    224.871    192.946    267.413 0.000
338.833333 338.875000 9 9    296.934    284.787    305.048 0.000
338.875000 338.916667 9 9    326.494    297.244    343.547 0.000
338.916667 338.958333 9 9    350.064    345.901    354.135 0.000
338.958333 339.000000 9 9    357.553    348.385    364.794 0.000
339.000000 339.041667 9 9    375.916    365.141    385.019 0.000
339.041667 339.083333 9 9    406.682    387.782    428.084 0.000
339.083333 339.125000 9 9    370.425    360.493    377.830 0.000
339.125000 339.166667 9 9    355.277    332.802    378.898 0.000
339.166667 339.208333 9 9    399.825    389.285    405.491 0.000
339.208333 339.250000 9 9    390.690    383.345    396.064 0.000
339.250000 339.291667 9 9    378.098    373.245    385.886 0.000
339.291667 339.333333 9 9    373.312    367.549    378.978 0.000
339.333333 339.375000 9 9    364.403    352.823    375.801 0.000
339.375000 339.416667 9 9    533.961    326.894    701.157 0.000
339.416667 339.458333 9 9    325.923    316.599    334.378 0.000
339.458333 339.500000 9 9    299.145    293.005    303.539 0.000
339.500000 339.541667 9 9    285.678    277.999    290.456 0.000
339.541667 339.583333 9 9    274.346    267.877    281.510 0.000
339.583333 339.625000 9 9    251.019    243.649    257.002 0.000
339.625000 339.666667 9 9    235.378    214.521    266.130 0.000
339.666667 339.708333 9 9    193.145    178.569    216.656 0.000
339.708333 339.750000 9 9    172.107    169.309    176.190 0.000
339.750000 339.791667 9 9    162.261    161.143    164.729 0.000
339.791667 339.833333 9 9    172.368    163.863    178.726 0.000
339.833333 339.875000 9 9    173.328    169.730    178.218 0.000
339.875000 339.916667 9 9    159.096    152.949    170.113 0.000
339.916667 339.958333 9 9    157.235    152.005    161.103 0.000
339.958333 340.000000 9 9    151.877    143.981    156.902 0.000
340.000000 340.041667 9 9    156.949    142.939    167.915 0.000
340.041667 340.083333 9 9    181.559    175.832    185.608 0.000
340.083333 340.125000 9 9    182.634    181.370    183.891 0.000
340.125000 340.166667 9 9    170.491    163.194    178.084 0.000
340.166667 340.208333 9 9    150.922    142.838    157.806 0.000
340.208333 340.250000 9 9    142.054    138.021    147.713 0.000
340.250000 340.291667 9 9    125.572    119.273    132.211 0.000
340.291667 340.333333 9 9    115.329    112.885    118.330 0.000
340.333333 340.375000 9 9    126.255    120.106    130.389 0.000
340.375000 340.416667 9 9    114.171    110.281    118.763 0.000
340.416667 340.458333 9 9    115.955    113.031    118.951 0.000
340.458333 340.500000 9 9    116.125    112.678    119.501 0.000
340.500000 340.541667 9 9    124.972    118.811    136.930 0.000
340.541667 340.583333 9 9    151.223    135.721    172.884 0.000
340.583333 340.625000 9 9    172.565    159.113    189.706 0.000
340.625000 340.666667 9 9    188.453    177.745    207.914 0.000
340.666667 340.708333 9 9    178.744    166.361    205.142 0.000
340.708333 340.750000 9 9    166.792    156.487    183.027 0.000
340.750000 340.791667 9 9    227.815    201.357    254.656 0.000
340.791667 340.833333 9 9    252.115    237.267    262.287 0.000
340.833333 340.875000 9 9    244.901    240.347    250.923 0.000
340.875000 340.916667 9 9    318.627    275.135    346.431 0.000
340.916667 340.958333 9 9    349.033    330.542    364.994 0.000
340.958333 341.000000 9 9    368.696    331.219    407.010 0.000
341.000000 341.041667 9 9    435.700    421.846    449.104 0.000
341.041667 341.083333 9 9    413.611    374.773    437.569 0.000
341.083333 341.125000 9 9    391.971    385.598    403.514 0.000
341.125000 341.166667 9 9    370.799    358.006    383.587 0.000
341.166667 341.208333 9 9    325.322    313.327    338.890 0.000
341.208333 341.250000 9 9    300.441    287.587    308.719 0.000
341.250000 341.291667 9 9    267.374    260.129    278.890 0.000
341.291667 341.333333 9 9    265.784    257.838    275.054 0.000
341.333333 341.375000 9 9    278.588    274.999    284.410 0.000
341.375000 341.416667 9 9    273.800    266.003    281.534 0.000
341.416667 341.458333 9 9    294.296    281.845    306.438 0.000
341.458333 341.500000 9 9    341.576    284.205    461.229 0.000
341.500000 341.541667 9 9    298.206    273.449    342.589 0.000
341.541667 341.583333 9 9    273.154    264.063    285.659 0.000
341.583333 341.625000 9 9    344.803    320.452    356.881 0.000
341.625000 341.666667 9 9    300.206    275.189    332.470 0.000
341.666667 341.708333 9 9    290.195    273.612    307.460 0.000
341.708333 341.750000 9 9    312.084    302.454    333.848 0.000
341.750000 341.791667 9 9    381.832    360.373    397.015 0.000
341.791667 341.833333 9 9    377.841    359.257    389.115 0.000
341.833333 341.875000 9 9    316.416    302.061    340.996 0.000
341.875000 341.916667 9 9    364.722    312.976    418.490 0.000
341.916667 341.958333 9 9    422.922    416.567    426.468 0.000
341.958333 342.000000 9 9    428.130    417.246    437.110 0.000
342.000000 342.041667 9 9    430.773    405.358    458.501 0.000
342.041667 342.083333 9 9    443.086    419.298    457.162 0.000
342.083333 342.125000 9 9    413.572    405.342    425.754 0.000
342.125000 342.166667 9 9    430.013    424.016    434.422 0.000
342.166667 342.208333 9 9    433.958    428.628    442.557 0.000
342.208333 342.250000 9 9    464.281    445.004    484.953 0.000
342.250000 342.291667 9 9    493.543    489.061    496.937 0.000
342.291667 342.333333 9 9    509.887    501.372    518.484 0.000
342.333333 342.375000 9 9    535.641    526.719    548.485 0.000
342.375000 342.416667 9 9    585.130    562.192    607.908 0.000
342.416667 342.458333 9 9    632.449    615.902    665.782 0.000
342.458333 342.500000 9 9    615.613    604.980    623.528 0.000
342.500000 342.541667 9 9    588.527    575.725    597.896 0.000
342.541667 342.583333 9 9    587.796    583.747    592.993 0.000
342.583333 342.625000 9 9    601.690    598.402    605.405 0.000
342.625000 342.666667 9 9    578.921    567.357    593.351 0.000
342.666667 342.708333 9 9    578.162    571.615    585.026 0.000
342.708333 342.750000 9 9    567.242    560.414    572.340 0.000
342.750000 342.791667 9 9    489.485    457.185    531.105 0.000
342.791667 342.833333 9 9    417.916    400.387    429.666 0.000
342.833333 342.875000 9 9    423.581    421.466    427.097 0.000
342.875000 342.916667 9 9    428.534    421.903    440.435 0.000
342.916667 342.958333 9 9    488.271    460.691    512.499 0.000
342.958333 343.000000 9 9    659.174    535.232    888.438 0.000
343.000000 343.041667 9 9    736.089    585.460    907.768 0.000
343.041667 343.083333 9 9    565.424    545.634    578.869 0.000
343.083333 343.125000 9 9    551.961    546.977    557.197 0.000
343.125000 343.166667 9 9    567.942    561.896    578.515 0.000
343.166667 343.208333 9 9    627.235    584.376    675.947 0.000
343.208333 343.250000 9 9    589.933    570.757    651.707 0.000
343.250000 343.291667 9 9    626.085    590.272    705.945 0.000
343.291667 343.333333 9 9    563.192    555.075    574.213 0.000
343.333333 343.375000 9 9    587.083    578.279    595.437 0.000
343.375000 343.416667 9 9    561.381    543.515    576.213 0.000
343.416667 343.458333 9 9    495.826    455.722    542.508 0.000
343.458333 343.500000 9 9    405.322    374.288    449.635 0.000
343.500000 343.541667 9 9    552.109    378.908    815.191 0.000
343.541667 343.583333 9 9    270.596    231.259    296.029 0.000
343.583333 343.625000 9 9    191.280    174.962    211.766 0.000
343.625000 343.666667 9 9    175.559    171.884    180.455 0.000
343.666667 343.708333 9 9    155.466    142.882    172.352 0.000
343.708333 343.750000 9 9    136.743    133.080    139.893 0.000
343.750000 343.791667 9 9    233.694    131.680    400.379 0.000
343.791667 343.833333 9 9    731.629    425.606    922.723 0.000
343.833333 343.875000 9 9    245.232    220.725    265.664 0.000
343.875000 343.916667 9 9    172.158    154.041    199.417 0.000
343.916667 343.958333 9 9    167.050    152.142    188.363 0.000
343.958333 344.000000 9 9    131.216    125.131    139.629 0.000
344.000000 344.041667 9 9    119.354    117.431    120.952 0.000
344.041667 344.083333 9 9    115.639    112.502    117.465 0.000
344.083333 344.125000 9 9    118.292    115.410    121.980 0.000
344.125000 344.166667 9 9    128.692    125.437    131.062 0.000
344.166667 344.208333 9 9    123.395    122.133    124.469 0.000
344.208333 344.250000 9 9    131.350    122.197    141.090 0.000
344.250000 344.291667 9 9    153.929    148.122    158.063 0.000
344.291667 344.333333 9 9    170.722    159.434    184.775 0.000
344.333333 344.375000 9 9    189.297    183.102    195.188 0.000
344.375000 344.416667 9 9    219.429    208.507    233.418 0.000
344.416667 344.458333 9 9    278.340    249.537    304.191 0.000
344.458333 344.500000 9 9    314.059    286.844    343.210 0.000
344.500000 344.541667 9 9    317.633    296.826    344.425 0.000
344.541667 344.583333 9 9    335.817    326.186    342.716 0.000
344.583333 344.625000 9 9    329.147    325.214    332.239 0.000
344.625000 344.666667 9 9    314.255    305.912    326.441 0.000
344.666667 344.708333 9 9    287.817    274.441    300.071 0.000
344.708333 344.750000 9 9    299.881    286.224    306.606 0.000
344.750000 344.791667 9 9    256.434    213.465    288.533 0.000
344.791667 344.833333 9 9    218.495    213.046    224.654 0.000
344.833333 344.875000 9 9    207.549    181.253    228.347 0.000
344.875000 344.916667 9 9    169.712    157.882    184.721 0.000
344.916667 344.958333 9 9    165.972    149.358    195.475 0.000
344.958333 345.000000 9 9    215.957    203.518    243.542 0.000
345.000000 345.041667 9 9    274.717    262.633    283.802 0.000
345.041667 345.083333 9 9    246.445    228.208    260.986 0.000
345.083333 345.125000 9 9    196.676    171.898    216.757 0.000
345.125000 345.166667 9 9    174.409    165.652    179.925 0.000
345.166667 345.208333 9 9    194.591    191.878    200.330 0.000
345.208333 345.250000 9 9    216.534    207.306    222.276 0.000
345.250000 345.291667 9 9    218.948    214.976    222.498 0.000
345.291667 345.333333 9 9    210.017    204.534    210.815 0.000
345.333333 345.375000 9 9    203.378    200.619    205.987 0.000
345.375000 345.416667 9 9    192.238    182.731    204.627 0.000
345.416667 345.458333 9 9    309.757    191.189    412.430 0.000
345.458333 345.500000 9 9    240.496    227.498    254.363 0.000
345.500000 345.541667 9 9    239.742    235.656    241.880 0.000
345.541667 345.583333 9 9    240.587    227.001    267.100 0.000
345.583333 345.625000 9 9    227.140    224.014    229.576 0.000
345.625000 345.666667 9 9    236.956    234.538    238.286 0.000
345.666667 345.708333 9 9    225.864    221.252    229.024 0.000
345.708333 345.750000 9 9    217.271    215.555    219.066 0.000
345.750000 345.791667 9 9    223.677    220.160    226.257 0.000
345.791667 345.833333 9 9    232.808    229.744    235.875 0.000
345.833333 345.875000 9 9    239.412    237.611    242.037 0.000
345.875000 345.916667 9 9    249.474    245.421    252.688 0.000
345.916667 345.958333 9 9    243.818    233.397    256.831 0.000
345.958333 346.000000 9 9    238.600    234.838    242.170 0.000
346.000000 346.041667 9 9    239.903    231.596    245.514 0.000
346.041667 346.083333 9 9    236.090    213.530    263.509 0.000
346.083333 346.125000 9 9    220.128    193.800    242.509 0.000
346.125000 346.166667 9 9    169.408    161.708    175.213 0.000
346.166667 346.208333 9 9    234.347    199.184    255.144 0.000
346.208333 346.250000 9 9    236.252    229.421    240.561 0.000
346.250000 346.291667 9 9    241.262    238.086    243.353 0.000
346.291667 346.333333 9 9    226.591    224.056    231.896 0.000
346.333333 346.375000 9 9    226.545    223.255    229.574 0.000
346.375000 346.416667 9 9    252.596    233.846    244.963 0.000
346.416667 346.458333 9 9    241.994    237.492    246.545 0.000
346.458333 346.500000 9 9    261.258    257.515    265.846 0.000
346.500000 346.541667 9 9    279.521    270.009    284.031 0.000
346.541667 346.583333 9 9    287.545    279.940    297.969 0.000
346.583333 346.625000 9 9    304.668    300.614    307.977 0.000
346.625000 346.666667 9 9    298.796    291.710    308.859 0.000
346.666667 346.708333 9 9    302.308    297.123    304.849 0.000
346.708333 346.750000 9 9    304.217    302.470    307.049 0.000
346.750000 346.791667 9 9    329.746    312.017    354.794 0.000
346.791667 346.833333 9 9    427.755    383.418    453.954 0.000
346.833333 346.875000 9 9    445.898    444.483    447.734 0.000
346.875000 346.916667 9 9    441.639    433.025    452.578 0.000
346.916667 346.958333 9 9    416.132    402.774    431.765 0.000
346.958333 347.000000 9 9    362.935    340.365    377.427 0.000
347.000000 347.041667 9 9    318.184    313.693    326.524 0.000
347.041667 347.083333 9 9    281.587    267.012    306.961 0.000
347.083333 347.125000 9 9    243.015    229.910    259.161 0.000
347.125000 347.166667 9 9    225.909    219.635    234.500 0.000
347.166667 347.208333 9 9    225.848    220.788    231.240 0.000
347.208333 347.250000 9 9    234.940    231.672    241.744 0.000
347.250000 347.291667 9 9    318.180    253.927    380.997 0.000
347.291667 347.333333 9 9    348.592    338.831    354.665 0.000
347.333333 347.375000 9 9    339.444    327.643    349.575 0.000
347.375000 347.416667 9 9    417.494    378.220    454.845 0.000
347.416667 347.458333 9 9    495.650    475.842    511.704 0.000
347.458333 347.500000 9 9    417.645    379.100    460.558 0.000
347.500000 347.541667 9 9    345.244    320.849    362.556 0.000
347.541667 347.583333 9 9    304.202    295.098    312.150 0.000
347.583333 347.625000 9 9    332.749    330.311    334.781 0.000
347.625000 347.666667 9 9    328.285    313.028    335.560 0.000
347.666667 347.708333 9 9    326.576    308.113    343.461 0.000
347.708333 347.750000 9 9    341.074    338.969    344.910 0.000
347.750000 347.791667 9 9    327.522    321.724    335.298 0.000
347.791667 347.833333 9 9    312.714    309.793    315.411 0.000
347.833333 347.875000 9 9    312.455    310.685    314.571 0.000
347.875000 347.916667 9 9    305.317    302.643    310.794 0.000
347.916667 347.958333 9 9    294.045    288.447    300.339 0.000
347.958333 348.000000 9 9    283.271    275.957    293.377 0.000
348.000000 348.041667 9 9    334.168    322.818    347.284 0.000
348.041667 348.083333 9 9    310.859    303.984    319.487 0.000
348.083333 348.125000 9 9    373.795    345.873    392.900 0.000
348.125000 348.166667 9 9    414.309    408.271    426.557 0.000
348.166667 348.208333 9 9    461.430    455.624    466.721 0.000
348.208333 348.250000 9 9    485.804    477.757    493.696 0.000
348.250000 348.291667 9 9    485.725    480.936    491.736 0.000
348.291667 348.333333 9 9    489.486    479.382    497.154 0.000
348.333333 348.375000 9 9    489.937    486.808    492.959 0.000
348.375000 348.416667 9 9    597.134    503.343    696.304 0.000
348.416667 348.458333 9 9    506.781    492.789    528.281 0.000
348.458333 348.500000 9 9    487.382    466.432    508.658 0.000
348.500000 348.541667 9 9    518.075    495.490    540.702 0.000
348.541667 348.583333 9 9    491.142    481.317    499.959 0.000
348.583333 348.625000 9 9    450.936    437.393    461.026 0.000
348.625000 348.666667 9 9    464.005    457.697    469.289 0.000
348.666667 348.708333 9 9    699.483    492.010    918.796 0.000
