RRS/FI0023R.20120101000000.20181114115100.cpc.particle_number_concentration.pm10.1y.1h.FI03L_CPC_VAR_01.FI03L_CPC.lev2.nas
50 1001
Kulmala, Markku
FI03L, University of Helsinki, UHEL, Division of Atmospheric Sciences, PO BOX 64, , FI-00014, University of Helsinki, Finland
Aalto, Pasi
GAW-WDCA ACTRIS
1 1
2012 01 01 2018 11 14
0.041667
days from file reference point
7
1 1 1 1 1 1 1
999.999999 9 9 999999.999 99999.999 999999.999 9.999
end_time of measurement, days from the file reference point
pressure, hPa, Location=instrument internal, Matrix=instrument, Measurement uncertainty=
temperature, K, Location=instrument internal, Matrix=instrument, Measurement uncertainty=
particle_number_concentration, 1/cm3
particle_number_concentration, 1/cm3, Statistics=percentile:15.87
particle_number_concentration, 1/cm3, Statistics=percentile:84.13
numflag, no unit
0
29
Data definition:              EBAS_1.1
Set type code:                TU
Timezone:                     UTC
File name:                    FI0023R.20120101000000.20181114115100.cpc.particle_number_concentration.pm10.1y.1h.FI03L_CPC_VAR_01.FI03L_CPC.lev2.nas
File creation:                20200622170805
Startdate:                    20120101000000
Revision date:                20181114115100
Statistics:                   arithmetic mean
Data level:                   2
Period code:                  1y
Resolution code:              1h
Station code:                 FI0023R
Platform code:                FI0023S
Station name:                 V�rri�
Station latitude:             67.766667
Station longitude:            29.583333
Station altitude:             400.0 m
Regime:                       IMG
Component:                    particle_number_concentration
Unit:                         1/cm3
Matrix:                       pm10
Instrument type:              cpc
Laboratory code:              FI03L
Instrument name:              CPC_VAR_01
Method ref:                   FI03L_CPC
Measurement uncertainty:      5.0 %
Originator:                   Kulmala, Markku, , , , , , , , , 
Submitter:                    Aalto, Pasi, , , , , , , , , 
starttime endtime P T particle_number_concentration particle_number_concentration particle_number_concentration flag
[from data line 7751]
322.958333 323.000000 9 9    123.673   113.475    133.745 0.000
323.000000 323.041667 9 9    136.031   131.733    140.733 0.000
323.041667 323.083333 9 9    136.412   132.837    140.171 0.000
323.083333 323.125000 9 9    114.155   109.926    118.254 0.000
323.125000 323.166667 9 9    117.363   111.426    122.115 0.000
323.166667 323.208333 9 9    130.240   116.847    153.541 0.000
323.208333 323.250000 9 9    184.057   173.221    193.220 0.000
323.250000 323.291667 9 9    230.979   205.253    255.186 0.000
323.291667 323.333333 9 9    271.637   264.360    273.418 0.000
323.333333 323.375000 9 9    280.199   265.960    300.362 0.000
323.375000 323.416667 9 9    278.245   272.988    282.474 0.000
323.416667 323.458333 9 9    289.326   283.599    296.229 0.000
323.458333 323.500000 9 9    298.912   295.255    302.451 0.000
323.500000 323.541667 9 9    315.134   301.344    329.362 0.000
323.541667 323.583333 9 9    414.779   358.121    485.712 0.000
323.583333 323.625000 9 9    558.172   529.596    582.403 0.000
323.625000 323.666667 9 9    592.520   571.102    619.546 0.000
323.666667 323.708333 9 9    645.954   635.088    656.577 0.000
323.708333 323.750000 9 9    738.739   683.481    799.989 0.000
323.750000 323.791667 9 9    927.768   855.132   1011.432 0.000
323.791667 323.833333 9 9   1154.037  1094.019   1215.415 0.000
323.833333 323.875000 9 9   1290.551  1252.023   1320.654 0.000
323.875000 323.916667 9 9   1295.236  1276.735   1318.359 0.000
323.916667 323.958333 9 9   1170.528  1120.703   1227.957 0.000
323.958333 324.000000 9 9   1029.117  1005.965   1053.042 0.000
324.000000 324.041667 9 9   1040.935  1006.665   1067.795 0.000
324.041667 324.083333 9 9    949.681   906.438    988.104 0.000
324.083333 324.125000 9 9    895.088   860.960    931.055 0.000
324.125000 324.166667 9 9    893.553   864.788    918.001 0.000
324.166667 324.208333 9 9   1141.514   928.498   1248.681 0.000
324.208333 324.250000 9 9   1401.227  1348.425   1453.677 0.000
324.250000 324.291667 9 9   1476.486  1464.961   1490.083 0.000
324.291667 324.333333 9 9   1477.817  1465.561   1490.133 0.000
324.333333 324.375000 9 9   1519.599  1511.058   1530.185 0.000
324.375000 324.416667 9 9   1502.787  1477.191   1532.546 0.000
324.416667 324.458333 9 9   1457.067  1433.425   1479.080 0.000
324.458333 324.500000 9 9   1435.419  1422.029   1446.885 0.000
324.500000 324.541667 9 9   1404.040  1374.752   1436.664 0.000
324.541667 324.583333 9 9   1297.954  1277.046   1322.630 0.000
324.583333 324.625000 9 9   1265.557  1245.106   1280.185 0.000
324.625000 324.666667 9 9   1221.089  1159.339   1308.848 0.000
324.666667 324.708333 9 9   1289.576  1178.477   1365.727 0.000
324.708333 324.750000 9 9   1183.383  1156.127   1214.842 0.000
324.750000 324.791667 9 9   1050.741  1024.219   1094.475 0.000
324.791667 324.833333 9 9    776.451   659.586    942.892 0.000
324.833333 324.875000 9 9    574.070   493.339    715.185 0.000
324.875000 324.916667 9 9    446.302   392.388    509.385 0.000
324.916667 324.958333 9 9    341.059   330.933    348.072 0.000
324.958333 325.000000 9 9    346.814   310.807    397.638 0.000
325.000000 325.041667 9 9    289.358   243.401    336.613 0.000
325.041667 325.083333 9 9    424.420   381.048    452.412 0.000
325.083333 325.125000 9 9    472.859   446.958    508.519 0.000
325.125000 325.166667 9 9    302.167   212.606    451.016 0.000
325.166667 325.208333 9 9    214.041   212.362    215.751 0.000
325.208333 325.250000 9 9    230.194   222.954    236.306 0.000
325.250000 325.291667 9 9    233.266   222.303    241.374 0.000
325.291667 325.333333 9 9    173.178   154.321    198.124 0.000
325.333333 325.375000 9 9    129.237   123.639    139.360 0.000
325.375000 325.416667 9 9    122.606   115.071    129.426 0.000
325.416667 325.458333 9 9    109.361   105.990    112.821 0.000
325.458333 325.500000 9 9    102.955    95.718    113.049 0.000
325.500000 325.541667 9 9    108.449    98.807    119.008 0.000
325.541667 325.583333 9 9    117.454   112.496    121.614 0.000
325.583333 325.625000 9 9     95.550    78.312    109.598 0.000
325.625000 325.666667 9 9     79.899    72.908     86.215 0.000
325.666667 325.708333 9 9     96.769    81.428    114.981 0.000
325.708333 325.750000 9 9    134.502   120.219    149.571 0.000
325.750000 325.791667 9 9    144.577   124.505    160.230 0.000
325.791667 325.833333 9 9    201.595   145.363    240.958 0.000
325.833333 325.875000 9 9    186.318   138.179    235.972 0.000
325.875000 325.916667 9 9    149.041   130.738    171.529 0.000
325.916667 325.958333 9 9    176.680   161.602    188.325 0.000
325.958333 326.000000 9 9    198.196   160.368    251.959 0.000
326.000000 326.041667 9 9    254.884   240.851    264.882 0.000
326.041667 326.083333 9 9    167.291   125.710    223.668 0.000
326.083333 326.125000 9 9    112.201   107.144    115.236 0.000
326.125000 326.166667 9 9    114.503   103.652    125.452 0.000
326.166667 326.208333 9 9    203.974   168.730    228.035 0.000
326.208333 326.250000 9 9    231.925   230.845    233.191 0.000
326.250000 326.291667 9 9    228.482   225.855    231.769 0.000
326.291667 326.333333 9 9    214.346   209.644    218.795 0.000
326.333333 326.375000 9 9    160.747   118.654    207.574 0.000
326.375000 326.416667 9 9    114.178   100.208    125.021 0.000
326.416667 326.458333 9 9    124.567   107.950    145.668 0.000
326.458333 326.500000 9 9    122.601   113.929    132.841 0.000
326.500000 326.541667 9 9    154.060   139.883    167.170 0.000
326.541667 326.583333 9 9    197.134   173.095    220.164 0.000
326.583333 326.625000 9 9    172.764   137.037    203.392 0.000
326.625000 326.666667 9 9    113.350   106.293    123.527 0.000
326.666667 326.708333 9 9    134.810   115.508    150.559 0.000
326.708333 326.750000 9 9    103.556    80.757    136.513 0.000
326.750000 326.791667 9 9     73.813    69.743     79.398 0.000
326.791667 326.833333 9 9     86.250    77.740     98.204 0.000
326.833333 326.875000 9 9     92.946    70.543    114.122 0.000
326.875000 326.916667 9 9    117.498   113.353    121.167 0.000
326.916667 326.958333 9 9    115.957   110.188    120.639 0.000
326.958333 327.000000 9 9    109.980   105.929    113.364 0.000
327.000000 327.041667 9 9    107.991   104.249    112.408 0.000
327.041667 327.083333 9 9     96.110    91.532     99.546 0.000
327.083333 327.125000 9 9     85.203    81.076     90.748 0.000
327.125000 327.166667 9 9     77.715    75.738     81.152 0.000
327.166667 327.208333 9 9     76.503    72.998     79.124 0.000
327.208333 327.250000 9 9     73.205    67.307     76.275 0.000
327.250000 327.291667 9 9     65.548    63.369     68.236 0.000
327.291667 327.333333 9 9     69.260    67.214     71.598 0.000
327.333333 327.375000 9 9     72.335    67.626     74.807 0.000
327.375000 327.416667 9 9     72.605    68.268     78.826 0.000
327.416667 327.458333 9 9     76.624    66.728     84.004 0.000
327.458333 327.500000 9 9     87.251    66.295    119.270 0.000
327.500000 327.541667 9 9    104.146    85.711    122.378 0.000
327.541667 327.583333 9 9     77.212    70.471     83.955 0.000
327.583333 327.625000 9 9     89.259    86.174     92.579 0.000
327.625000 327.666667 9 9    116.344   100.357    131.826 0.000
327.666667 327.708333 9 9    145.704   131.683    165.014 0.000
327.708333 327.750000 9 9    270.869   156.104    413.945 0.000
327.750000 327.791667 9 9    555.114   519.484    594.378 0.000
327.791667 327.833333 9 9    581.000   536.031    634.515 0.000
327.833333 327.875000 9 9    650.960   615.228    677.632 0.000
327.875000 327.916667 9 9    568.352   496.406    637.317 0.000
327.916667 327.958333 9 9    347.486   268.739    423.706 0.000
327.958333 328.000000 9 9    183.481   130.587    236.437 0.000
328.000000 328.041667 9 9     82.608    57.881    115.123 0.000
328.041667 328.083333 9 9     57.739    49.560     69.877 0.000
328.083333 328.125000 9 9     99.330    72.543    125.365 0.000
328.125000 328.166667 9 9    205.873   156.390    238.205 0.000
328.166667 328.208333 9 9    188.869   160.261    225.516 0.000
328.208333 328.250000 9 9    152.924   135.142    170.373 0.000
328.250000 328.291667 9 9     99.933    90.975    113.490 0.000
328.291667 328.333333 9 9    103.072    99.440    107.053 0.000
328.333333 328.375000 9 9     90.575    78.208    101.508 0.000
328.375000 328.416667 9 9     60.705    49.372     68.915 0.000
328.416667 328.458333 9 9     32.697    30.115     36.608 0.000
328.458333 328.500000 9 9     30.929    30.314     31.486 0.000
328.500000 328.541667 9 9     33.491    32.923     34.137 0.000
328.541667 328.583333 9 9     33.890    33.210     34.501 0.000
328.583333 328.625000 9 9     33.801    32.623     34.866 0.000
328.625000 328.666667 9 9     32.631    31.417     34.117 0.000
328.666667 328.708333 9 9     36.527    33.220     39.212 0.000
328.708333 328.750000 9 9     39.782    38.949     40.606 0.000
328.750000 328.791667 9 9     38.060    36.755     39.056 0.000
328.791667 328.833333 9 9     53.993    46.310     58.402 0.000
328.833333 328.875000 9 9     56.989    54.972     58.314 0.000
328.875000 328.916667 9 9     51.882    50.928     53.619 0.000
328.916667 328.958333 9 9     50.214    48.681     51.561 0.000
328.958333 329.000000 9 9     48.392    46.362     51.204 0.000
329.000000 329.041667 9 9     50.349    47.356     52.485 0.000
329.041667 329.083333 9 9     59.604    56.775     62.879 0.000
329.083333 329.125000 9 9     55.736    51.451     60.389 0.000
329.125000 329.166667 9 9     63.309    56.312     70.543 0.000
329.166667 329.208333 9 9     86.292    80.311     91.736 0.000
329.208333 329.250000 9 9     57.769    45.753     68.988 0.000
329.250000 329.291667 9 9     43.076    41.960     43.915 0.000
329.291667 329.333333 9 9     52.182    47.594     56.460 0.000
329.333333 329.375000 9 9     61.861    54.487     68.411 0.000
329.375000 329.416667 9 9     79.887    64.769     88.808 0.000
329.416667 329.458333 9 9    133.569   119.694    147.750 0.000
329.458333 329.500000 9 9    111.709    93.169    131.959 0.000
329.500000 329.541667 9 9    145.532   109.090    172.597 0.000
329.541667 329.583333 9 9    190.634   138.489    273.923 0.000
329.583333 329.625000 9 9    221.141   120.582    314.791 0.000
329.625000 329.666667 9 9    116.205   107.605    124.512 0.000
329.666667 329.708333 9 9    186.253   116.002    294.513 0.000
329.708333 329.750000 9 9    360.398   346.529    374.969 0.000
329.750000 329.791667 9 9    324.011   258.123    419.567 0.000
329.791667 329.833333 9 9    375.171   304.995    488.082 0.000
329.833333 329.875000 9 9    143.984    90.207    193.326 0.000
329.875000 329.916667 9 9     54.827    38.565     67.224 0.000
329.916667 329.958333 9 9     34.255    33.112     35.487 0.000
329.958333 330.000000 9 9     32.329    31.355     33.190 0.000
330.000000 330.041667 9 9     33.640    31.456     36.177 0.000
330.041667 330.083333 9 9     30.223    22.354     36.804 0.000
330.083333 330.125000 9 9     23.262    20.875     25.606 0.000
330.125000 330.166667 9 9     26.607    24.514     29.222 0.000
330.166667 330.208333 9 9     27.336    26.559     28.126 0.000
330.208333 330.250000 9 9     25.520    23.316     27.415 0.000
330.250000 330.291667 9 9     27.379    24.658     30.313 0.000
330.291667 330.333333 9 9     29.847    27.390     32.199 0.000
330.333333 330.375000 9 9     40.666    30.940     52.441 0.000
330.375000 330.416667 9 9     85.124    68.747     97.178 0.000
330.416667 330.458333 9 9     94.405    89.201    100.202 0.000
330.458333 330.500000 9 9    126.609   104.452    143.311 0.000
330.500000 330.541667 9 9    153.645   142.632    161.479 0.000
330.541667 330.583333 9 9    283.884   216.801    345.332 0.000
330.583333 330.625000 9 9    371.511   341.233    405.247 0.000
330.625000 330.666667 9 9    240.634   204.881    282.179 0.000
330.666667 330.708333 9 9    189.193   183.290    195.395 0.000
330.708333 330.750000 9 9    194.643   190.206    198.371 0.000
330.750000 330.791667 9 9    203.060   195.908    209.203 0.000
330.791667 330.833333 9 9    214.084   209.034    218.917 0.000
330.833333 330.875000 9 9    207.892   194.757    222.554 0.000
330.875000 330.916667 9 9    455.784   280.342    609.083 0.000
330.916667 330.958333 9 9    381.477   330.128    437.547 0.000
330.958333 331.000000 9 9    229.223   183.873    284.711 0.000
331.000000 331.041667 9 9    146.480   127.156    163.435 0.000
331.041667 331.083333 9 9    111.172   105.401    118.514 0.000
331.083333 331.125000 9 9    119.096    96.970    149.694 0.000
331.125000 331.166667 9 9    100.112    88.971    121.648 0.000
331.166667 331.208333 9 9    109.453   103.256    112.772 0.000
331.208333 331.250000 9 9    111.401   108.867    112.726 0.000
331.250000 331.291667 9 9    132.596   112.316    145.674 0.000
331.291667 331.333333 9 9    157.308   136.764    192.932 0.000
331.333333 331.375000 9 9    148.658   140.521    155.364 0.000
331.375000 331.416667 9 9    160.092   137.970    180.814 0.000
331.416667 331.458333 9 9    119.888    99.180    141.095 0.000
331.458333 331.500000 9 9     89.709    75.124    115.935 0.000
331.500000 331.541667 9 9     83.414    72.900    100.653 0.000
331.541667 331.583333 9 9    107.070    92.906    124.690 0.000
331.583333 331.625000 9 9    158.415   139.380    184.755 0.000
331.625000 331.666667 9 9    211.168   194.216    222.145 0.000
331.666667 331.708333 9 9    243.993   239.509    249.725 0.000
331.708333 331.750000 9 9    256.249   252.043    260.418 0.000
331.750000 331.791667 9 9    272.379   253.158    295.479 0.000
331.791667 331.833333 9 9    678.822   603.142    755.643 0.000
331.833333 331.875000 9 9    814.550   742.590    884.034 0.000
331.875000 331.916667 9 9    553.765   453.400    666.798 0.000
331.916667 331.958333 9 9    130.238    88.794    191.659 0.000
331.958333 332.000000 9 9    114.061    99.881    125.206 0.000
332.000000 332.041667 9 9    129.033   118.823    144.068 0.000
332.041667 332.083333 9 9    103.951    98.595    111.415 0.000
332.083333 332.125000 9 9    100.490    98.844    101.958 0.000
332.125000 332.166667 9 9    105.621   101.423    108.929 0.000
332.166667 332.208333 9 9     96.056    90.568    102.758 0.000
332.208333 332.250000 9 9     79.791    71.977     88.436 0.000
332.250000 332.291667 9 9     96.493    63.999    144.208 0.000
332.291667 332.333333 9 9    101.904    74.830    130.247 0.000
332.333333 332.375000 9 9    108.340    74.437    141.099 0.000
332.375000 332.416667 9 9    117.489    77.848    141.043 0.000
332.416667 332.458333 9 9     82.609    79.792     84.353 0.000
332.458333 332.500000 9 9     86.744    84.032     87.277 0.000
332.500000 332.541667 9 9     81.818    79.291     84.735 0.000
332.541667 332.583333 9 9     84.110    75.687     98.951 0.000
332.583333 332.625000 9 9     73.931    72.620     75.616 0.000
332.625000 332.666667 9 9     85.379    75.865     94.435 0.000
332.666667 332.708333 9 9     97.812    96.569     99.137 0.000
332.708333 332.750000 9 9     93.218    90.032     96.831 0.000
332.750000 332.791667 9 9    101.485    92.079    110.985 0.000
332.791667 332.833333 9 9    121.946   115.393    128.962 0.000
332.833333 332.875000 9 9    150.808   135.318    164.109 0.000
332.875000 332.916667 9 9    162.273   157.283    168.230 0.000
332.916667 332.958333 9 9    184.463   178.346    191.485 0.000
332.958333 333.000000 9 9    202.445   187.787    223.272 0.000
333.000000 333.041667 9 9    244.741   222.899    271.083 0.000
333.041667 333.083333 9 9    336.464   312.400    353.172 0.000
333.083333 333.125000 9 9    335.360   310.330    362.241 0.000
333.125000 333.166667 9 9    306.343   287.843    317.832 0.000
333.166667 333.208333 9 9    258.733   240.750    278.622 0.000
333.208333 333.250000 9 9    265.502   254.090    275.213 0.000
333.250000 333.291667 9 9    253.917   237.320    271.270 0.000
333.291667 333.333333 9 9    282.477   265.264    301.772 0.000
