RRS/FI0023R.20110101000000.20181114115100.cpc.particle_number_concentration.pm10.1y.1h.FI03L_CPC_VAR_01.FI03L_CPC.lev2.nas
50 1001
Kulmala, Markku
FI03L, University of Helsinki, UHEL, Division of Atmospheric Sciences, PO BOX 64, , FI-00014, University of Helsinki, Finland
Aalto, Pasi
GAW-WDCA ACTRIS
1 1
2011 01 01 2018 11 14
0.041667
days from file reference point
7
1 1 1 1 1 1 1
999.999999 9 9 999999.999 999999.999 999999.999 9.999
end_time of measurement, days from the file reference point
pressure, hPa, Location=instrument internal, Matrix=instrument, Measurement uncertainty=
temperature, K, Location=instrument internal, Matrix=instrument, Measurement uncertainty=
particle_number_concentration, 1/cm3
particle_number_concentration, 1/cm3, Statistics=percentile:15.87
particle_number_concentration, 1/cm3, Statistics=percentile:84.13
numflag, no unit
0
29
Data definition:              EBAS_1.1
Set type code:                TU
Timezone:                     UTC
File name:                    FI0023R.20110101000000.20181114115100.cpc.particle_number_concentration.pm10.1y.1h.FI03L_CPC_VAR_01.FI03L_CPC.lev2.nas
File creation:                20200622170804
Startdate:                    20110101000000
Revision date:                20181114115100
Statistics:                   arithmetic mean
Data level:                   2
Period code:                  1y
Resolution code:              1h
Station code:                 FI0023R
Platform code:                FI0023S
Station name:                 V�rri�
Station latitude:             67.766667
Station longitude:            29.583333
Station altitude:             400.0 m
Regime:                       IMG
Component:                    particle_number_concentration
Unit:                         1/cm3
Matrix:                       pm10
Instrument type:              cpc
Laboratory code:              FI03L
Instrument name:              CPC_VAR_01
Method ref:                   FI03L_CPC
Measurement uncertainty:      5.0 %
Originator:                   Kulmala, Markku, , , , , , , , , 
Submitter:                    Aalto, Pasi, , , , , , , , , 
starttime endtime P T particle_number_concentration particle_number_concentration particle_number_concentration flag
[from data line 493]
 20.541667  20.583333 9 9    540.529    523.269    558.091 0.000
 20.583333  20.625000 9 9    561.069    555.302    566.888 0.000
 20.625000  20.666667 9 9    599.500    565.084    617.756 0.000
 20.666667  20.708333 9 9    673.959    652.217    687.132 0.000
 20.708333  20.750000 9 9    657.515    653.137    664.176 0.000
 20.750000  20.791667 9 9    662.418    654.543    671.099 0.000
 20.791667  20.833333 9 9    661.138    654.558    671.085 0.000
 20.833333  20.875000 9 9    677.393    663.795    693.458 0.000
 20.875000  20.916667 9 9    730.514    696.374    767.630 0.000
 20.916667  20.958333 9 9    761.640    743.373    776.043 0.000
 20.958333  21.000000 9 9    701.550    666.672    732.035 0.000
 21.000000  21.041667 9 9    625.487    593.035    656.306 0.000
 21.041667  21.083333 9 9    550.469    519.884    575.761 0.000
 21.083333  21.125000 9 9    473.861    455.951    496.762 0.000
 21.125000  21.166667 9 9    445.474    435.165    452.867 0.000
 21.166667  21.208333 9 9    427.044    424.288    431.408 0.000
 21.208333  21.250000 9 9    434.341    427.377    443.213 0.000
 21.250000  21.291667 9 9    458.890    447.138    470.766 0.000
 21.291667  21.333333 9 9    519.602    474.518    543.119 0.000
 21.333333  21.375000 9 9    530.557    492.567    584.606 0.000
 21.375000  21.416667 9 9    508.368    502.859    513.149 0.000
 21.416667  21.458333 9 9    512.966    509.511    516.831 0.000
 21.458333  21.500000 9 9    517.224    515.169    520.986 0.000
 21.500000  21.541667 9 9    512.211    508.480    516.435 0.000
 21.541667  21.583333 9 9    527.022    520.754    533.519 0.000
 21.583333  21.625000 9 9    553.341    522.647    601.221 0.000
 21.625000  21.666667 9 9    519.672    515.782    522.306 0.000
 21.666667  21.708333 9 9    519.040    514.845    522.917 0.000
 21.708333  21.750000 9 9    509.811    506.015    513.563 0.000
 21.750000  21.791667 9 9    493.893    488.803    498.315 0.000
 21.791667  21.833333 9 9    481.251    469.494    488.182 0.000
 21.833333  21.875000 9 9    449.388    441.201    459.953 0.000
 21.875000  21.916667 9 9    421.255    408.754    432.828 0.000
 21.916667  21.958333 9 9    378.219    363.661    400.828 0.000
 21.958333  22.000000 9 9    335.697    319.224    351.391 0.000
 22.000000  22.041667 9 9    301.993    296.963    305.016 0.000
 22.041667  22.083333 9 9    278.728    259.090    290.651 0.000
 22.083333  22.125000 9 9    173.716    138.373    227.353 0.000
 22.125000  22.166667 9 9    107.281     95.599    114.590 0.000
 22.166667  22.208333 9 9    152.865    108.079    192.499 0.000
 22.208333  22.250000 9 9    194.692    190.428    202.136 0.000
 22.250000  22.291667 9 9    151.159    138.954    163.041 0.000
 22.291667  22.333333 9 9    135.493    115.846    145.525 0.000
 22.333333  22.375000 9 9    126.489    104.641    146.933 0.000
 22.375000  22.416667 9 9    116.203    105.181    127.371 0.000
 22.416667  22.458333 9 9     70.174     53.961     85.883 0.000
 22.458333  22.500000 9 9    163.845     57.335    328.162 0.000
 22.500000  22.541667 9 9     66.404     61.526     75.782 0.000
 22.541667  22.583333 9 9     68.514     59.380     76.519 0.000
 22.583333  22.625000 9 9     79.153     69.099     85.967 0.000
 22.625000  22.666667 9 9     90.647     80.952     99.391 0.000
 22.666667  22.708333 9 9    103.792    100.746    106.173 0.000
 22.708333  22.750000 9 9     89.391     84.212     95.492 0.000
 22.750000  22.791667 9 9     88.076     84.764     94.132 0.000
 22.791667  22.833333 9 9     94.473     91.347     98.255 0.000
 22.833333  22.875000 9 9    100.815     99.508    101.430 0.000
 22.875000  22.916667 9 9    115.679    104.533    131.579 0.000
 22.916667  22.958333 9 9    179.912    147.953    203.224 0.000
 22.958333  23.000000 9 9    221.369    208.393    233.295 0.000
 23.000000  23.041667 9 9    252.998    236.388    280.960 0.000
 23.041667  23.083333 9 9    327.910    295.825    357.548 0.000
 23.083333  23.125000 9 9    372.848    367.659    379.074 0.000
 23.125000  23.166667 9 9    379.177    370.476    394.371 0.000
 23.166667  23.208333 9 9    382.828    378.532    389.963 0.000
 23.208333  23.250000 9 9    434.759    403.794    457.869 0.000
 23.250000  23.291667 9 9    464.144    450.535    471.151 0.000
 23.291667  23.333333 9 9    457.218    453.580    461.001 0.000
 23.333333  23.375000 9 9    420.510    383.986    451.035 0.000
 23.375000  23.416667 9 9    380.091    360.567    398.003 0.000
 23.416667  23.458333 9 9    288.266    239.643    333.895 0.000
 23.458333  23.500000 9 9    228.596    218.138    238.726 0.000
 23.500000  23.541667 9 9    199.179    187.435    213.657 0.000
 23.541667  23.583333 9 9    330.917    286.696    383.253 0.000
 23.583333  23.625000 9 9    264.276    217.859    319.498 0.000
 23.625000  23.666667 9 9    218.141    202.958    229.667 0.000
 23.666667  23.708333 9 9    174.120    147.951    199.166 0.000
 23.708333  23.750000 9 9    134.313    108.572    182.767 0.000
 23.750000  23.791667 9 9    128.290    116.012    143.840 0.000
 23.791667  23.833333 9 9    118.283    114.997    121.138 0.000
 23.833333  23.875000 9 9     84.181     68.500    105.411 0.000
 23.875000  23.916667 9 9     64.659     63.989     65.917 0.000
 23.916667  23.958333 9 9     60.789     57.016     64.395 0.000
 23.958333  24.000000 9 9     53.573     52.041     55.818 0.000
 24.000000  24.041667 9 9     50.554     48.985     52.462 0.000
 24.041667  24.083333 9 9     48.770     48.297     49.403 0.000
 24.083333  24.125000 9 9     48.557     48.024     48.985 0.000
 24.125000  24.166667 9 9     48.839     48.017     49.491 0.000
 24.166667  24.208333 9 9     45.526     44.043     46.804 0.000
 24.208333  24.250000 9 9     41.169     39.269     43.414 0.000
 24.250000  24.291667 9 9     37.523     36.400     38.645 0.000
 24.291667  24.333333 9 9     45.005     36.230     55.977 0.000
 24.333333  24.375000 9 9     44.816     41.189     50.004 0.000
 24.375000  24.416667 9 9     45.107     39.750     52.520 0.000
 24.416667  24.458333 9 9     46.474     42.072     51.109 0.000
 24.458333  24.500000 9 9     54.349     48.794     63.098 0.000
 24.500000  24.541667 9 9     53.880     47.439     58.594 0.000
 24.541667  24.583333 9 9     55.541     54.388     56.937 0.000
 24.583333  24.625000 9 9     53.293     51.905     54.865 0.000
 24.625000  24.666667 9 9     62.353     49.635     78.181 0.000
 24.666667  24.708333 9 9     50.414     49.408     51.401 0.000
 24.708333  24.750000 9 9     55.452     50.353     61.148 0.000
 24.750000  24.791667 9 9     49.481     48.435     50.747 0.000
 24.791667  24.833333 9 9     54.013     50.969     58.009 0.000
 24.833333  24.875000 9 9     55.685     51.969     64.534 0.000
 24.875000  24.916667 9 9     58.442     53.803     62.508 0.000
 24.916667  24.958333 9 9     62.023     60.566     63.790 0.000
 24.958333  25.000000 9 9     55.927     52.542     59.574 0.000
 25.000000  25.041667 9 9     52.796     51.980     53.406 0.000
 25.041667  25.083333 9 9     54.817     53.491     56.824 0.000
 25.083333  25.125000 9 9     57.439     56.964     58.141 0.000
 25.125000  25.166667 9 9     50.086     44.558     55.463 0.000
 25.166667  25.208333 9 9     44.913     40.284     48.957 0.000
 25.208333  25.250000 9 9     48.084     45.513     51.757 0.000
 25.250000  25.291667 9 9     48.827     46.148     51.307 0.000
 25.291667  25.333333 9 9     58.649     54.759     63.253 0.000
 25.333333  25.375000 9 9     79.923     64.800    101.974 0.000
 25.375000  25.416667 9 9     61.990     60.740     63.381 0.000
 25.416667  25.458333 9 9     58.664     57.774     60.165 0.000
 25.458333  25.500000 9 9     61.281     56.508     71.559 0.000
 25.500000  25.541667 9 9     75.566     71.212     80.141 0.000
 25.541667  25.583333 9 9     89.126     73.379    121.924 0.000
 25.583333  25.625000 9 9    101.673     95.726    107.051 0.000
 25.625000  25.666667 9 9    134.215    120.163    153.048 0.000
 25.666667  25.708333 9 9    184.045    169.777    200.520 0.000
 25.708333  25.750000 9 9    212.556    202.655    222.062 0.000
 25.750000  25.791667 9 9    237.939    220.967    253.111 0.000
 25.791667  25.833333 9 9    237.211    233.074    242.549 0.000
 25.833333  25.875000 9 9    258.939    251.374    265.813 0.000
 25.875000  25.916667 9 9    261.508    248.627    272.931 0.000
 25.916667  25.958333 9 9    298.617    285.070    316.796 0.000
 25.958333  26.000000 9 9    228.421    207.660    265.600 0.000
 26.000000  26.041667 9 9    214.990    195.915    226.117 0.000
 26.041667  26.083333 9 9    169.884    151.802    189.609 0.000
 26.083333  26.125000 9 9    154.414    143.229    167.522 0.000
 26.125000  26.166667 9 9    125.115    115.700    133.427 0.000
 26.166667  26.208333 9 9    122.314    109.417    136.642 0.000
 26.208333  26.250000 9 9    105.172     99.001    112.072 0.000
 26.250000  26.291667 9 9     95.929     88.790    103.215 0.000
 26.291667  26.333333 9 9    113.856    109.071    119.264 0.000
 26.333333  26.375000 9 9    137.472    119.200    150.592 0.000
 26.375000  26.416667 9 9    163.793    154.892    177.187 0.000
 26.416667  26.458333 9 9    216.957    199.116    229.978 0.000
 26.458333  26.500000 9 9    221.783    209.759    234.016 0.000
 26.500000  26.541667 9 9    261.881    239.145    286.104 0.000
 26.541667  26.583333 9 9    333.967    324.542    344.870 0.000
 26.583333  26.625000 9 9    321.233    312.245    327.144 0.000
 26.625000  26.666667 9 9    301.173    287.625    309.698 0.000
 26.666667  26.708333 9 9    288.718    275.518    298.982 0.000
 26.708333  26.750000 9 9    260.777    255.206    266.582 0.000
 26.750000  26.791667 9 9    238.082    220.146    260.623 0.000
 26.791667  26.833333 9 9    191.131    178.579    206.465 0.000
 26.833333  26.875000 9 9    140.943    123.459    163.780 0.000
 26.875000  26.916667 9 9     98.605     87.969    110.572 0.000
 26.916667  26.958333 9 9     76.700     72.122     82.342 0.000
 26.958333  27.000000 9 9     73.786     71.418     76.784 0.000
 27.000000  27.041667 9 9     92.051     82.046     98.676 0.000
 27.041667  27.083333 9 9     85.944     83.397     90.230 0.000
 27.083333  27.125000 9 9     81.623     77.497     85.929 0.000
 27.125000  27.166667 9 9    124.821    103.480    142.709 0.000
 27.166667  27.208333 9 9    153.195    151.226    154.850 0.000
 27.208333  27.250000 9 9    149.349    147.850    151.147 0.000
 27.250000  27.291667 9 9    150.578    146.458    154.018 0.000
 27.291667  27.333333 9 9    166.351    146.189    187.186 0.000
 27.333333  27.375000 9 9    206.074    194.968    212.464 0.000
 27.375000  27.416667 9 9    214.519    189.860    252.974 0.000
 27.416667  27.458333 9 9    238.508    199.048    277.999 0.000
 27.458333  27.500000 9 9    136.378    106.749    163.130 0.000
 27.500000  27.541667 9 9     60.972     46.908     80.182 0.000
 27.541667  27.583333 9 9     39.174     32.568     45.833 0.000
 27.583333  27.625000 9 9     43.721     30.604     53.095 0.000
 27.625000  27.666667 9 9     41.365     36.868     49.628 0.000
 27.666667  27.708333 9 9     38.155     37.500     38.948 0.000
 27.708333  27.750000 9 9     41.332     39.107     43.254 0.000
 27.750000  27.791667 9 9     45.716     36.406     57.911 0.000
 27.791667  27.833333 9 9     37.701     36.935     38.303 0.000
 27.833333  27.875000 9 9     39.869     37.556     42.625 0.000
 27.875000  27.916667 9 9     44.109     43.229     44.898 0.000
 27.916667  27.958333 9 9     61.374     46.264     78.174 0.000
 27.958333  28.000000 9 9     72.025     70.097     73.501 0.000
 28.000000  28.041667 9 9     75.482     70.923     84.951 0.000
 28.041667  28.083333 9 9     90.425     88.135     92.987 0.000
 28.083333  28.125000 9 9     88.422     87.313     90.061 0.000
 28.125000  28.166667 9 9    101.682     88.984    112.836 0.000
 28.166667  28.208333 9 9    116.200    111.499    119.992 0.000
 28.208333  28.250000 9 9    105.524     99.217    110.943 0.000
 28.250000  28.291667 9 9    108.216    106.402    110.419 0.000
 28.291667  28.333333 9 9    235.896    214.970    268.646 0.000
 28.333333  28.375000 9 9    312.369    226.099    465.898 0.000
 28.375000  28.416667 9 9    466.799    413.350    502.708 0.000
 28.416667  28.458333 9 9    591.133    494.185    672.553 0.000
 28.458333  28.500000 9 9    655.176    549.282    735.931 0.000
 28.500000  28.541667 9 9    279.642    244.122    309.796 0.000
 28.541667  28.583333 9 9    440.295    345.975    558.035 0.000
 28.583333  28.625000 9 9    739.288    618.465    810.815 0.000
 28.625000  28.666667 9 9    748.240    696.446    785.421 0.000
 28.666667  28.708333 9 9    561.271    493.438    629.623 0.000
 28.708333  28.750000 9 9    388.713    343.144    443.480 0.000
 28.750000  28.791667 9 9    301.095    283.129    320.471 0.000
 28.791667  28.833333 9 9    250.479    233.480    269.999 0.000
 28.833333  28.875000 9 9    207.840    198.186    216.037 0.000
 28.875000  28.916667 9 9    180.799    171.339    191.295 0.000
 28.916667  28.958333 9 9    156.104    148.470    163.302 0.000
 28.958333  29.000000 9 9    130.353    123.394    139.763 0.000
 29.000000  29.041667 9 9    140.886     91.611    222.390 0.000
 29.041667  29.083333 9 9    278.614    266.097    308.910 0.000
 29.083333  29.125000 9 9    153.168    126.299    177.058 0.000
 29.125000  29.166667 9 9    156.434    139.425    183.333 0.000
 29.166667  29.208333 9 9    135.107    118.489    146.426 0.000
 29.208333  29.250000 9 9    111.985    104.438    119.032 0.000
 29.250000  29.291667 9 9    103.826    101.585    109.280 0.000
 29.291667  29.333333 9 9    101.202     97.839    106.399 0.000
 29.333333  29.375000 9 9     82.062     73.958     93.557 0.000
 29.375000  29.416667 9 9     61.101     56.582     67.275 0.000
 29.416667  29.458333 9 9     62.427     55.998     72.187 0.000
 29.458333  29.500000 9 9     85.212     81.299     88.136 0.000
 29.500000  29.541667 9 9     95.117     90.805    100.267 0.000
 29.541667  29.583333 9 9    103.952     99.192    109.974 0.000
 29.583333  29.625000 9 9    117.132    115.242    119.449 0.000
 29.625000  29.666667 9 9    125.763    121.763    127.967 0.000
 29.666667  29.708333 9 9    116.421    112.963    120.556 0.000
 29.708333  29.750000 9 9    122.682    117.072    127.521 0.000
 29.750000  29.791667 9 9    121.828    117.173    127.045 0.000
 29.791667  29.833333 9 9    116.108    112.843    117.887 0.000
 29.833333  29.875000 9 9    114.979    109.607    122.613 0.000
 29.875000  29.916667 9 9     97.126     84.506    109.846 0.000
 29.916667  29.958333 9 9     97.410     89.364    105.768 0.000
 29.958333  30.000000 9 9     83.026     77.577     87.724 0.000
 30.000000  30.041667 9 9     76.147     71.107     80.205 0.000
 30.041667  30.083333 9 9     86.313     62.792    128.503 0.000
 30.083333  30.125000 9 9    182.316    137.165    244.394 0.000
 30.125000  30.166667 9 9    242.278    226.728    253.592 0.000
 30.166667  30.208333 9 9    160.313    152.588    165.779 0.000
 30.208333  30.250000 9 9    151.579    149.796    153.070 0.000
 30.250000  30.291667 9 9    169.482    156.729    185.921 0.000
 30.291667  30.333333 9 9    263.588    214.612    318.567 0.000
 30.333333  30.375000 9 9    264.306    243.801    278.064 0.000
 30.375000  30.416667 9 9    261.257    244.073    277.323 0.000
 30.416667  30.458333 9 9    347.968    276.321    446.319 0.000
 30.458333  30.500000 9 9    446.877    438.342    454.738 0.000
 30.500000  30.541667 9 9    431.548    424.353    439.430 0.000
 30.541667  30.583333 9 9    400.878    376.849    426.962 0.000
 30.583333  30.625000 9 9    361.633    308.857    396.321 0.000
 30.625000  30.666667 9 9    396.613    387.456    404.474 0.000
 30.666667  30.708333 9 9    402.096    389.765    411.062 0.000
 30.708333  30.750000 9 9    355.520    331.881    380.477 0.000
