RRS/FI0023R.20060101000000.20181114115100.cpc.particle_number_concentration.pm10.1y.1h.FI03L_CPC_VAR_01.FI03L_CPC.lev2.nas
50 1001
Kulmala, Markku
FI03L, University of Helsinki, UHEL, Division of Atmospheric Sciences, PO BOX 64, , FI-00014, University of Helsinki, Finland
Aalto, Pasi
GAW-WDCA
1 1
2006 01 01 2018 11 14
0.041667
days from file reference point
7
1 1 1 1 1 1 1
999.999999 9 9 999999.999 999999.999 999999.999 9.999
end_time of measurement, days from the file reference point
pressure, hPa, Location=instrument internal, Matrix=instrument, Measurement uncertainty=
temperature, K, Location=instrument internal, Matrix=instrument, Measurement uncertainty=
particle_number_concentration, 1/cm3
particle_number_concentration, 1/cm3, Statistics=percentile:15.87
particle_number_concentration, 1/cm3, Statistics=percentile:84.13
numflag, no unit
0
29
Data definition:              EBAS_1.1
Set type code:                TU
Timezone:                     UTC
File name:                    FI0023R.20060101000000.20181114115100.cpc.particle_number_concentration.pm10.1y.1h.FI03L_CPC_VAR_01.FI03L_CPC.lev2.nas
File creation:                20200622170800
Startdate:                    20060101000000
Revision date:                20181114115100
Statistics:                   arithmetic mean
Data level:                   2
Period code:                  1y
Resolution code:              1h
Station code:                 FI0023R
Platform code:                FI0023S
Station name:                 V�rri�
Station latitude:             67.766667
Station longitude:            29.583333
Station altitude:             400.0 m
Regime:                       IMG
Component:                    particle_number_concentration
Unit:                         1/cm3
Matrix:                       pm10
Instrument type:              cpc
Laboratory code:              FI03L
Instrument name:              CPC_VAR_01
Method ref:                   FI03L_CPC
Measurement uncertainty:      5.0 %
Originator:                   Kulmala, Markku, , , , , , , , , 
Submitter:                    Aalto, Pasi, , , , , , , , , 
starttime endtime P T particle_number_concentration particle_number_concentration particle_number_concentration flag
[from data line 1970]
 82.083333  82.125000 9 9    362.995    326.780    395.639 0.000
 82.125000  82.166667 9 9    530.609    349.557    758.467 0.000
 82.166667  82.208333 9 9   1017.293    646.126   1297.693 0.000
 82.208333  82.250000 9 9   1337.229   1298.269   1382.037 0.000
 82.250000  82.291667 9 9   1396.013   1364.233   1418.618 0.000
 82.291667  82.333333 9 9   1300.207   1194.949   1377.407 0.000
 82.333333  82.375000 9 9   1154.010   1144.759   1166.570 0.000
 82.375000  82.416667 9 9   1204.709   1171.815   1231.995 0.000
 82.416667  82.458333 9 9   1309.333   1230.725   1393.231 0.000
 82.458333  82.500000 9 9   1366.930   1322.426   1435.121 0.000
 82.500000  82.541667 9 9   1501.210   1468.775   1533.912 0.000
 82.541667  82.583333 9 9   1699.493   1520.238   1817.206 0.000
 82.583333  82.625000 9 9   1665.863   1544.093   1712.117 0.000
 82.625000  82.666667 9 9   1536.418   1527.858   1548.217 0.000
 82.666667  82.708333 9 9   1549.511   1502.999   1609.844 0.000
 82.708333  82.750000 9 9   1457.316   1349.743   1612.387 0.000
 82.750000  82.791667 9 9   1358.479   1275.942   1433.690 0.000
 82.791667  82.833333 9 9   1366.089   1311.008   1409.108 0.000
 82.833333  82.875000 9 9   1071.560   1009.053   1137.364 0.000
 82.875000  82.916667 9 9    798.326    735.978    901.933 0.000
 82.916667  82.958333 9 9    808.091    782.724    833.376 0.000
 82.958333  83.000000 9 9    818.254    739.385    880.139 0.000
 83.000000  83.041667 9 9    740.120    714.481    810.729 0.000
 83.041667  83.083333 9 9   1171.929   1086.236   1381.984 0.000
 83.083333  83.125000 9 9   2006.636   1741.632   2306.532 0.000
 83.125000  83.166667 9 9   2232.879   2083.526   2364.825 0.000
 83.166667  83.208333 9 9   2232.073   2166.686   2309.473 0.000
 83.208333  83.250000 9 9   2317.499   2185.321   2487.027 0.000
 83.250000  83.291667 9 9   2746.985   2495.827   3142.455 0.000
 83.291667  83.333333 9 9   3076.464   3039.122   3135.578 0.000
 83.333333  83.375000 9 9   2635.487   2518.010   2864.369 0.000
 83.375000  83.416667 9 9   2144.976   2037.452   2255.371 0.000
 83.416667  83.458333 9 9   2054.521   1996.844   2120.357 0.000
 83.458333  83.500000 9 9   1958.354   1866.919   2084.043 0.000
 83.500000  83.541667 9 9   1819.190   1737.860   1856.958 0.000
 83.541667  83.583333 9 9   2000.420   1918.210   2057.693 0.000
 83.583333  83.625000 9 9   1821.054   1743.462   1890.293 0.000
 83.625000  83.666667 9 9   1771.384   1739.361   1791.560 0.000
 83.666667  83.708333 9 9   1749.164   1636.228   1803.138 0.000
 83.708333  83.750000 9 9   1184.164    985.373   1447.662 0.000
 83.750000  83.791667 9 9   1216.277    991.220   1601.799 0.000
 83.791667  83.833333 9 9   1717.953   1459.807   2013.522 0.000
 83.833333  83.875000 9 9   1591.553   1485.910   1713.630 0.000
 83.875000  83.916667 9 9   1725.991   1529.612   1868.536 0.000
 83.916667  83.958333 9 9   1798.776   1573.893   1918.459 0.000
 83.958333  84.000000 9 9   1704.963   1622.564   1764.340 0.000
 84.000000  84.041667 9 9   1895.176   1799.761   1985.246 0.000
 84.041667  84.083333 9 9   1576.160   1367.059   1813.359 0.000
 84.083333  84.125000 9 9   1435.059   1351.803   1588.082 0.000
 84.125000  84.166667 9 9   1121.792    968.748   1356.446 0.000
 84.166667  84.208333 9 9   1257.086   1092.731   1352.458 0.000
 84.208333  84.250000 9 9   1228.697   1188.373   1302.329 0.000
 84.250000  84.291667 9 9   1117.206   1044.918   1152.811 0.000
 84.291667  84.333333 9 9   1127.038    945.532   1322.688 0.000
 84.333333  84.375000 9 9   1564.347   1348.018   1800.192 0.000
 84.375000  84.416667 9 9   2319.806   1763.862   2928.085 0.000
 84.416667  84.458333 9 9   2573.768   1309.342   3292.446 0.000
 84.458333  84.500000 9 9   1550.404   1408.083   1679.981 0.000
 84.500000  84.541667 9 9   1040.937    934.197   1365.585 0.000
 84.541667  84.583333 9 9    916.053    854.379    950.260 0.000
 84.583333  84.625000 9 9    799.417    786.843    822.114 0.000
 84.625000  84.666667 9 9    703.290    668.098    766.890 0.000
 84.666667  84.708333 9 9    577.996    519.879    641.821 0.000
 84.708333  84.750000 9 9    490.679    480.769    503.133 0.000
 84.750000  84.791667 9 9    464.418    425.211    497.477 0.000
 84.791667  84.833333 9 9    881.987    423.186   1745.448 0.000
 84.833333  84.875000 9 9   3031.418   2653.652   3410.554 0.000
 84.875000  84.916667 9 9   4029.125   3775.289   4311.823 0.000
 84.916667  84.958333 9 9   2812.360   2164.039   3426.303 0.000
 84.958333  85.000000 9 9   3142.218   3094.100   3219.041 0.000
 85.000000  85.041667 9 9   2680.862   2407.061   2941.516 0.000
 85.041667  85.083333 9 9   1655.658   1319.567   2212.460 0.000
 85.083333  85.125000 9 9    899.601    645.454   1155.320 0.000
 85.125000  85.166667 9 9    560.170    472.998    612.246 0.000
 85.166667  85.208333 9 9    372.124    308.087    440.961 0.000
 85.208333  85.250000 9 9    261.322    246.402    276.350 0.000
 85.250000  85.291667 9 9    240.504    224.349    246.661 0.000
 85.291667  85.333333 9 9    268.799    253.180    283.023 0.000
 85.333333  85.375000 9 9    270.257    251.230    308.153 0.000
 85.375000  85.416667 9 9    253.181    248.819    257.556 0.000
 85.416667  85.458333 9 9    276.453    251.561    326.616 0.000
 85.458333  85.500000 9 9    256.373    248.035    270.987 0.000
 85.500000  85.541667 9 9    256.211    225.395    304.433 0.000
 85.541667  85.583333 9 9    204.901    201.409    208.380 0.000
 85.583333  85.625000 9 9    203.516    194.294    221.125 0.000
 85.625000  85.666667 9 9    211.301    185.657    240.643 0.000
 85.666667  85.708333 9 9    220.654    211.125    228.592 0.000
 85.708333  85.750000 9 9    273.505    231.224    321.503 0.000
 85.750000  85.791667 9 9    216.699    212.013    222.133 0.000
 85.791667  85.833333 9 9    230.203    216.527    243.199 0.000
 85.833333  85.875000 9 9    254.377    244.204    267.180 0.000
 85.875000  85.916667 9 9    283.664    278.156    288.920 0.000
 85.916667  85.958333 9 9    288.520    284.677    293.159 0.000
 85.958333  86.000000 9 9    285.382    280.806    288.706 0.000
 86.000000  86.041667 9 9    282.488    277.734    288.307 0.000
 86.041667  86.083333 9 9    302.903    293.249    316.844 0.000
 86.083333  86.125000 9 9    316.070    301.081    328.945 0.000
 86.125000  86.166667 9 9    258.660    238.205    282.217 0.000
 86.166667  86.208333 9 9    224.205    218.648    231.950 0.000
 86.208333  86.250000 9 9    219.577    208.106    233.724 0.000
 86.250000  86.291667 9 9    211.431    195.224    247.895 0.000
 86.291667  86.333333 9 9    181.606    175.221    190.245 0.000
 86.333333  86.375000 9 9    173.802    172.132    175.739 0.000
 86.375000  86.416667 9 9    183.705    178.095    192.870 0.000
 86.416667  86.458333 9 9    318.640    218.691    577.218 0.000
 86.458333  86.500000 9 9    244.040    230.518    264.549 0.000
 86.500000  86.541667 9 9    173.830    138.280    222.668 0.000
 86.541667  86.583333 9 9    161.838    145.453    170.329 0.000
 86.583333  86.625000 9 9    167.916    162.124    178.077 0.000
 86.625000  86.666667 9 9    156.901    142.269    173.942 0.000
 86.666667  86.708333 9 9    199.900    183.136    212.365 0.000
 86.708333  86.750000 9 9    208.080    188.281    227.976 0.000
 86.750000  86.791667 9 9    168.737    164.002    171.938 0.000
 86.791667  86.833333 9 9    175.473    168.440    185.109 0.000
 86.833333  86.875000 9 9    171.911    163.220    183.531 0.000
 86.875000  86.916667 9 9    162.812    162.007    166.245 0.000
 86.916667  86.958333 9 9    181.440    160.901    215.591 0.000
 86.958333  87.000000 9 9    254.760    223.606    288.135 0.000
 87.000000  87.041667 9 9    263.244    252.396    273.286 0.000
 87.041667  87.083333 9 9    276.575    259.886    292.128 0.000
 87.083333  87.125000 9 9    253.972    246.045    261.649 0.000
 87.125000  87.166667 9 9    230.453    216.815    243.659 0.000
 87.166667  87.208333 9 9    214.677    208.787    221.718 0.000
 87.208333  87.250000 9 9    210.760    205.233    220.329 0.000
 87.250000  87.291667 9 9    198.867    194.632    208.943 0.000
 87.291667  87.333333 9 9    246.452    201.281    297.320 0.000
 87.333333  87.375000 9 9    713.007    464.026   1015.961 0.000
 87.375000  87.416667 9 9   2428.373   1271.287   3868.987 0.000
 87.416667  87.458333 9 9   4110.497   3032.982   5262.702 0.000
 87.458333  87.500000 9 9   7297.207   6415.205   7980.696 0.000
 87.500000  87.541667 9 9   4899.996   4099.585   5751.561 0.000
 87.541667  87.583333 9 9   2904.563   2150.118   4093.734 0.000
 87.583333  87.625000 9 9   2570.246   2212.588   2946.344 0.000
 87.625000  87.666667 9 9   2397.823   2205.878   2735.806 0.000
 87.666667  87.708333 9 9   2640.029   2195.478   3078.882 0.000
 87.708333  87.750000 9 9   2813.875   2575.398   3079.286 0.000
 87.750000  87.791667 9 9   2454.307   2423.501   2475.450 0.000
 87.791667  87.833333 9 9   2086.894   1948.630   2378.743 0.000
 87.833333  87.875000 9 9   1857.741   1659.506   2045.693 0.000
 87.875000  87.916667 9 9   1580.575   1542.460   1652.796 0.000
 87.916667  87.958333 9 9   1379.245   1216.391   1533.894 0.000
 87.958333  88.000000 9 9   1140.231   1126.999   1155.937 0.000
 88.000000  88.041667 9 9   1184.631   1161.566   1210.012 0.000
 88.041667  88.083333 9 9   1122.772   1050.351   1186.000 0.000
 88.083333  88.125000 9 9   1074.686   1064.204   1093.997 0.000
 88.125000  88.166667 9 9   1020.297    975.628   1077.470 0.000
 88.166667  88.208333 9 9    982.188    968.228   1001.990 0.000
 88.208333  88.250000 9 9    984.002    965.219   1009.942 0.000
 88.250000  88.291667 9 9    986.538    968.624   1027.964 0.000
 88.291667  88.333333 9 9   1153.089   1097.838   1215.881 0.000
 88.333333  88.375000 9 9   1000.675    917.948   1117.438 0.000
 88.375000  88.416667 9 9    869.169    799.301    923.501 0.000
 88.416667  88.458333 9 9    885.762    848.799    936.028 0.000
 88.458333  88.500000 9 9    909.726    863.086    968.614 0.000
 88.500000  88.541667 9 9    901.647    787.795    998.034 0.000
 88.541667  88.583333 9 9    901.469    851.789    970.139 0.000
 88.583333  88.625000 9 9    979.327    852.045   1098.119 0.000
 88.625000  88.666667 9 9    959.626    870.201   1066.177 0.000
 88.666667  88.708333 9 9   1204.351   1154.272   1265.243 0.000
 88.708333  88.750000 9 9   1122.925   1093.611   1151.528 0.000
 88.750000  88.791667 9 9   2488.212   1223.583   3990.466 0.000
 88.791667  88.833333 9 9   3735.269   2471.210   4945.159 0.000
 88.833333  88.875000 9 9   2146.895   2019.449   2208.329 0.000
 88.875000  88.916667 9 9   1334.300   1051.325   1828.259 0.000
 88.916667  88.958333 9 9   1020.845    990.093   1089.211 0.000
 88.958333  89.000000 9 9    995.569    969.815   1020.146 0.000
 89.000000  89.041667 9 9   1427.895   1163.624   2021.823 0.000
 89.041667  89.083333 9 9   1849.472   1633.276   2083.523 0.000
 89.083333  89.125000 9 9   1592.163   1579.732   1601.216 0.000
 89.125000  89.166667 9 9   1496.816   1457.297   1545.075 0.000
 89.166667  89.208333 9 9   1330.454   1270.925   1410.491 0.000
 89.208333  89.250000 9 9   1341.760   1278.837   1418.749 0.000
 89.250000  89.291667 9 9   1205.039   1135.026   1283.945 0.000
 89.291667  89.333333 9 9   1116.475   1077.709   1143.080 0.000
 89.333333  89.375000 9 9   1127.394   1086.117   1177.281 0.000
 89.375000  89.416667 9 9   1115.284   1082.815   1164.158 0.000
 89.416667  89.458333 9 9   1198.163   1185.684   1206.973 0.000
 89.458333  89.500000 9 9   1235.221   1194.204   1298.121 0.000
 89.500000  89.541667 9 9   1116.589   1046.122   1262.726 0.000
 89.541667  89.583333 9 9   1149.230   1123.011   1169.968 0.000
 89.583333  89.625000 9 9   1160.487   1132.529   1179.714 0.000
 89.625000  89.666667 9 9   1114.092   1067.649   1168.442 0.000
 89.666667  89.708333 9 9   1158.550   1118.568   1184.709 0.000
 89.708333  89.750000 9 9   1097.889   1082.647   1122.385 0.000
 89.750000  89.791667 9 9   1363.104   1180.840   1601.405 0.000
 89.791667  89.833333 9 9   1836.080   1735.895   1896.395 0.000
 89.833333  89.875000 9 9   1804.326   1749.261   1839.345 0.000
 89.875000  89.916667 9 9   1350.874   1030.828   1661.463 0.000
 89.916667  89.958333 9 9    755.601    689.409    858.544 0.000
 89.958333  90.000000 9 9    676.062    668.381    680.954 0.000
 90.000000  90.041667 9 9    666.696    657.731    680.450 0.000
 90.041667  90.083333 9 9    655.682    647.015    665.268 0.000
 90.083333  90.125000 9 9    676.340    668.528    686.905 0.000
 90.125000  90.166667 9 9    719.645    698.095    734.521 0.000
 90.166667  90.208333 9 9    757.000    740.062    778.596 0.000
 90.208333  90.250000 9 9    839.338    801.978    878.321 0.000
 90.250000  90.291667 9 9   1049.392    947.704   1138.988 0.000
 90.291667  90.333333 9 9   1191.533   1163.863   1229.526 0.000
 90.333333  90.375000 9 9   1204.470   1156.362   1266.297 0.000
 90.375000  90.416667 9 9   1205.734   1146.928   1295.646 0.000
 90.416667  90.458333 9 9   1775.535   1478.546   2005.244 0.000
 90.458333  90.500000 9 9   2017.454   1974.913   2095.007 0.000
 90.500000  90.541667 9 9   1990.270   1938.013   2065.249 0.000
 90.541667  90.583333 9 9   1930.513   1874.700   2004.788 0.000
 90.583333  90.625000 9 9   2332.886   2192.419   2398.081 0.000
 90.625000  90.666667 9 9   2352.008   2244.544   2436.296 0.000
 90.666667  90.708333 9 9   2164.121   2071.175   2224.769 0.000
 90.708333  90.750000 9 9   1685.658   1387.877   1930.529 0.000
 90.750000  90.791667 9 9   1224.273   1170.414   1303.404 0.000
 90.791667  90.833333 9 9   1221.931   1182.863   1258.692 0.000
 90.833333  90.875000 9 9   1229.850    965.737   1494.437 0.000
 90.875000  90.916667 9 9    863.954    810.102    955.121 0.000
 90.916667  90.958333 9 9    930.746    914.033    961.301 0.000
 90.958333  91.000000 9 9    939.211    919.112    958.666 0.000
 91.000000  91.041667 9 9 999999.999 999999.999 999999.999 0.999
 91.041667  91.083333 9 9   1053.518   1025.788   1085.253 0.000
 91.083333  91.125000 9 9   1346.432   1054.871   1861.403 0.000
 91.125000  91.166667 9 9   1328.767   1044.280   1639.556 0.000
 91.166667  91.208333 9 9   1031.088    725.355   1350.920 0.000
 91.208333  91.250000 9 9    543.367    507.232    559.245 0.000
 91.250000  91.291667 9 9    607.305    546.885    704.430 0.000
 91.291667  91.333333 9 9    607.866    569.852    674.260 0.000
 91.333333  91.375000 9 9    706.014    639.216    786.857 0.000
 91.375000  91.416667 9 9    917.049    712.578   1056.407 0.000
 91.416667  91.458333 9 9   1108.491    898.290   1284.791 0.000
 91.458333  91.500000 9 9   1126.750   1033.215   1260.708 0.000
 91.500000  91.541667 9 9   1611.926   1242.717   2000.111 0.000
 91.541667  91.583333 9 9   1579.555   1353.440   2147.563 0.000
 91.583333  91.625000 9 9   1525.627   1466.001   1591.609 0.000
 91.625000  91.666667 9 9   1655.806   1629.281   1693.807 0.000
 91.666667  91.708333 9 9   1632.021   1521.977   1746.978 0.000
 91.708333  91.750000 9 9   1264.061   1144.145   1343.170 0.000
 91.750000  91.791667 9 9    889.370    851.587    958.456 0.000
 91.791667  91.833333 9 9    938.644    870.191   1012.499 0.000
 91.833333  91.875000 9 9   1039.946   1029.874   1047.159 0.000
 91.875000  91.916667 9 9   1070.694   1052.500   1080.850 0.000
 91.916667  91.958333 9 9   1314.499   1136.160   1475.671 0.000
 91.958333  92.000000 9 9   1607.908   1514.718   1682.372 0.000
 92.000000  92.041667 9 9   1271.282   1142.811   1391.825 0.000
 92.041667  92.083333 9 9   1056.828   1022.737   1097.277 0.000
 92.083333  92.125000 9 9   1167.436   1113.168   1208.310 0.000
 92.125000  92.166667 9 9   1057.299   1000.747   1128.786 0.000
 92.166667  92.208333 9 9   1187.842   1065.356   1379.919 0.000
 92.208333  92.250000 9 9   1226.718   1004.937   1650.285 0.000
 92.250000  92.291667 9 9    889.048    851.355    936.642 0.000
