RRS/FI0023R.20070101000000.20181114115100.cpc.particle_number_concentration.pm10.1y.1h.FI03L_CPC_VAR_01.FI03L_CPC.lev2.nas
50 1001
Kulmala, Markku
FI03L, University of Helsinki, UHEL, Division of Atmospheric Sciences, PO BOX 64, , FI-00014, University of Helsinki, Finland
Aalto, Pasi
GAW-WDCA
1 1
2007 01 01 2018 11 14
0.041667
days from file reference point
7
1 1 1 1 1 1 1
999.999999 9 9 99999.999 99999.999 99999.999 9.999
end_time of measurement, days from the file reference point
pressure, hPa, Location=instrument internal, Matrix=instrument, Measurement uncertainty=
temperature, K, Location=instrument internal, Matrix=instrument, Measurement uncertainty=
particle_number_concentration, 1/cm3
particle_number_concentration, 1/cm3, Statistics=percentile:15.87
particle_number_concentration, 1/cm3, Statistics=percentile:84.13
numflag, no unit
0
29
Data definition:              EBAS_1.1
Set type code:                TU
Timezone:                     UTC
File name:                    FI0023R.20070101000000.20181114115100.cpc.particle_number_concentration.pm10.1y.1h.FI03L_CPC_VAR_01.FI03L_CPC.lev2.nas
File creation:                20200622170801
Startdate:                    20070101000000
Revision date:                20181114115100
Statistics:                   arithmetic mean
Data level:                   2
Period code:                  1y
Resolution code:              1h
Station code:                 FI0023R
Platform code:                FI0023S
Station name:                 V�rri�
Station latitude:             67.766667
Station longitude:            29.583333
Station altitude:             400.0 m
Regime:                       IMG
Component:                    particle_number_concentration
Unit:                         1/cm3
Matrix:                       pm10
Instrument type:              cpc
Laboratory code:              FI03L
Instrument name:              CPC_VAR_01
Method ref:                   FI03L_CPC
Measurement uncertainty:      5.0 %
Originator:                   Kulmala, Markku, , , , , , , , , 
Submitter:                    Aalto, Pasi, , , , , , , , , 
starttime endtime P T particle_number_concentration particle_number_concentration particle_number_concentration flag
[from data line 8001]
333.375000 333.416667 9 9   551.786   446.581   620.943 0.000
333.416667 333.458333 9 9   363.824   349.703   391.894 0.000
333.458333 333.500000 9 9   351.213   329.935   377.834 0.000
333.500000 333.541667 9 9   398.958   368.720   429.182 0.000
333.541667 333.583333 9 9   401.195   371.688   434.305 0.000
333.583333 333.625000 9 9   410.966   373.063   432.627 0.000
333.625000 333.666667 9 9   419.807   376.545   519.264 0.000
333.666667 333.708333 9 9   386.526   365.415   401.507 0.000
333.708333 333.750000 9 9   350.300   339.489   359.048 0.000
333.750000 333.791667 9 9   324.153   316.280   330.285 0.000
333.791667 333.833333 9 9   338.500   327.578   364.101 0.000
333.833333 333.875000 9 9   338.456   329.594   353.981 0.000
333.875000 333.916667 9 9   306.779   285.097   314.720 0.000
333.916667 333.958333 9 9   341.077   311.622   410.414 0.000
333.958333 334.000000 9 9   335.308   306.919   383.140 0.000
334.000000 334.041667 9 9   318.779   309.898   326.543 0.000
334.041667 334.083333 9 9   310.217   301.090   323.337 0.000
334.083333 334.125000 9 9   306.241   299.858   312.415 0.000
334.125000 334.166667 9 9   300.292   297.935   303.025 0.000
334.166667 334.208333 9 9   297.598   292.961   306.988 0.000
334.208333 334.250000 9 9   287.510   273.161   311.001 0.000
334.250000 334.291667 9 9   258.975   246.255   271.638 0.000
334.291667 334.333333 9 9   244.030   238.751   249.873 0.000
334.333333 334.375000 9 9   239.729   235.627   244.406 0.000
334.375000 334.416667 9 9   256.332   250.482   263.189 0.000
334.416667 334.458333 9 9   272.844   262.098   299.130 0.000
334.458333 334.500000 9 9   276.113   268.808   281.126 0.000
334.500000 334.541667 9 9   288.244   284.672   292.224 0.000
334.541667 334.583333 9 9   319.425   299.094   356.374 0.000
334.583333 334.625000 9 9   331.468   320.109   345.697 0.000
334.625000 334.666667 9 9   332.141   322.156   345.013 0.000
334.666667 334.708333 9 9   312.319   308.267   316.882 0.000
334.708333 334.750000 9 9   314.011   305.666   325.085 0.000
334.750000 334.791667 9 9   353.968   332.230   368.569 0.000
334.791667 334.833333 9 9   385.206   381.063   388.209 0.000
334.833333 334.875000 9 9   388.564   383.960   395.675 0.000
334.875000 334.916667 9 9   395.699   385.493   405.687 0.000
334.916667 334.958333 9 9   409.786   407.096   412.914 0.000
334.958333 335.000000 9 9   399.316   381.597   412.098 0.000
335.000000 335.041667 9 9   394.451   382.070   404.756 0.000
335.041667 335.083333 9 9   317.512   251.044   380.747 0.000
335.083333 335.125000 9 9   238.738   220.449   258.647 0.000
335.125000 335.166667 9 9   272.295   251.478   294.755 0.000
335.166667 335.208333 9 9   373.413   314.229   436.150 0.000
335.208333 335.250000 9 9   393.142   385.302   407.499 0.000
335.250000 335.291667 9 9   360.798   345.775   383.095 0.000
335.291667 335.333333 9 9   404.409   381.398   415.379 0.000
335.333333 335.375000 9 9   334.681   312.515   361.089 0.000
335.375000 335.416667 9 9   432.222   416.549   446.558 0.000
335.416667 335.458333 9 9   559.767   427.910   795.818 0.000
335.458333 335.500000 9 9   558.174   436.449   804.073 0.000
335.500000 335.541667 9 9   526.132   450.122   663.746 0.000
335.541667 335.583333 9 9   352.925   256.990   517.535 0.000
335.583333 335.625000 9 9   253.223   250.916   257.605 0.000
335.625000 335.666667 9 9   273.890   263.961   283.030 0.000
335.666667 335.708333 9 9   363.284   290.154   426.095 0.000
335.708333 335.750000 9 9   423.264   412.852   430.275 0.000
335.750000 335.791667 9 9   390.779   377.783   402.481 0.000
335.791667 335.833333 9 9   372.149   370.500   373.742 0.000
335.833333 335.875000 9 9   377.746   371.680   384.219 0.000
335.875000 335.916667 9 9   373.573   361.260   383.034 0.000
335.916667 335.958333 9 9   349.600   343.782   355.515 0.000
335.958333 336.000000 9 9   346.130   344.566   348.429 0.000
336.000000 336.041667 9 9   336.628   331.890   341.435 0.000
336.041667 336.083333 9 9   364.126   331.164   408.550 0.000
336.083333 336.125000 9 9   375.676   351.735   397.792 0.000
336.125000 336.166667 9 9   361.201   346.709   378.550 0.000
336.166667 336.208333 9 9   412.378   383.314   439.819 0.000
336.208333 336.250000 9 9   386.871   381.741   391.806 0.000
336.250000 336.291667 9 9   422.369   401.548   435.304 0.000
336.291667 336.333333 9 9   450.164   437.641   464.376 0.000
336.333333 336.375000 9 9   563.518   479.341   634.993 0.000
336.375000 336.416667 9 9   468.369   461.054   478.664 0.000
336.416667 336.458333 9 9   489.057   469.787   497.901 0.000
336.458333 336.500000 9 9   487.222   482.976   496.379 0.000
336.500000 336.541667 9 9   486.704   478.458   492.650 0.000
336.541667 336.583333 9 9   518.253   493.010   538.806 0.000
336.583333 336.625000 9 9   493.013   483.064   518.627 0.000
336.625000 336.666667 9 9   524.715   521.288   528.797 0.000
336.666667 336.708333 9 9   545.340   509.536   627.120 0.000
336.708333 336.750000 9 9   627.077   608.236   649.345 0.000
336.750000 336.791667 9 9   544.659   519.214   590.700 0.000
336.791667 336.833333 9 9   545.009   518.125   571.840 0.000
336.833333 336.875000 9 9   507.234   495.635   514.397 0.000
336.875000 336.916667 9 9   464.788   445.339   490.318 0.000
336.916667 336.958333 9 9   466.253   462.359   471.946 0.000
336.958333 337.000000 9 9   488.318   483.361   495.157 0.000
337.000000 337.041667 9 9   489.836   484.655   494.430 0.000
337.041667 337.083333 9 9   472.897   456.864   484.005 0.000
337.083333 337.125000 9 9   422.018   393.828   448.712 0.000
337.125000 337.166667 9 9   360.611   341.548   381.561 0.000
337.166667 337.208333 9 9   660.737   480.601   765.220 0.000
337.208333 337.250000 9 9   740.930   580.022   863.681 0.000
337.250000 337.291667 9 9   408.363   278.504   498.016 0.000
337.291667 337.333333 9 9   773.981   439.443  1004.566 0.000
337.333333 337.375000 9 9   343.565   278.799   400.653 0.000
337.375000 337.416667 9 9   468.496   283.715   584.301 0.000
337.416667 337.458333 9 9   731.233   527.071   967.209 0.000
337.458333 337.500000 9 9   781.237   551.436   952.439 0.000
337.500000 337.541667 9 9   457.235   436.815   480.895 0.000
337.541667 337.583333 9 9   479.051   467.740   490.659 0.000
337.583333 337.625000 9 9   459.355   434.920   493.547 0.000
337.625000 337.666667 9 9   474.728   402.146   567.476 0.000
337.666667 337.708333 9 9   380.101   369.744   391.854 0.000
337.708333 337.750000 9 9   404.216   387.645   419.373 0.000
337.750000 337.791667 9 9   378.530   370.618   390.974 0.000
337.791667 337.833333 9 9   404.246   373.757   424.251 0.000
337.833333 337.875000 9 9   402.005   368.971   430.174 0.000
337.875000 337.916667 9 9   381.916   362.070   411.809 0.000
337.916667 337.958333 9 9   409.603   372.486   448.140 0.000
337.958333 338.000000 9 9   356.521   345.117   363.194 0.000
338.000000 338.041667 9 9   360.499   346.349   378.798 0.000
338.041667 338.083333 9 9   396.474   359.365   436.238 0.000
338.083333 338.125000 9 9   359.160   347.599   380.322 0.000
338.125000 338.166667 9 9   360.936   350.250   374.908 0.000
338.166667 338.208333 9 9   335.633   320.515   348.765 0.000
338.208333 338.250000 9 9   323.607   315.057   327.855 0.000
338.250000 338.291667 9 9   337.339   328.327   338.705 0.000
338.291667 338.333333 9 9   342.895   336.755   348.260 0.000
338.333333 338.375000 9 9   340.987   339.076   342.583 0.000
338.375000 338.416667 9 9   339.165   336.395   341.421 0.000
338.416667 338.458333 9 9   319.164   309.886   329.281 0.000
338.458333 338.500000 9 9   308.875   307.585   309.816 0.000
338.500000 338.541667 9 9   302.044   289.235   308.805 0.000
338.541667 338.583333 9 9   280.504   273.240   287.413 0.000
338.583333 338.625000 9 9   305.748   283.872   319.507 0.000
338.625000 338.666667 9 9   408.913   327.552   497.895 0.000
338.666667 338.708333 9 9   629.048   566.849   662.412 0.000
338.708333 338.750000 9 9   545.877   486.178   612.238 0.000
338.750000 338.791667 9 9   365.955   323.932   422.214 0.000
338.791667 338.833333 9 9   299.116   289.496   311.656 0.000
338.833333 338.875000 9 9   274.587   253.063   287.333 0.000
338.875000 338.916667 9 9   251.578   244.838   259.805 0.000
338.916667 338.958333 9 9   229.077   221.152   238.380 0.000
338.958333 339.000000 9 9   237.796   229.960   244.788 0.000
339.000000 339.041667 9 9   289.471   256.059   317.885 0.000
339.041667 339.083333 9 9   189.087   177.911   203.394 0.000
339.083333 339.125000 9 9   179.366   172.879   187.975 0.000
339.125000 339.166667 9 9   208.877   194.929   224.912 0.000
339.166667 339.208333 9 9   285.017   252.442   320.080 0.000
339.208333 339.250000 9 9   338.575   333.664   342.277 0.000
339.250000 339.291667 9 9   315.767   296.594   332.055 0.000
339.291667 339.333333 9 9   253.397   235.734   277.857 0.000
339.333333 339.375000 9 9   210.579   200.750   224.414 0.000
339.375000 339.416667 9 9   195.064   191.801   200.711 0.000
339.416667 339.458333 9 9   148.054    87.324   193.468 0.000
339.458333 339.500000 9 9    83.157    77.256    88.436 0.000
339.500000 339.541667 9 9    82.586    77.953    85.500 0.000
339.541667 339.583333 9 9    86.992    82.453    90.119 0.000
339.583333 339.625000 9 9    95.964    90.319   105.345 0.000
339.625000 339.666667 9 9   112.285   108.586   114.954 0.000
339.666667 339.708333 9 9   114.418   109.357   123.883 0.000
339.708333 339.750000 9 9   136.038   123.629   150.108 0.000
339.750000 339.791667 9 9   182.361   151.918   202.542 0.000
339.791667 339.833333 9 9   250.606   207.590   282.389 0.000
339.833333 339.875000 9 9   259.054   240.582   287.285 0.000
339.875000 339.916667 9 9   208.413   181.702   237.574 0.000
339.916667 339.958333 9 9   195.986   174.506   214.022 0.000
339.958333 340.000000 9 9   211.694   200.075   227.980 0.000
340.000000 340.041667 9 9   166.569   147.943   188.409 0.000
340.041667 340.083333 9 9   130.328   123.053   141.158 0.000
340.083333 340.125000 9 9   188.430   165.794   206.206 0.000
340.125000 340.166667 9 9   209.339   202.749   218.399 0.000
340.166667 340.208333 9 9   215.897   213.150   222.105 0.000
340.208333 340.250000 9 9   241.347   234.056   247.834 0.000
340.250000 340.291667 9 9   215.325   201.376   227.749 0.000
340.291667 340.333333 9 9   190.684   187.818   194.254 0.000
340.333333 340.375000 9 9   229.088   213.648   248.510 0.000
340.375000 340.416667 9 9   183.419   167.680   200.976 0.000
340.416667 340.458333 9 9   189.706   176.399   194.715 0.000
340.458333 340.500000 9 9   186.713   178.939   192.922 0.000
340.500000 340.541667 9 9   236.747   201.291   314.072 0.000
340.541667 340.583333 9 9   209.675   206.150   212.715 0.000
340.583333 340.625000 9 9   192.662   188.803   196.765 0.000
340.625000 340.666667 9 9   185.244   180.351   191.138 0.000
340.666667 340.708333 9 9   194.582   188.301   199.649 0.000
340.708333 340.750000 9 9   234.375   217.964   246.121 0.000
340.750000 340.791667 9 9   222.636   215.779   235.788 0.000
340.791667 340.833333 9 9   261.268   231.507   284.164 0.000
340.833333 340.875000 9 9   291.645   285.162   304.314 0.000
340.875000 340.916667 9 9   322.617   315.485   332.550 0.000
340.916667 340.958333 9 9   353.467   331.716   386.874 0.000
340.958333 341.000000 9 9   413.374   395.599   439.875 0.000
341.000000 341.041667 9 9   452.153   436.118   471.771 0.000
341.041667 341.083333 9 9   358.017   322.405   401.818 0.000
341.083333 341.125000 9 9   308.951   302.856   314.361 0.000
341.125000 341.166667 9 9   328.687   297.179   378.152 0.000
341.166667 341.208333 9 9   293.447   272.230   319.407 0.000
341.208333 341.250000 9 9   327.509   272.946   417.248 0.000
341.250000 341.291667 9 9   341.154   327.548   363.927 0.000
341.291667 341.333333 9 9   328.409   323.520   332.520 0.000
341.333333 341.375000 9 9   305.895   277.311   330.411 0.000
341.375000 341.416667 9 9   267.640   255.854   273.454 0.000
341.416667 341.458333 9 9   231.655   193.216   263.463 0.000
341.458333 341.500000 9 9   157.335   142.677   177.486 0.000
341.500000 341.541667 9 9   143.466   127.581   170.410 0.000
341.541667 341.583333 9 9   110.075    88.867   131.802 0.000
341.583333 341.625000 9 9    72.997    68.832    78.811 0.000
341.625000 341.666667 9 9   101.250    91.382   107.148 0.000
341.666667 341.708333 9 9    81.676    70.668   100.843 0.000
341.708333 341.750000 9 9    77.173    75.500    79.932 0.000
341.750000 341.791667 9 9    82.061    73.195    88.919 0.000
341.791667 341.833333 9 9    71.370    68.875    73.201 0.000
341.833333 341.875000 9 9    90.325    83.258    95.028 0.000
341.875000 341.916667 9 9    94.218    85.064   100.296 0.000
341.916667 341.958333 9 9    88.166    81.639    95.754 0.000
341.958333 342.000000 9 9   136.160   104.815   160.580 0.000
342.000000 342.041667 9 9   168.070   162.239   172.328 0.000
342.041667 342.083333 9 9   189.186   180.466   202.373 0.000
342.083333 342.125000 9 9   223.036   215.561   227.722 0.000
342.125000 342.166667 9 9   211.273   205.461   218.298 0.000
342.166667 342.208333 9 9   189.437   181.786   200.333 0.000
342.208333 342.250000 9 9   184.673   177.026   195.529 0.000
342.250000 342.291667 9 9   163.984   141.824   178.726 0.000
342.291667 342.333333 9 9   150.835   126.712   183.938 0.000
342.333333 342.375000 9 9   121.366   118.625   122.722 0.000
342.375000 342.416667 9 9   151.191   147.967   159.002 0.000
342.416667 342.458333 9 9   137.931   127.544   149.407 0.000
342.458333 342.500000 9 9   171.403   133.531   197.423 0.000
342.500000 342.541667 9 9   282.306   218.770   346.667 0.000
342.541667 342.583333 9 9   311.130   266.434   374.898 0.000
342.583333 342.625000 9 9   247.613   238.494   265.070 0.000
342.625000 342.666667 9 9   232.292   225.697   236.773 0.000
342.666667 342.708333 9 9   257.129   250.539   265.064 0.000
342.708333 342.750000 9 9   240.715   229.206   259.989 0.000
342.750000 342.791667 9 9   180.243   158.943   193.069 0.000
342.791667 342.833333 9 9   178.416   162.519   204.681 0.000
342.833333 342.875000 9 9   256.781   234.065   269.616 0.000
342.875000 342.916667 9 9   201.797   161.267   235.510 0.000
342.916667 342.958333 9 9   149.485   139.549   160.870 0.000
342.958333 343.000000 9 9   139.514   137.420   142.591 0.000
343.000000 343.041667 9 9   170.021   155.766   182.063 0.000
343.041667 343.083333 9 9   172.702   162.772   179.830 0.000
343.083333 343.125000 9 9   168.010   160.978   177.151 0.000
343.125000 343.166667 9 9   152.417   146.649   156.744 0.000
343.166667 343.208333 9 9   149.408   147.840   150.797 0.000
343.208333 343.250000 9 9   157.116   152.076   160.519 0.000
343.250000 343.291667 9 9   162.087   159.303   164.808 0.000
343.291667 343.333333 9 9   227.031   174.627   262.049 0.000
343.333333 343.375000 9 9   382.921   299.547   450.665 0.000
343.375000 343.416667 9 9   515.884   496.566   537.855 0.000
343.416667 343.458333 9 9   489.666   466.403   510.651 0.000
343.458333 343.500000 9 9   456.502   423.081   476.411 0.000
343.500000 343.541667 9 9   421.746   397.473   456.521 0.000
343.541667 343.583333 9 9   436.427   379.525   485.987 0.000
343.583333 343.625000 9 9   491.139   380.434   631.145 0.000
343.625000 343.666667 9 9   754.159   695.544   811.975 0.000
343.666667 343.708333 9 9   634.454   613.683   676.315 0.000
343.708333 343.750000 9 9   701.625   613.722   759.467 0.000
343.750000 343.791667 9 9   655.163   593.985   696.026 0.000
343.791667 343.833333 9 9   582.141   555.522   618.392 0.000
343.833333 343.875000 9 9   465.975   395.641   537.101 0.000
343.875000 343.916667 9 9   389.821   356.729   411.767 0.000
343.916667 343.958333 9 9   383.145   356.933   402.761 0.000
343.958333 344.000000 9 9   454.729   375.003   506.671 0.000
344.000000 344.041667 9 9   485.400   436.059   544.992 0.000
344.041667 344.083333 9 9   404.648   346.149   469.556 0.000
