RRS/FI0023R.20050101000000.20181114115100.cpc.particle_number_concentration.pm10.1y.1h.FI03L_CPC_VAR_01.FI03L_CPC.lev2.nas
50 1001
Kulmala, Markku
FI03L, University of Helsinki, UHEL, Division of Atmospheric Sciences, PO BOX 64, , FI-00014, University of Helsinki, Finland
Aalto, Pasi
GAW-WDCA
1 1
2005 01 01 2018 11 14
0.041667
days from file reference point
7
1 1 1 1 1 1 1
999.999999 9 9 999999.999 999999.999 999999.999 9.999
end_time of measurement, days from the file reference point
pressure, hPa, Location=instrument internal, Matrix=instrument, Measurement uncertainty=
temperature, K, Location=instrument internal, Matrix=instrument, Measurement uncertainty=
particle_number_concentration, 1/cm3
particle_number_concentration, 1/cm3, Statistics=percentile:15.87
particle_number_concentration, 1/cm3, Statistics=percentile:84.13
numflag, no unit
0
29
Data definition:              EBAS_1.1
Set type code:                TU
Timezone:                     UTC
File name:                    FI0023R.20050101000000.20181114115100.cpc.particle_number_concentration.pm10.1y.1h.FI03L_CPC_VAR_01.FI03L_CPC.lev2.nas
File creation:                20200622170759
Startdate:                    20050101000000
Revision date:                20181114115100
Statistics:                   arithmetic mean
Data level:                   2
Period code:                  1y
Resolution code:              1h
Station code:                 FI0023R
Platform code:                FI0023S
Station name:                 V�rri�
Station latitude:             67.766667
Station longitude:            29.583333
Station altitude:             400.0 m
Regime:                       IMG
Component:                    particle_number_concentration
Unit:                         1/cm3
Matrix:                       pm10
Instrument type:              cpc
Laboratory code:              FI03L
Instrument name:              CPC_VAR_01
Method ref:                   FI03L_CPC
Measurement uncertainty:      5.0 %
Originator:                   Kulmala, Markku, , , , , , , , , 
Submitter:                    Aalto, Pasi, , , , , , , , , 
starttime endtime P T particle_number_concentration particle_number_concentration particle_number_concentration flag
[from data line 4431]
184.625000 184.666667 9 9   2786.326   2642.830   2974.140 0.000
184.666667 184.708333 9 9   3142.996   3123.793   3162.378 0.000
184.708333 184.750000 9 9   3115.401   3087.689   3146.469 0.000
184.750000 184.791667 9 9   3157.564   3126.104   3200.529 0.000
184.791667 184.833333 9 9   2925.417   2632.388   3126.380 0.000
184.833333 184.875000 9 9   2784.030   2658.306   2918.702 0.000
184.875000 184.916667 9 9   2499.287   2418.162   2630.113 0.000
184.916667 184.958333 9 9   3199.705   2429.684   4543.968 0.000
184.958333 185.000000 9 9   5332.801   5071.953   5583.676 0.000
185.000000 185.041667 9 9   5985.452   5733.744   6146.116 0.000
185.041667 185.083333 9 9   5767.134   5572.087   5903.950 0.000
185.083333 185.125000 9 9   5079.886   4582.721   5431.621 0.000
185.125000 185.166667 9 9   3680.048   2902.051   4532.511 0.000
185.166667 185.208333 9 9   2563.709   2422.569   2703.089 0.000
185.208333 185.250000 9 9   2353.900   2310.908   2416.998 0.000
185.250000 185.291667 9 9   2192.668   1984.669   2411.896 0.000
185.291667 185.333333 9 9   1390.544   1214.425   1581.274 0.000
185.333333 185.375000 9 9   1430.464   1352.289   1504.437 0.000
185.375000 185.416667 9 9   1542.828   1476.300   1628.106 0.000
185.416667 185.458333 9 9   1512.992   1361.082   1630.281 0.000
185.458333 185.500000 9 9   1593.639   1502.464   1702.410 0.000
185.500000 185.541667 9 9   1291.299   1116.766   1466.697 0.000
185.541667 185.583333 9 9   1623.127   1424.512   1932.771 0.000
185.583333 185.625000 9 9   2201.111   1967.700   2508.392 0.000
185.625000 185.666667 9 9   2563.890   2469.652   2669.640 0.000
185.666667 185.708333 9 9   2654.081   2554.690   2740.148 0.000
185.708333 185.750000 9 9   1929.451   1771.652   2157.550 0.000
185.750000 185.791667 9 9   2069.595   1919.108   2191.639 0.000
185.791667 185.833333 9 9   2540.476   2322.654   2707.768 0.000
185.833333 185.875000 9 9   2981.356   2822.041   3157.080 0.000
185.875000 185.916667 9 9   3546.729   3311.216   3900.483 0.000
185.916667 185.958333 9 9   4418.893   4272.316   4598.996 0.000
185.958333 186.000000 9 9   5554.917   5246.589   5989.452 0.000
186.000000 186.041667 9 9   6541.505   5812.980   7103.758 0.000
186.041667 186.083333 9 9   6944.829   6836.790   7073.149 0.000
186.083333 186.125000 9 9   7216.905   7077.685   7308.189 0.000
186.125000 186.166667 9 9   7044.390   6743.610   7257.571 0.000
186.166667 186.208333 9 9   6200.831   5960.731   6470.798 0.000
186.208333 186.250000 9 9   5754.877   5135.942   6149.597 0.000
186.250000 186.291667 9 9   4290.741   3631.582   6026.055 0.000
186.291667 186.333333 9 9   2860.349   2247.481   3721.238 0.000
186.333333 186.375000 9 9   2445.052   2181.078   2712.631 0.000
186.375000 186.416667 9 9   1792.114   1599.047   2136.419 0.000
186.416667 186.458333 9 9   1520.549   1399.189   1666.642 0.000
186.458333 186.500000 9 9   1307.956   1237.618   1381.684 0.000
186.500000 186.541667 9 9   1229.968   1154.378   1296.782 0.000
186.541667 186.583333 9 9   1371.262   1356.406   1388.945 0.000
186.583333 186.625000 9 9   1426.577   1372.687   1497.259 0.000
186.625000 186.666667 9 9   1495.113   1484.487   1505.051 0.000
186.666667 186.708333 9 9   1619.151   1538.301   1756.068 0.000
186.708333 186.750000 9 9   2008.273   1873.328   2109.164 0.000
186.750000 186.791667 9 9   1939.630   1880.928   2000.856 0.000
186.791667 186.833333 9 9   2073.404   1888.127   2310.148 0.000
186.833333 186.875000 9 9   2854.541   2484.243   3109.285 0.000
186.875000 186.916667 9 9   3263.132   3135.593   3516.105 0.000
186.916667 186.958333 9 9   3602.903   3055.308   4116.973 0.000
186.958333 187.000000 9 9   3108.275   2999.089   3191.378 0.000
187.000000 187.041667 9 9   2950.158   2891.381   3012.187 0.000
187.041667 187.083333 9 9   2709.248   2629.199   2815.813 0.000
187.083333 187.125000 9 9   2474.172   2422.829   2556.883 0.000
187.125000 187.166667 9 9   2457.118   2414.729   2488.731 0.000
187.166667 187.208333 9 9   2238.294   2173.762   2370.753 0.000
187.208333 187.250000 9 9   2227.816   2216.008   2240.698 0.000
187.250000 187.291667 9 9   2240.698   2190.844   2273.007 0.000
187.291667 187.333333 9 9   2043.833   1887.487   2194.548 0.000
187.333333 187.375000 9 9   1919.539   1830.256   2096.653 0.000
187.375000 187.416667 9 9   2041.790   1847.604   2235.678 0.000
187.416667 187.458333 9 9   1969.652   1864.716   2045.947 0.000
187.458333 187.500000 9 9   2048.606   2002.776   2115.158 0.000
187.500000 187.541667 9 9   2029.067   2012.167   2075.457 0.000
187.541667 187.583333 9 9   1844.942   1740.747   1932.015 0.000
187.583333 187.625000 9 9   1688.446   1608.920   1760.737 0.000
187.625000 187.666667 9 9   1794.216   1681.695   1911.068 0.000
187.666667 187.708333 9 9   2058.906   1965.800   2144.425 0.000
187.708333 187.750000 9 9   2052.536   1996.859   2096.247 0.000
187.750000 187.791667 9 9   1943.944   1899.439   1983.742 0.000
187.791667 187.833333 9 9   1784.216   1748.816   1825.648 0.000
187.833333 187.875000 9 9   1959.527   1890.401   2010.276 0.000
187.875000 187.916667 9 9   2041.948   1966.192   2130.989 0.000
187.916667 187.958333 9 9   2328.077   2156.727   2482.342 0.000
187.958333 188.000000 9 9   2642.448   2564.903   2750.877 0.000
188.000000 188.041667 9 9   2787.206   2723.974   2922.713 0.000
188.041667 188.083333 9 9   3209.219   2825.038   3552.068 0.000
188.083333 188.125000 9 9   3444.265   3156.572   3835.463 0.000
188.125000 188.166667 9 9   3772.105   3528.522   4000.928 0.000
188.166667 188.208333 9 9   3376.385   3257.486   3511.973 0.000
188.208333 188.250000 9 9   3562.404   3479.699   3604.936 0.000
188.250000 188.291667 9 9   3258.318   3102.497   3412.635 0.000
188.291667 188.333333 9 9   3024.253   2893.562   3160.786 0.000
188.333333 188.375000 9 9   2945.354   2826.521   3028.632 0.000
188.375000 188.416667 9 9   2747.868   2646.662   2890.371 0.000
188.416667 188.458333 9 9   2802.976   2716.215   2889.790 0.000
188.458333 188.500000 9 9   2640.839   2486.368   2759.447 0.000
188.500000 188.541667 9 9   2445.669   2377.518   2509.429 0.000
188.541667 188.583333 9 9   2719.798   2644.681   2899.686 0.000
188.583333 188.625000 9 9   2811.425   2663.193   2933.945 0.000
188.625000 188.666667 9 9   2634.354   2365.874   2768.411 0.000
188.666667 188.708333 9 9   2202.507   2069.944   2320.264 0.000
188.708333 188.750000 9 9   2389.432   2334.784   2438.465 0.000
188.750000 188.791667 9 9   2180.145   2101.041   2260.060 0.000
188.791667 188.833333 9 9   2294.044   2074.941   2550.063 0.000
188.833333 188.875000 9 9   3688.604   3434.372   3922.677 0.000
188.875000 188.916667 9 9   4976.603   4222.443   5693.527 0.000
188.916667 188.958333 9 9   5469.013   5415.331   5550.358 0.000
188.958333 189.000000 9 9   4075.046   2491.482   5419.649 0.000
189.000000 189.041667 9 9   2140.738   1994.842   2323.668 0.000
189.041667 189.083333 9 9   3311.879   2286.129   4275.986 0.000
189.083333 189.125000 9 9   3843.581   3814.506   3883.682 0.000
189.125000 189.166667 9 9   3652.248   3445.786   3866.379 0.000
189.166667 189.208333 9 9   3027.369   2805.564   3225.082 0.000
189.208333 189.250000 9 9   3437.219   3354.585   3584.811 0.000
189.250000 189.291667 9 9   3001.399   2603.688   3411.750 0.000
189.291667 189.333333 9 9   2842.992   2579.321   3248.334 0.000
189.333333 189.375000 9 9   2836.995   2801.332   2893.401 0.000
189.375000 189.416667 9 9   2651.122   2547.489   2748.621 0.000
189.416667 189.458333 9 9   2283.106   2142.432   2458.637 0.000
189.458333 189.500000 9 9   2253.817   2187.162   2326.561 0.000
189.500000 189.541667 9 9   2263.612   2234.776   2298.665 0.000
189.541667 189.583333 9 9   2368.573   2299.321   2436.262 0.000
189.583333 189.625000 9 9   2151.875   2085.400   2225.579 0.000
189.625000 189.666667 9 9   2061.508   2018.304   2097.905 0.000
189.666667 189.708333 9 9   2053.232   2010.659   2091.772 0.000
189.708333 189.750000 9 9   1987.490   1958.174   2022.068 0.000
189.750000 189.791667 9 9   1796.000   1700.680   1894.546 0.000
189.791667 189.833333 9 9   1640.404   1605.307   1730.835 0.000
189.833333 189.875000 9 9   2220.671   1967.718   2554.510 0.000
189.875000 189.916667 9 9   3827.912   2916.419   4646.581 0.000
189.916667 189.958333 9 9   3541.170   2623.262   4719.765 0.000
189.958333 190.000000 9 9   2205.438   2120.707   2353.150 0.000
190.000000 190.041667 9 9   1960.039   1789.085   2080.681 0.000
190.041667 190.083333 9 9   1520.414   1417.104   1631.955 0.000
190.083333 190.125000 9 9   1528.042   1446.917   1607.290 0.000
190.125000 190.166667 9 9   1521.177   1476.587   1587.399 0.000
190.166667 190.208333 9 9   1460.163   1414.124   1522.322 0.000
190.208333 190.250000 9 9   1357.626   1338.074   1377.000 0.000
190.250000 190.291667 9 9   1412.304   1379.753   1470.068 0.000
190.291667 190.333333 9 9   1423.575   1326.957   1503.441 0.000
190.333333 190.375000 9 9   1527.074   1418.671   1649.375 0.000
190.375000 190.416667 9 9   1730.642   1675.103   1777.427 0.000
190.416667 190.458333 9 9   1832.937   1801.286   1867.284 0.000
190.458333 190.500000 9 9   1899.233   1860.628   1929.569 0.000
190.500000 190.541667 9 9   1874.132   1812.998   1924.602 0.000
190.541667 190.583333 9 9   1605.104   1498.181   1756.529 0.000
190.583333 190.625000 9 9   2122.693   1620.374   2405.717 0.000
190.625000 190.666667 9 9   2120.212   2120.212   2120.212 0.000
190.666667 190.708333 9 9 999999.999 999999.999 999999.999 0.999
190.708333 190.750000 9 9 999999.999 999999.999 999999.999 0.999
190.750000 190.791667 9 9 999999.999 999999.999 999999.999 0.999
190.791667 190.833333 9 9 999999.999 999999.999 999999.999 0.999
190.833333 190.875000 9 9 999999.999 999999.999 999999.999 0.999
190.875000 190.916667 9 9 999999.999 999999.999 999999.999 0.999
190.916667 190.958333 9 9 999999.999 999999.999 999999.999 0.999
190.958333 191.000000 9 9 999999.999 999999.999 999999.999 0.999
191.000000 191.041667 9 9 999999.999 999999.999 999999.999 0.999
191.041667 191.083333 9 9 999999.999 999999.999 999999.999 0.999
191.083333 191.125000 9 9 999999.999 999999.999 999999.999 0.999
191.125000 191.166667 9 9 999999.999 999999.999 999999.999 0.999
191.166667 191.208333 9 9 999999.999 999999.999 999999.999 0.999
191.208333 191.250000 9 9   3066.920   2587.072   3334.676 0.000
191.250000 191.291667 9 9   3105.469   2778.506   3368.996 0.000
191.291667 191.333333 9 9   2962.469   2652.052   3237.843 0.000
191.333333 191.375000 9 9   2070.076   1870.031   2354.470 0.000
191.375000 191.416667 9 9   1373.031   1007.118   1879.782 0.000
191.416667 191.458333 9 9    511.988    238.275    821.207 0.000
191.458333 191.500000 9 9    359.200    265.226    442.995 0.000
191.500000 191.541667 9 9    478.254    412.508    550.440 0.000
191.541667 191.583333 9 9    496.795    466.187    532.999 0.000
191.583333 191.625000 9 9    631.621    567.800    692.125 0.000
191.625000 191.666667 9 9    692.535    638.319    752.547 0.000
191.666667 191.708333 9 9    848.763    826.424    874.180 0.000
191.708333 191.750000 9 9    786.638    769.639    816.988 0.000
191.750000 191.791667 9 9    861.139    832.315    895.456 0.000
191.791667 191.833333 9 9    875.949    857.823    890.824 0.000
191.833333 191.875000 9 9    919.765    891.937    950.414 0.000
191.875000 191.916667 9 9   1004.173    965.224   1042.292 0.000
191.916667 191.958333 9 9   1138.351   1071.541   1241.343 0.000
191.958333 192.000000 9 9   1173.529   1056.768   1423.699 0.000
192.000000 192.041667 9 9   1859.571   1577.677   2075.328 0.000
192.041667 192.083333 9 9   1066.171    942.819   1278.413 0.000
192.083333 192.125000 9 9    930.119    892.165    951.310 0.000
192.125000 192.166667 9 9    746.692    506.865    974.448 0.000
192.166667 192.208333 9 9    465.033    449.564    485.961 0.000
192.208333 192.250000 9 9    423.512    401.544    458.975 0.000
192.250000 192.291667 9 9    593.081    490.640    792.331 0.000
192.291667 192.333333 9 9   1813.037   1091.174   2558.117 0.000
192.333333 192.375000 9 9   2381.719   2274.112   2561.212 0.000
192.375000 192.416667 9 9   3199.000   2633.954   3917.477 0.000
192.416667 192.458333 9 9   4011.394   3248.881   4510.712 0.000
192.458333 192.500000 9 9   3534.094   3265.197   3897.448 0.000
192.500000 192.541667 9 9   2523.183   1947.317   3068.002 0.000
192.541667 192.583333 9 9   1951.184   1875.598   2057.516 0.000
192.583333 192.625000 9 9   2202.935   2083.178   2324.124 0.000
192.625000 192.666667 9 9   2350.308   1745.217   2797.353 0.000
192.666667 192.708333 9 9   1381.705   1201.716   1723.113 0.000
192.708333 192.750000 9 9 999999.999 999999.999 999999.999 0.999
192.750000 192.791667 9 9 999999.999 999999.999 999999.999 0.999
192.791667 192.833333 9 9   2518.457 999999.999 999999.999 0.000
192.833333 192.875000 9 9   2542.749   2521.298   2556.137 0.000
192.875000 192.916667 9 9   2366.360   2170.480   2488.279 0.000
192.916667 192.958333 9 9   1823.556   1540.568   2086.671 0.000
192.958333 193.000000 9 9   1399.413   1337.334   1485.781 0.000
193.000000 193.041667 9 9   1580.562   1530.783   1620.175 0.000
193.041667 193.083333 9 9   1430.700   1340.615   1525.589 0.000
193.083333 193.125000 9 9   1287.960   1249.795   1341.350 0.000
193.125000 193.166667 9 9   1248.712   1191.286   1329.578 0.000
193.166667 193.208333 9 9   1037.468    962.777   1129.668 0.000
193.208333 193.250000 9 9    758.283    670.253    866.729 0.000
193.250000 193.291667 9 9    657.846    638.378    672.040 0.000
193.291667 193.333333 9 9   1420.465    981.940   2101.231 0.000
193.333333 193.375000 9 9    823.681    710.104   1106.266 0.000
193.375000 193.416667 9 9   1566.442    911.090   2613.180 0.000
193.416667 193.458333 9 9   1523.937   1194.760   1779.018 0.000
193.458333 193.500000 9 9   1283.955   1232.983   1341.392 0.000
193.500000 193.541667 9 9   1142.981   1097.892   1184.327 0.000
193.541667 193.583333 9 9   1276.609   1196.109   1367.052 0.000
193.583333 193.625000 9 9   1357.130   1200.301   1481.616 0.000
193.625000 193.666667 9 9   1840.662   1378.186   2221.843 0.000
193.666667 193.708333 9 9   2434.959   2277.131   2569.607 0.000
193.708333 193.750000 9 9   2363.144   2135.582   2635.763 0.000
193.750000 193.791667 9 9   2469.123   2157.602   2755.045 0.000
193.791667 193.833333 9 9   3042.003   2867.913   3146.053 0.000
193.833333 193.875000 9 9   3264.979   3114.136   3371.675 0.000
193.875000 193.916667 9 9   2624.575   2400.077   2924.825 0.000
193.916667 193.958333 9 9   2326.771   2197.207   2379.891 0.000
193.958333 194.000000 9 9   1787.505   1578.758   1954.155 0.000
194.000000 194.041667 9 9   1168.896    884.193   1492.588 0.000
194.041667 194.083333 9 9    756.426    684.370    847.927 0.000
194.083333 194.125000 9 9    652.633    642.136    662.001 0.000
194.125000 194.166667 9 9    660.862    644.065    686.506 0.000
194.166667 194.208333 9 9    745.567    673.062    848.623 0.000
194.208333 194.250000 9 9   1235.668    895.982   1728.817 0.000
194.250000 194.291667 9 9   2348.951   1904.637   3178.474 0.000
194.291667 194.333333 9 9   3027.748   2619.388   3353.757 0.000
194.333333 194.375000 9 9   2892.488   2428.654   3362.271 0.000
194.375000 194.416667 9 9   4238.368   3645.998   4666.475 0.000
194.416667 194.458333 9 9   5050.020   4351.298   5737.775 0.000
194.458333 194.500000 9 9   4714.865   4019.945   5360.570 0.000
194.500000 194.541667 9 9   3473.342   3037.411   3924.962 0.000
194.541667 194.583333 9 9   2720.155   2518.017   2884.200 0.000
194.583333 194.625000 9 9   2205.626   2073.263   2388.358 0.000
194.625000 194.666667 9 9   3479.652   2806.769   4325.956 0.000
194.666667 194.708333 9 9   4342.360   4277.666   4432.154 0.000
194.708333 194.750000 9 9   4154.253   4097.488   4197.552 0.000
194.750000 194.791667 9 9   4297.275   4192.635   4365.915 0.000
194.791667 194.833333 9 9   4024.196   3818.982   4202.740 0.000
