RRS/FI0023R.20100101000000.20181114115100.cpc.particle_number_concentration.pm10.1y.1h.FI03L_CPC_VAR_01.FI03L_CPC.lev2.nas
50 1001
Kulmala, Markku
FI03L, University of Helsinki, UHEL, Division of Atmospheric Sciences, PO BOX 64, , FI-00014, University of Helsinki, Finland
Aalto, Pasi
GAW-WDCA
1 1
2010 01 01 2018 11 14
0.041667
days from file reference point
7
1 1 1 1 1 1 1
999.999999 9 9 999999.999 99999.999 999999.999 9.999
end_time of measurement, days from the file reference point
pressure, hPa, Location=instrument internal, Matrix=instrument, Measurement uncertainty=
temperature, K, Location=instrument internal, Matrix=instrument, Measurement uncertainty=
particle_number_concentration, 1/cm3
particle_number_concentration, 1/cm3, Statistics=percentile:15.87
particle_number_concentration, 1/cm3, Statistics=percentile:84.13
numflag, no unit
0
29
Data definition:              EBAS_1.1
Set type code:                TU
Timezone:                     UTC
File name:                    FI0023R.20100101000000.20181114115100.cpc.particle_number_concentration.pm10.1y.1h.FI03L_CPC_VAR_01.FI03L_CPC.lev2.nas
File creation:                20200622170804
Startdate:                    20100101000000
Revision date:                20181114115100
Statistics:                   arithmetic mean
Data level:                   2
Period code:                  1y
Resolution code:              1h
Station code:                 FI0023R
Platform code:                FI0023S
Station name:                 V�rri�
Station latitude:             67.766667
Station longitude:            29.583333
Station altitude:             400.0 m
Regime:                       IMG
Component:                    particle_number_concentration
Unit:                         1/cm3
Matrix:                       pm10
Instrument type:              cpc
Laboratory code:              FI03L
Instrument name:              CPC_VAR_01
Method ref:                   FI03L_CPC
Measurement uncertainty:      5.0 %
Originator:                   Kulmala, Markku, , , , , , , , , 
Submitter:                    Aalto, Pasi, , , , , , , , , 
starttime endtime P T particle_number_concentration particle_number_concentration particle_number_concentration flag
[from data line 2001]
 83.375000  83.416667 9 9    346.575   306.787    396.960 0.000
 83.416667  83.458333 9 9    293.038   285.972    304.158 0.000
 83.458333  83.500000 9 9    303.140   293.596    314.355 0.000
 83.500000  83.541667 9 9    297.344   289.016    306.486 0.000
 83.541667  83.583333 9 9    317.446   289.986    364.589 0.000
 83.583333  83.625000 9 9    738.123   576.217    879.358 0.000
 83.625000  83.666667 9 9    931.939   799.387   1024.231 0.000
 83.666667  83.708333 9 9    806.491   519.365    987.987 0.000
 83.708333  83.750000 9 9    346.546   327.204    362.030 0.000
 83.750000  83.791667 9 9    399.465   389.802    405.403 0.000
 83.791667  83.833333 9 9   1113.671   670.121   1515.232 0.000
 83.833333  83.875000 9 9   1017.175   976.483   1061.595 0.000
 83.875000  83.916667 9 9   1066.246   978.146   1135.243 0.000
 83.916667  83.958333 9 9    893.862   864.467    935.446 0.000
 83.958333  84.000000 9 9   1182.177  1084.032   1248.357 0.000
 84.000000  84.041667 9 9   1194.192  1149.694   1239.809 0.000
 84.041667  84.083333 9 9   1234.129  1177.781   1260.754 0.000
 84.083333  84.125000 9 9   1193.872  1163.732   1220.541 0.000
 84.125000  84.166667 9 9   1333.153  1246.661   1417.472 0.000
 84.166667  84.208333 9 9   1235.818  1198.586   1266.545 0.000
 84.208333  84.250000 9 9   1041.438   960.783   1171.260 0.000
 84.250000  84.291667 9 9   1059.332  1011.705   1126.237 0.000
 84.291667  84.333333 9 9   1305.677  1200.804   1288.242 0.000
 84.333333  84.375000 9 9   1323.505  1179.898   1234.535 0.000
 84.375000  84.416667 9 9   1183.923  1162.479   1208.831 0.000
 84.416667  84.458333 9 9   1218.665  1183.636   1244.812 0.000
 84.458333  84.500000 9 9   1244.672  1233.791   1255.699 0.000
 84.500000  84.541667 9 9   1219.792  1207.726   1229.835 0.000
 84.541667  84.583333 9 9   1239.696  1222.885   1258.586 0.000
 84.583333  84.625000 9 9   1218.403  1185.084   1251.151 0.000
 84.625000  84.666667 9 9   1110.026  1071.619   1135.871 0.000
 84.666667  84.708333 9 9   1070.193  1053.120   1080.994 0.000
 84.708333  84.750000 9 9   1113.383  1104.572   1121.422 0.000
 84.750000  84.791667 9 9   1104.247  1094.204   1115.399 0.000
 84.791667  84.833333 9 9   1106.122  1098.784   1113.081 0.000
 84.833333  84.875000 9 9   1084.953  1066.094   1097.517 0.000
 84.875000  84.916667 9 9   1087.096  1063.473   1098.132 0.000
 84.916667  84.958333 9 9   1089.655  1085.164   1096.030 0.000
 84.958333  85.000000 9 9   1072.508  1043.648   1092.459 0.000
 85.000000  85.041667 9 9   1036.980  1032.219   1041.751 0.000
 85.041667  85.083333 9 9   1061.605  1046.970   1072.694 0.000
 85.083333  85.125000 9 9   1031.161  1025.992   1037.419 0.000
 85.125000  85.166667 9 9   1066.708  1029.499   1101.439 0.000
 85.166667  85.208333 9 9    989.260   983.433    998.669 0.000
 85.208333  85.250000 9 9    898.283   854.397    945.174 0.000
 85.250000  85.291667 9 9    692.746   599.917    793.506 0.000
 85.291667  85.333333 9 9    482.067   449.910    513.322 0.000
 85.333333  85.375000 9 9    473.464   458.337    493.411 0.000
 85.375000  85.416667 9 9    735.664   487.036    909.035 0.000
 85.416667  85.458333 9 9    839.420   758.849    909.430 0.000
 85.458333  85.500000 9 9   1250.420  1036.969   1398.350 0.000
 85.500000  85.541667 9 9   1241.242  1206.516   1278.786 0.000
 85.541667  85.583333 9 9   1554.579  1372.619   1824.089 0.000
 85.583333  85.625000 9 9   1705.870  1626.454   1841.125 0.000
 85.625000  85.666667 9 9   1477.137  1439.291   1525.345 0.000
 85.666667  85.708333 9 9   1833.213  1696.231   1957.374 0.000
 85.708333  85.750000 9 9   2221.375  2189.801   2254.009 0.000
 85.750000  85.791667 9 9   2278.779  1985.743   2826.174 0.000
 85.791667  85.833333 9 9   3492.199  3412.673   3567.484 0.000
 85.833333  85.875000 9 9   3201.670  2936.695   3434.892 0.000
 85.875000  85.916667 9 9   2719.335  2633.104   2800.013 0.000
 85.916667  85.958333 9 9   3636.802  2943.296   4103.155 0.000
 85.958333  86.000000 9 9   3700.282  3466.565   3901.042 0.000
 86.000000  86.041667 9 9   3175.194  3103.890   3249.010 0.000
 86.041667  86.083333 9 9   2851.598  2616.149   3109.951 0.000
 86.083333  86.125000 9 9   2285.820  2005.373   2509.825 0.000
 86.125000  86.166667 9 9   1778.593  1639.874   1898.753 0.000
 86.166667  86.208333 9 9   1564.317  1526.437   1593.879 0.000
 86.208333  86.250000 9 9   1332.712  1248.534   1407.986 0.000
 86.250000  86.291667 9 9   1016.552   952.063   1086.313 0.000
 86.291667  86.333333 9 9    881.819   814.473    940.981 0.000
 86.333333  86.375000 9 9    785.922   722.905    842.457 0.000
 86.375000  86.416667 9 9    705.395   685.244    722.491 0.000
 86.416667  86.458333 9 9    734.170   716.742    753.251 0.000
 86.458333  86.500000 9 9    628.569   573.768    686.974 0.000
 86.500000  86.541667 9 9    555.722   538.057    572.060 0.000
 86.541667  86.583333 9 9    568.757   454.008    816.727 0.000
 86.583333  86.625000 9 9   1259.540  1006.682   1443.307 0.000
 86.625000  86.666667 9 9    917.542   892.866    929.455 0.000
 86.666667  86.708333 9 9    999.960   951.338   1036.047 0.000
 86.708333  86.750000 9 9    593.142   434.897    792.122 0.000
 86.750000  86.791667 9 9    334.895   279.086    390.038 0.000
 86.791667  86.833333 9 9    228.287   204.684    256.011 0.000
 86.833333  86.875000 9 9    182.895   178.432    189.804 0.000
 86.875000  86.916667 9 9    192.673   184.527    198.437 0.000
 86.916667  86.958333 9 9    207.558   199.717    216.204 0.000
 86.958333  87.000000 9 9    222.733   213.281    232.688 0.000
 87.000000  87.041667 9 9    212.180   202.789    223.803 0.000
 87.041667  87.083333 9 9    265.766   248.290    276.525 0.000
 87.083333  87.125000 9 9    290.490   283.370    296.113 0.000
 87.125000  87.166667 9 9    357.704   298.074    400.528 0.000
 87.166667  87.208333 9 9    389.245   370.451    403.065 0.000
 87.208333  87.250000 9 9    369.382   367.149    371.174 0.000
 87.250000  87.291667 9 9    379.569   374.429    384.156 0.000
 87.291667  87.333333 9 9    388.893   378.433    402.697 0.000
 87.333333  87.375000 9 9    412.547   401.954    422.138 0.000
 87.375000  87.416667 9 9    427.509   415.799    436.811 0.000
 87.416667  87.458333 9 9    438.694   433.431    444.048 0.000
 87.458333  87.500000 9 9    489.333   450.243    541.968 0.000
 87.500000  87.541667 9 9    560.383   532.309    590.482 0.000
 87.541667  87.583333 9 9    694.577   645.349    742.990 0.000
 87.583333  87.625000 9 9    693.340   626.329    753.345 0.000
 87.625000  87.666667 9 9    835.934   769.389    882.933 0.000
 87.666667  87.708333 9 9    953.795   890.352    986.195 0.000
 87.708333  87.750000 9 9   1631.602  1018.317   2292.759 0.000
 87.750000  87.791667 9 9   2789.822  2609.894   2998.546 0.000
 87.791667  87.833333 9 9   3492.813  3240.885   3691.159 0.000
 87.833333  87.875000 9 9   4069.878  3701.350   4411.962 0.000
 87.875000  87.916667 9 9   3856.231  3532.347   4240.328 0.000
 87.916667  87.958333 9 9   3815.229  3564.015   4092.143 0.000
 87.958333  88.000000 9 9   2088.983  1225.286   2982.240 0.000
 88.000000  88.041667 9 9    799.879   706.289    933.795 0.000
 88.041667  88.083333 9 9    681.904   675.601    685.562 0.000
 88.083333  88.125000 9 9    707.568   680.096    726.212 0.000
 88.125000  88.166667 9 9    727.290   685.287    754.613 0.000
 88.166667  88.208333 9 9    652.642   642.077    663.541 0.000
 88.208333  88.250000 9 9    645.943   642.184    649.679 0.000
 88.250000  88.291667 9 9    669.710   643.016    730.659 0.000
 88.291667  88.333333 9 9    818.867   784.562    853.763 0.000
 88.333333  88.375000 9 9   1261.107  1125.687   1412.986 0.000
 88.375000  88.416667 9 9    893.506   801.355    944.563 0.000
 88.416667  88.458333 9 9    662.486   620.977    723.638 0.000
 88.458333  88.500000 9 9    640.301   627.749    656.360 0.000
 88.500000  88.541667 9 9    662.633   653.147    675.503 0.000
 88.541667  88.583333 9 9    647.522   623.107    671.648 0.000
 88.583333  88.625000 9 9    672.644   668.973    676.467 0.000
 88.625000  88.666667 9 9    650.150   645.816    654.056 0.000
 88.666667  88.708333 9 9    781.791   650.210    858.020 0.000
 88.708333  88.750000 9 9    854.713   830.838    871.843 0.000
 88.750000  88.791667 9 9    795.894   772.590    821.473 0.000
 88.791667  88.833333 9 9    750.728   710.491    794.479 0.000
 88.833333  88.875000 9 9    699.656   686.003    707.864 0.000
 88.875000  88.916667 9 9    692.165   682.230    705.284 0.000
 88.916667  88.958333 9 9    705.381   692.915    722.539 0.000
 88.958333  89.000000 9 9    764.608   746.576    776.816 0.000
 89.000000  89.041667 9 9    855.923   813.401    884.594 0.000
 89.041667  89.083333 9 9    835.366   774.763    890.895 0.000
 89.083333  89.125000 9 9    721.481   692.506    747.588 0.000
 89.125000  89.166667 9 9    726.789   686.915    754.545 0.000
 89.166667  89.208333 9 9    527.376   491.637    562.646 0.000
 89.208333  89.250000 9 9    472.289   453.065    491.737 0.000
 89.250000  89.291667 9 9    540.040   516.974    560.843 0.000
 89.291667  89.333333 9 9    596.408   561.199    610.297 0.000
 89.333333  89.375000 9 9    545.415   538.128    553.551 0.000
 89.375000  89.416667 9 9    640.703   566.084    690.150 0.000
 89.416667  89.458333 9 9    835.935   727.762    930.440 0.000
 89.458333  89.500000 9 9    855.012   830.737    886.619 0.000
 89.500000  89.541667 9 9    979.192   826.191    852.225 0.000
 89.541667  89.583333 9 9    867.600   816.837    845.623 0.000
 89.583333  89.625000 9 9    799.565   756.591    832.106 0.000
 89.625000  89.666667 9 9    748.571   672.722    818.526 0.000
 89.666667  89.708333 9 9    856.970   804.937    887.800 0.000
 89.708333  89.750000 9 9    624.893   544.548    700.307 0.000
 89.750000  89.791667 9 9    491.014   482.805    505.835 0.000
 89.791667  89.833333 9 9    508.800   495.734    522.714 0.000
 89.833333  89.875000 9 9    549.922   539.377    563.347 0.000
 89.875000  89.916667 9 9    565.578   551.989    573.107 0.000
 89.916667  89.958333 9 9    532.760   525.236    538.929 0.000
 89.958333  90.000000 9 9    522.500   503.557    547.350 0.000
 90.000000  90.041667 9 9    593.106   527.535    728.115 0.000
 90.041667  90.083333 9 9    748.236   647.171    865.326 0.000
 90.083333  90.125000 9 9    775.441   680.768    845.562 0.000
 90.125000  90.166667 9 9    836.575   696.762    945.709 0.000
 90.166667  90.208333 9 9    970.246   933.293   1025.893 0.000
 90.208333  90.250000 9 9    882.085   845.302    918.540 0.000
 90.250000  90.291667 9 9    969.550   929.861    993.090 0.000
 90.291667  90.333333 9 9   1292.351  1090.259   1510.401 0.000
 90.333333  90.375000 9 9   1307.288  1284.870   1324.017 0.000
 90.375000  90.416667 9 9   1340.809  1332.481   1348.711 0.000
 90.416667  90.458333 9 9   1463.920  1396.912   1513.248 0.000
 90.458333  90.500000 9 9   1620.146  1570.695   1691.319 0.000
 90.500000  90.541667 9 9   1820.231  1715.533   1867.079 0.000
 90.541667  90.583333 9 9   1955.896  1810.279   2090.595 0.000
 90.583333  90.625000 9 9   1688.038  1667.116   1703.499 0.000
 90.625000  90.666667 9 9   1598.246  1556.979   1638.703 0.000
 90.666667  90.708333 9 9   1510.727  1497.073   1522.641 0.000
 90.708333  90.750000 9 9   1495.616  1483.546   1503.589 0.000
 90.750000  90.791667 9 9   1628.318  1545.188   1741.046 0.000
 90.791667  90.833333 9 9   1852.120  1828.336   1873.237 0.000
 90.833333  90.875000 9 9   1854.546  1833.856   1871.245 0.000
 90.875000  90.916667 9 9   1777.433  1710.179   1847.354 0.000
 90.916667  90.958333 9 9   1633.278  1611.775   1653.894 0.000
 90.958333  91.000000 9 9   1589.160  1583.569   1594.824 0.000
 91.000000  91.041667 9 9   1629.633  1583.412   1680.314 0.000
 91.041667  91.083333 9 9   1719.216  1655.038   1786.756 0.000
 91.083333  91.125000 9 9   1602.790  1584.039   1626.588 0.000
 91.125000  91.166667 9 9   1616.007  1587.080   1648.932 0.000
 91.166667  91.208333 9 9   1617.118  1599.949   1636.335 0.000
 91.208333  91.250000 9 9   1666.610  1541.824   1593.661 0.000
 91.250000  91.291667 9 9   1683.238  1575.504   1769.372 0.000
 91.291667  91.333333 9 9   1712.773  1653.454   1780.238 0.000
 91.333333  91.375000 9 9   1823.237  1763.197   1881.234 0.000
 91.375000  91.416667 9 9   2492.497  2146.386   2888.018 0.000
 91.416667  91.458333 9 9   2608.945  2330.543   2748.182 0.000
 91.458333  91.500000 9 9   2707.371  2684.204   2727.974 0.000
 91.500000  91.541667 9 9   2684.421  2602.248   2750.021 0.000
 91.541667  91.583333 9 9   2473.569  2437.435   2533.638 0.000
 91.583333  91.625000 9 9   2296.461  2256.558   2356.645 0.000
 91.625000  91.666667 9 9   2254.017  2072.484   2221.360 0.000
 91.666667  91.708333 9 9   2228.589  2132.357   2354.392 0.000
 91.708333  91.750000 9 9   2131.212  1933.536   2376.395 0.000
 91.750000  91.791667 9 9   1662.054  1546.636   1731.361 0.000
 91.791667  91.833333 9 9   1459.681  1443.827   1477.917 0.000
 91.833333  91.875000 9 9   1479.559  1468.893   1489.373 0.000
 91.875000  91.916667 9 9   1488.563  1482.695   1494.235 0.000
 91.916667  91.958333 9 9   1420.015  1378.490   1458.017 0.000
 91.958333  92.000000 9 9   1334.101  1312.351   1357.417 0.000
 92.000000  92.041667 9 9   1264.166  1221.528   1301.658 0.000
 92.041667  92.083333 9 9   1151.863  1120.648   1188.132 0.000
 92.083333  92.125000 9 9   1271.018  1208.629   1326.769 0.000
 92.125000  92.166667 9 9   1289.303  1255.618   1315.036 0.000
 92.166667  92.208333 9 9   1209.007  1191.672   1223.831 0.000
 92.208333  92.250000 9 9   1231.464  1216.569   1246.117 0.000
 92.250000  92.291667 9 9   1216.609  1204.674   1233.935 0.000
 92.291667  92.333333 9 9   1213.985  1204.262   1221.586 0.000
 92.333333  92.375000 9 9   1253.571  1226.604   1292.119 0.000
 92.375000  92.416667 9 9   1362.230  1342.508   1382.926 0.000
 92.416667  92.458333 9 9   1475.859  1416.569   1533.436 0.000
 92.458333  92.500000 9 9   1462.097  1384.372   1513.723 0.000
 92.500000  92.541667 9 9   1444.260  1429.622   1457.133 0.000
 92.541667  92.583333 9 9   1397.341  1390.843   1404.302 0.000
 92.583333  92.625000 9 9   1309.340  1257.420   1382.688 0.000
 92.625000  92.666667 9 9   1264.610  1249.864   1275.834 0.000
 92.666667  92.708333 9 9   1320.095  1303.432   1333.751 0.000
 92.708333  92.750000 9 9   1264.913  1252.137   1274.806 0.000
 92.750000  92.791667 9 9   1254.243  1243.773   1273.595 0.000
 92.791667  92.833333 9 9   1390.669  1215.310   1578.929 0.000
 92.833333  92.875000 9 9   1176.076  1159.492   1199.639 0.000
 92.875000  92.916667 9 9   1245.002  1209.764   1272.765 0.000
 92.916667  92.958333 9 9   1267.209  1211.137   1331.869 0.000
 92.958333  93.000000 9 9   1482.421  1415.166   1579.864 0.000
 93.000000  93.041667 9 9   1619.718  1587.621   1651.388 0.000
 93.041667  93.083333 9 9   1510.056  1493.554   1527.563 0.000
 93.083333  93.125000 9 9   1452.704  1431.564   1477.307 0.000
 93.125000  93.166667 9 9   1521.257  1481.214   1559.995 0.000
 93.166667  93.208333 9 9   1676.496  1610.837   1740.753 0.000
 93.208333  93.250000 9 9   1641.596  1522.468   1832.166 0.000
 93.250000  93.291667 9 9   1856.407  1841.926   1868.521 0.000
 93.291667  93.333333 9 9   1882.325  1817.534   1874.715 0.000
 93.333333  93.375000 9 9   1823.074  1817.282   1830.743 0.000
 93.375000  93.416667 9 9   1832.558  1813.219   1836.492 0.000
 93.416667  93.458333 9 9   1846.752  1830.175   1862.436 0.000
 93.458333  93.500000 9 9   1837.379  1806.516   1843.848 0.000
 93.500000  93.541667 9 9   1824.730  1819.303   1831.124 0.000
 93.541667  93.583333 9 9   1806.919  1792.845   1824.220 0.000
 93.583333  93.625000 9 9   1797.872  1775.111   1812.271 0.000
 93.625000  93.666667 9 9   1794.134  1777.924   1804.531 0.000
 93.666667  93.708333 9 9   1797.325  1773.924   1826.607 0.000
 93.708333  93.750000 9 9   1894.567  1828.132   1966.051 0.000
