RRS/FI0023R.20050101000000.20181114115100.cpc.particle_number_concentration.pm10.1y.1h.FI03L_CPC_VAR_01.FI03L_CPC.lev2.nas
50 1001
Kulmala, Markku
FI03L, University of Helsinki, UHEL, Division of Atmospheric Sciences, PO BOX 64, , FI-00014, University of Helsinki, Finland
Aalto, Pasi
GAW-WDCA
1 1
2005 01 01 2018 11 14
0.041667
days from file reference point
7
1 1 1 1 1 1 1
999.999999 9 9 999999.999 999999.999 999999.999 9.999
end_time of measurement, days from the file reference point
pressure, hPa, Location=instrument internal, Matrix=instrument, Measurement uncertainty=
temperature, K, Location=instrument internal, Matrix=instrument, Measurement uncertainty=
particle_number_concentration, 1/cm3
particle_number_concentration, 1/cm3, Statistics=percentile:15.87
particle_number_concentration, 1/cm3, Statistics=percentile:84.13
numflag, no unit
0
29
Data definition:              EBAS_1.1
Set type code:                TU
Timezone:                     UTC
File name:                    FI0023R.20050101000000.20181114115100.cpc.particle_number_concentration.pm10.1y.1h.FI03L_CPC_VAR_01.FI03L_CPC.lev2.nas
File creation:                20200622170759
Startdate:                    20050101000000
Revision date:                20181114115100
Statistics:                   arithmetic mean
Data level:                   2
Period code:                  1y
Resolution code:              1h
Station code:                 FI0023R
Platform code:                FI0023S
Station name:                 V�rri�
Station latitude:             67.766667
Station longitude:            29.583333
Station altitude:             400.0 m
Regime:                       IMG
Component:                    particle_number_concentration
Unit:                         1/cm3
Matrix:                       pm10
Instrument type:              cpc
Laboratory code:              FI03L
Instrument name:              CPC_VAR_01
Method ref:                   FI03L_CPC
Measurement uncertainty:      5.0 %
Originator:                   Kulmala, Markku, , , , , , , , , 
Submitter:                    Aalto, Pasi, , , , , , , , , 
starttime endtime P T particle_number_concentration particle_number_concentration particle_number_concentration flag
[from data line 8124]
338.500000 338.541667 9 9    158.492    156.185    161.594 0.000
338.541667 338.583333 9 9    204.648    168.505    273.965 0.000
338.583333 338.625000 9 9    259.148    227.426    309.948 0.000
338.625000 338.666667 9 9    341.320    296.505    376.455 0.000
338.666667 338.708333 9 9    271.428    179.892    366.805 0.000
338.708333 338.750000 9 9    197.632    187.300    206.531 0.000
338.750000 338.791667 9 9    204.091    197.467    210.359 0.000
338.791667 338.833333 9 9    240.245    211.746    289.918 0.000
338.833333 338.875000 9 9    294.555    291.596    297.655 0.000
338.875000 338.916667 9 9    289.649    281.581    296.461 0.000
338.916667 338.958333 9 9    272.458    264.630    281.385 0.000
338.958333 339.000000 9 9    301.011    288.318    309.862 0.000
339.000000 339.041667 9 9    306.156    297.496    316.726 0.000
339.041667 339.083333 9 9    320.440    310.628    330.389 0.000
339.083333 339.125000 9 9    330.792    328.675    335.627 0.000
339.125000 339.166667 9 9    385.886    332.520    494.821 0.000
339.166667 339.208333 9 9    630.340    583.585    673.545 0.000
339.208333 339.250000 9 9    637.771    588.708    702.069 0.000
339.250000 339.291667 9 9    731.146    722.453    740.518 0.000
339.291667 339.333333 9 9    742.310    714.995    780.422 0.000
339.333333 339.375000 9 9    752.836    732.721    772.075 0.000
339.375000 339.416667 9 9    669.550    640.547    700.187 0.000
339.416667 339.458333 9 9    588.668    568.278    616.241 0.000
339.458333 339.500000 9 9    574.153    565.675    582.887 0.000
339.500000 339.541667 9 9    596.484    582.997    606.961 0.000
339.541667 339.583333 9 9    608.874    557.781    633.519 0.000
339.583333 339.625000 9 9    454.124    414.488    498.384 0.000
339.625000 339.666667 9 9    352.866    310.560    404.504 0.000
339.666667 339.708333 9 9    314.632    300.581    323.958 0.000
339.708333 339.750000 9 9    417.712    332.539    712.600 0.000
339.750000 339.791667 9 9    380.338    284.900    493.332 0.000
339.791667 339.833333 9 9    313.236    295.127    328.599 0.000
339.833333 339.875000 9 9    360.953    350.755    369.635 0.000
339.875000 339.916667 9 9    352.812    347.530    361.614 0.000
339.916667 339.958333 9 9    349.093    343.970    358.033 0.000
339.958333 340.000000 9 9    317.112    313.179    324.890 0.000
340.000000 340.041667 9 9    295.812    286.011    308.260 0.000
340.041667 340.083333 9 9    285.989    284.352    289.459 0.000
340.083333 340.125000 9 9    245.354    217.375    267.334 0.000
340.125000 340.166667 9 9    197.070    175.845    213.209 0.000
340.166667 340.208333 9 9    193.082    179.668    209.134 0.000
340.208333 340.250000 9 9    177.214    167.111    184.657 0.000
340.250000 340.291667 9 9    243.511    187.788    270.905 0.000
340.291667 340.333333 9 9    304.281    295.587    315.769 0.000
340.333333 340.375000 9 9    278.930    254.870    300.295 0.000
340.375000 340.416667 9 9    252.587    235.598    259.440 0.000
340.416667 340.458333 9 9    209.183    184.729    228.144 0.000
340.458333 340.500000 9 9    166.019    143.347    180.193 0.000
340.500000 340.541667 9 9    177.764    162.932    191.483 0.000
340.541667 340.583333 9 9    169.070    150.313    195.568 0.000
340.583333 340.625000 9 9    164.515    136.553    203.399 0.000
340.625000 340.666667 9 9    209.980    178.387    261.675 0.000
340.666667 340.708333 9 9    246.309    197.598    275.727 0.000
340.708333 340.750000 9 9    244.306    238.890    249.693 0.000
340.750000 340.791667 9 9    230.956    227.147    235.491 0.000
340.791667 340.833333 9 9    195.900    153.173    228.718 0.000
340.833333 340.875000 9 9    184.326    144.420    213.943 0.000
340.875000 340.916667 9 9    209.697    203.386    214.877 0.000
340.916667 340.958333 9 9    180.499    175.275    188.207 0.000
340.958333 341.000000 9 9    157.947    138.298    174.100 0.000
341.000000 341.041667 9 9    116.586    108.014    124.151 0.000
341.041667 341.083333 9 9    118.038    114.498    122.544 0.000
341.083333 341.125000 9 9    118.876    117.424    120.615 0.000
341.125000 341.166667 9 9    117.568    114.331    120.585 0.000
341.166667 341.208333 9 9    112.643    106.858    117.830 0.000
341.208333 341.250000 9 9    106.767    104.338    109.909 0.000
341.250000 341.291667 9 9    102.460    100.209    105.432 0.000
341.291667 341.333333 9 9    102.882     96.089    111.504 0.000
341.333333 341.375000 9 9    107.317    105.450    110.913 0.000
341.375000 341.416667 9 9    106.033    101.240    109.637 0.000
341.416667 341.458333 9 9    107.392    105.633    108.646 0.000
341.458333 341.500000 9 9     99.688     82.869    109.729 0.000
341.500000 341.541667 9 9     81.255     74.295     91.605 0.000
341.541667 341.583333 9 9     84.781     78.821     91.652 0.000
341.583333 341.625000 9 9    102.728     98.156    111.393 0.000
341.625000 341.666667 9 9    116.886    112.252    120.723 0.000
341.666667 341.708333 9 9    123.866    120.891    126.283 0.000
341.708333 341.750000 9 9    129.203    127.259    131.733 0.000
341.750000 341.791667 9 9    131.522    129.515    133.788 0.000
341.791667 341.833333 9 9    139.524    132.392    143.246 0.000
341.833333 341.875000 9 9    145.706    138.275    155.715 0.000
341.875000 341.916667 9 9    158.602    155.963    161.415 0.000
341.916667 341.958333 9 9    184.243    164.074    199.151 0.000
341.958333 342.000000 9 9    195.334    177.639    212.302 0.000
342.000000 342.041667 9 9    233.908    221.443    243.748 0.000
342.041667 342.083333 9 9    252.678    236.945    279.089 0.000
342.083333 342.125000 9 9    263.918    248.800    283.708 0.000
342.125000 342.166667 9 9    293.403    274.098    306.328 0.000
342.166667 342.208333 9 9    247.147    229.960    273.270 0.000
342.208333 342.250000 9 9    224.718    219.739    231.233 0.000
342.250000 342.291667 9 9    256.630    229.984    298.760 0.000
342.291667 342.333333 9 9    316.639    307.546    326.170 0.000
342.333333 342.375000 9 9    273.019    245.538    287.379 0.000
342.375000 342.416667 9 9    214.368    197.100    234.701 0.000
342.416667 342.458333 9 9    214.968    199.372    233.591 0.000
342.458333 342.500000 9 9    229.135    226.289    234.290 0.000
342.500000 342.541667 9 9    217.112    208.421    226.692 0.000
342.541667 342.583333 9 9    238.382    227.026    247.898 0.000
342.583333 342.625000 9 9    264.666    236.952    285.331 0.000
342.625000 342.666667 9 9    249.276    240.526    267.085 0.000
342.666667 342.708333 9 9    268.735    260.207    276.357 0.000
342.708333 342.750000 9 9    300.688    287.668    311.188 0.000
342.750000 342.791667 9 9    315.942    310.470    320.104 0.000
342.791667 342.833333 9 9    303.668    282.828    320.931 0.000
342.833333 342.875000 9 9    283.864    275.085    291.828 0.000
342.875000 342.916667 9 9    286.717    279.136    293.166 0.000
342.916667 342.958333 9 9    309.841    298.329    323.342 0.000
342.958333 343.000000 9 9    341.423    329.526    354.667 0.000
343.000000 343.041667 9 9    316.472    285.692    353.315 0.000
343.041667 343.083333 9 9    300.572    293.755    307.724 0.000
343.083333 343.125000 9 9    318.887    308.585    333.565 0.000
343.125000 343.166667 9 9    346.549    306.138    377.246 0.000
343.166667 343.208333 9 9    307.275    291.881    333.078 0.000
343.208333 343.250000 9 9    305.650    292.289    315.816 0.000
343.250000 343.291667 9 9    298.847    291.551    309.025 0.000
343.291667 343.333333 9 9    299.765    295.098    306.624 0.000
343.333333 343.375000 9 9    316.210    298.029    337.373 0.000
343.375000 343.416667 9 9    243.999    220.408    275.057 0.000
343.416667 343.458333 9 9    213.848    206.090    218.924 0.000
343.458333 343.500000 9 9    188.508    182.805    198.349 0.000
343.500000 343.541667 9 9    174.478    164.176    187.279 0.000
343.541667 343.583333 9 9    168.645    164.213    173.571 0.000
343.583333 343.625000 9 9    158.334    152.059    163.094 0.000
343.625000 343.666667 9 9    128.794    121.333    141.747 0.000
343.666667 343.708333 9 9    119.623    118.019    123.263 0.000
343.708333 343.750000 9 9    113.932    109.016    119.146 0.000
343.750000 343.791667 9 9    109.084    106.021    112.501 0.000
343.791667 343.833333 9 9    101.132     96.489    105.754 0.000
343.833333 343.875000 9 9     99.579     98.125    101.737 0.000
343.875000 343.916667 9 9    109.991    104.960    114.954 0.000
343.916667 343.958333 9 9    108.083    105.253    112.553 0.000
343.958333 344.000000 9 9    103.192     99.439    106.238 0.000
344.000000 344.041667 9 9     95.391     93.815     97.095 0.000
344.041667 344.083333 9 9     95.314     92.793     97.923 0.000
344.083333 344.125000 9 9     91.571     90.108     92.925 0.000
344.125000 344.166667 9 9     92.495     91.238     93.547 0.000
344.166667 344.208333 9 9     86.210     80.288     91.803 0.000
344.208333 344.250000 9 9     71.529     68.773     74.671 0.000
344.250000 344.291667 9 9     70.587     68.840     73.104 0.000
344.291667 344.333333 9 9     77.766     74.340     81.878 0.000
344.333333 344.375000 9 9     95.181     84.291    108.969 0.000
344.375000 344.416667 9 9    103.179     92.036    123.442 0.000
344.416667 344.458333 9 9    123.019    110.090    143.599 0.000
344.458333 344.500000 9 9    109.330    105.115    113.015 0.000
344.500000 344.541667 9 9    101.761     73.394    152.733 0.000
344.541667 344.583333 9 9     72.972     63.209     80.669 0.000
344.583333 344.625000 9 9    123.415    119.849    131.144 0.000
344.625000 344.666667 9 9    132.595    126.843    135.603 0.000
344.666667 344.708333 9 9    122.520    113.722    128.761 0.000
344.708333 344.750000 9 9    110.913    102.278    118.006 0.000
344.750000 344.791667 9 9    122.404    118.034    128.074 0.000
344.791667 344.833333 9 9    136.892    131.723    142.571 0.000
344.833333 344.875000 9 9    204.609    185.077    219.004 0.000
344.875000 344.916667 9 9    174.322    103.743    204.617 0.000
344.916667 344.958333 9 9    111.079     97.965    125.329 0.000
344.958333 345.000000 9 9     83.278     80.820     85.420 0.000
345.000000 345.041667 9 9     71.959     66.347     82.862 0.000
345.041667 345.083333 9 9     86.466     75.414    101.298 0.000
345.083333 345.125000 9 9    168.896    143.438    187.514 0.000
345.125000 345.166667 9 9    173.060    164.093    185.811 0.000
345.166667 345.208333 9 9    183.004    173.373    191.946 0.000
345.208333 345.250000 9 9    177.713    154.812    193.435 0.000
345.250000 345.291667 9 9    128.414    109.655    150.090 0.000
345.291667 345.333333 9 9    122.285    106.844    134.674 0.000
345.333333 345.375000 9 9    232.606    140.090    485.689 0.000
345.375000 345.416667 9 9    764.672    691.241    799.798 0.000
345.416667 345.458333 9 9    358.997    290.539    525.999 0.000
345.458333 345.500000 9 9    270.840    256.879    287.220 0.000
345.500000 345.541667 9 9    385.824    328.687    457.554 0.000
345.541667 345.583333 9 9    403.678    311.993    468.006 0.000
345.583333 345.625000 9 9    393.236    221.016    591.781 0.000
345.625000 345.666667 9 9    159.341    140.005    177.844 0.000
345.666667 345.708333 9 9    212.027    194.166    224.967 0.000
345.708333 345.750000 9 9    215.561    198.093    230.284 0.000
345.750000 345.791667 9 9    205.741    193.679    218.058 0.000
345.791667 345.833333 9 9    231.473    215.027    242.347 0.000
345.833333 345.875000 9 9    512.537    348.631    676.930 0.000
345.875000 345.916667 9 9    783.432    706.419    818.782 0.000
345.916667 345.958333 9 9    860.167    842.464    881.407 0.000
345.958333 346.000000 9 9    761.369    707.484    811.194 0.000
346.000000 346.041667 9 9    567.254    514.168    653.051 0.000
346.041667 346.083333 9 9    451.562    417.307    482.339 0.000
346.083333 346.125000 9 9    386.357    369.399    405.139 0.000
346.125000 346.166667 9 9    318.014    292.820    357.747 0.000
346.166667 346.208333 9 9    275.961    268.103    285.172 0.000
346.208333 346.250000 9 9    253.471    217.775    284.680 0.000
346.250000 346.291667 9 9    237.047    192.623    288.982 0.000
346.291667 346.333333 9 9    332.679    317.567    351.125 0.000
346.333333 346.375000 9 9    410.453    391.682    445.850 0.000
346.375000 346.416667 9 9    413.879    384.655    443.904 0.000
346.416667 346.458333 9 9    390.605    371.004    407.633 0.000
346.458333 346.500000 9 9    340.231    305.890    394.103 0.000
346.500000 346.541667 9 9    260.972    219.579    297.114 0.000
346.541667 346.583333 9 9    192.513    179.143    203.701 0.000
346.583333 346.625000 9 9    191.666    187.198    197.437 0.000
346.625000 346.666667 9 9    181.513    176.594    187.402 0.000
346.666667 346.708333 9 9    175.224    170.533    178.693 0.000
346.708333 346.750000 9 9    176.163    171.449    180.453 0.000
346.750000 346.791667 9 9    171.736    167.154    174.826 0.000
346.791667 346.833333 9 9    166.385    163.854    168.131 0.000
346.833333 346.875000 9 9    163.023    160.301    164.851 0.000
346.875000 346.916667 9 9    155.528    148.299    162.391 0.000
346.916667 346.958333 9 9    142.133    125.273    150.270 0.000
346.958333 347.000000 9 9    143.582    137.465    150.385 0.000
347.000000 347.041667 9 9    145.295    129.315    163.138 0.000
347.041667 347.083333 9 9    140.245    121.895    154.555 0.000
347.083333 347.125000 9 9    129.446    113.915    142.594 0.000
347.125000 347.166667 9 9    115.707    105.621    127.531 0.000
347.166667 347.208333 9 9    104.971     91.937    117.516 0.000
347.208333 347.250000 9 9     95.061     90.110    103.291 0.000
347.250000 347.291667 9 9     79.186     72.945     83.937 0.000
347.291667 347.333333 9 9     80.913     76.669     85.915 0.000
347.333333 347.375000 9 9     74.838     64.459     82.511 0.000
347.375000 347.416667 9 9    120.888     68.320    250.246 0.000
347.416667 347.458333 9 9    146.574     84.982    194.014 0.000
347.458333 347.500000 9 9    163.903    157.392    172.778 0.000
347.500000 347.541667 9 9    117.890    101.841    133.183 0.000
347.541667 347.583333 9 9    102.475     91.967    105.576 0.000
347.583333 347.625000 9 9    118.387    108.886    127.468 0.000
347.625000 347.666667 9 9    138.772    133.822    142.682 0.000
347.666667 347.708333 9 9    134.775    130.928    136.954 0.000
347.708333 347.750000 9 9    145.307    142.799    148.567 0.000
347.750000 347.791667 9 9    220.860    162.367    270.231 0.000
347.791667 347.833333 9 9    339.801    304.895    359.236 0.000
347.833333 347.875000 9 9    336.745    330.600    342.041 0.000
347.875000 347.916667 9 9    311.218    303.554    324.103 0.000
347.916667 347.958333 9 9    263.250    244.482    288.365 0.000
347.958333 348.000000 9 9    230.790    223.229    240.886 0.000
348.000000 348.041667 9 9    286.320    266.572    295.277 0.000
348.041667 348.083333 9 9    312.259    298.931    322.580 0.000
348.083333 348.125000 9 9    325.168    315.667    331.496 0.000
348.125000 348.166667 9 9    318.073    314.087    322.625 0.000
348.166667 348.208333 9 9    337.042    319.133    362.488 0.000
348.208333 348.250000 9 9    366.517    350.281    383.513 0.000
348.250000 348.291667 9 9    311.129    289.350    324.908 0.000
348.291667 348.333333 9 9    271.755    261.001    285.981 0.000
348.333333 348.375000 9 9    272.340    247.002    294.096 0.000
348.375000 348.416667 9 9    273.164    253.676    297.106 0.000
348.416667 348.458333 9 9    237.203    230.967    248.944 0.000
348.458333 348.500000 9 9    230.924    226.421    234.744 0.000
348.500000 348.541667 9 9    239.589    235.590    242.109 0.000
348.541667 348.583333 9 9    232.754    215.833    246.475 0.000
348.583333 348.625000 9 9    232.732    217.450    250.660 0.000
348.625000 348.666667 9 9    275.348    265.642    286.644 0.000
348.666667 348.708333 9 9    274.506    267.929    279.668 0.000
