RRS/FI0023R.20120101000000.20181114115100.cpc.particle_number_concentration.pm10.1y.1h.FI03L_CPC_VAR_01.FI03L_CPC.lev2.nas
50 1001
Kulmala, Markku
FI03L, University of Helsinki, UHEL, Division of Atmospheric Sciences, PO BOX 64, , FI-00014, University of Helsinki, Finland
Aalto, Pasi
GAW-WDCA ACTRIS
1 1
2012 01 01 2018 11 14
0.041667
days from file reference point
7
1 1 1 1 1 1 1
999.999999 9 9 999999.999 99999.999 999999.999 9.999
end_time of measurement, days from the file reference point
pressure, hPa, Location=instrument internal, Matrix=instrument, Measurement uncertainty=
temperature, K, Location=instrument internal, Matrix=instrument, Measurement uncertainty=
particle_number_concentration, 1/cm3
particle_number_concentration, 1/cm3, Statistics=percentile:15.87
particle_number_concentration, 1/cm3, Statistics=percentile:84.13
numflag, no unit
0
29
Data definition:              EBAS_1.1
Set type code:                TU
Timezone:                     UTC
File name:                    FI0023R.20120101000000.20181114115100.cpc.particle_number_concentration.pm10.1y.1h.FI03L_CPC_VAR_01.FI03L_CPC.lev2.nas
File creation:                20200622170805
Startdate:                    20120101000000
Revision date:                20181114115100
Statistics:                   arithmetic mean
Data level:                   2
Period code:                  1y
Resolution code:              1h
Station code:                 FI0023R
Platform code:                FI0023S
Station name:                 V�rri�
Station latitude:             67.766667
Station longitude:            29.583333
Station altitude:             400.0 m
Regime:                       IMG
Component:                    particle_number_concentration
Unit:                         1/cm3
Matrix:                       pm10
Instrument type:              cpc
Laboratory code:              FI03L
Instrument name:              CPC_VAR_01
Method ref:                   FI03L_CPC
Measurement uncertainty:      5.0 %
Originator:                   Kulmala, Markku, , , , , , , , , 
Submitter:                    Aalto, Pasi, , , , , , , , , 
starttime endtime P T particle_number_concentration particle_number_concentration particle_number_concentration flag
[from data line 7251]
302.125000 302.166667 9 9     54.105    45.093     63.096 0.000
302.166667 302.208333 9 9     33.564    24.385     51.666 0.000
302.208333 302.250000 9 9     19.351    18.330     20.460 0.000
302.250000 302.291667 9 9     31.660    21.197     44.926 0.000
302.291667 302.333333 9 9     80.423    57.430    106.514 0.000
302.333333 302.375000 9 9    128.721   124.908    132.187 0.000
302.375000 302.416667 9 9    148.730   146.370    151.507 0.000
302.416667 302.458333 9 9    155.381   149.170    163.715 0.000
302.458333 302.500000 9 9    165.036   162.453    167.639 0.000
302.500000 302.541667 9 9    165.456   148.854    172.953 0.000
302.541667 302.583333 9 9    147.271   143.078    151.914 0.000
302.583333 302.625000 9 9    142.482   139.207    144.714 0.000
302.625000 302.666667 9 9    162.019   145.511    172.192 0.000
302.666667 302.708333 9 9    148.223   145.378    152.574 0.000
302.708333 302.750000 9 9    143.076   134.883    152.254 0.000
302.750000 302.791667 9 9    138.013   135.258    142.584 0.000
302.791667 302.833333 9 9    143.179   132.211    150.422 0.000
302.833333 302.875000 9 9    147.937   138.739    162.248 0.000
302.875000 302.916667 9 9    202.151   163.777    245.482 0.000
302.916667 302.958333 9 9    266.756   243.324    282.112 0.000
302.958333 303.000000 9 9    209.912   196.936    219.826 0.000
303.000000 303.041667 9 9    241.898   223.695    255.970 0.000
303.041667 303.083333 9 9    271.980   261.461    284.329 0.000
303.083333 303.125000 9 9    312.669   304.204    326.155 0.000
303.125000 303.166667 9 9    344.480   327.809    353.552 0.000
303.166667 303.208333 9 9    330.237   299.223    351.738 0.000
303.208333 303.250000 9 9    272.364   267.079    281.354 0.000
303.250000 303.291667 9 9    235.052   228.113    238.883 0.000
303.291667 303.333333 9 9    212.152   202.619    224.141 0.000
303.333333 303.375000 9 9    243.062   230.838    253.103 0.000
303.375000 303.416667 9 9    265.274   257.087    271.951 0.000
303.416667 303.458333 9 9    366.827   335.286    396.153 0.000
303.458333 303.500000 9 9    392.956   389.103    397.001 0.000
303.500000 303.541667 9 9    379.821   368.279    388.300 0.000
303.541667 303.583333 9 9    342.467   333.874    353.075 0.000
303.583333 303.625000 9 9    336.872   333.999    340.389 0.000
303.625000 303.666667 9 9    344.052   332.338    357.717 0.000
303.666667 303.708333 9 9    381.664   375.159    390.007 0.000
303.708333 303.750000 9 9    471.678   422.972    535.535 0.000
303.750000 303.791667 9 9    673.063   611.619    732.459 0.000
303.791667 303.833333 9 9    807.686   763.524    858.161 0.000
303.833333 303.875000 9 9    923.916   884.325    968.922 0.000
303.875000 303.916667 9 9    990.023   973.541   1004.408 0.000
303.916667 303.958333 9 9    986.788   973.296    999.065 0.000
303.958333 304.000000 9 9    980.072   954.118   1008.121 0.000
304.000000 304.041667 9 9    955.720   903.630   1008.684 0.000
304.041667 304.083333 9 9    817.055   770.054    862.027 0.000
304.083333 304.125000 9 9    715.285   671.597    747.121 0.000
304.125000 304.166667 9 9    629.572   611.967    650.226 0.000
304.166667 304.208333 9 9    589.398   576.254    601.232 0.000
304.208333 304.250000 9 9    634.855   600.543    660.890 0.000
304.250000 304.291667 9 9    670.228   653.058    688.340 0.000
304.291667 304.333333 9 9    572.312   509.166    636.961 0.000
304.333333 304.375000 9 9    536.383   432.437    711.450 0.000
304.375000 304.416667 9 9    744.064   504.460   1022.199 0.000
304.416667 304.458333 9 9    529.116   486.084    584.902 0.000
304.458333 304.500000 9 9    466.811   457.379    479.238 0.000
304.500000 304.541667 9 9    480.561   454.472    504.946 0.000
304.541667 304.583333 9 9    427.590   416.260    438.590 0.000
304.583333 304.625000 9 9    385.122   366.507    404.114 0.000
304.625000 304.666667 9 9    372.024   357.972    382.036 0.000
304.666667 304.708333 9 9    619.108   513.329    734.181 0.000
304.708333 304.750000 9 9    528.307   399.596    684.057 0.000
304.750000 304.791667 9 9    331.128   312.565    353.472 0.000
304.791667 304.833333 9 9    267.588   250.028    293.188 0.000
304.833333 304.875000 9 9    257.696   249.150    271.411 0.000
304.875000 304.916667 9 9    246.315   221.931    265.166 0.000
304.916667 304.958333 9 9    190.453   173.115    216.618 0.000
304.958333 305.000000 9 9    258.842   203.101    316.581 0.000
305.000000 305.041667 9 9    407.739   392.124    429.119 0.000
305.041667 305.083333 9 9    364.602   354.673    375.883 0.000
305.083333 305.125000 9 9    260.560   203.154    318.506 0.000
305.125000 305.166667 9 9    184.370   179.840    191.588 0.000
305.166667 305.208333 9 9    179.406   176.925    181.696 0.000
305.208333 305.250000 9 9    162.174   153.279    172.267 0.000
305.250000 305.291667 9 9    140.502   128.469    154.978 0.000
305.291667 305.333333 9 9    134.832   128.159    142.407 0.000
305.333333 305.375000 9 9    134.138   128.685    139.530 0.000
305.375000 305.416667 9 9    218.764   181.189    247.098 0.000
305.416667 305.458333 9 9    228.244   196.684    262.324 0.000
305.458333 305.500000 9 9    233.703   229.557    238.191 0.000
305.500000 305.541667 9 9    227.981   223.435    232.927 0.000
305.541667 305.583333 9 9    254.429   239.348    273.179 0.000
305.583333 305.625000 9 9    280.776   255.178    300.185 0.000
305.625000 305.666667 9 9    284.344   279.402    288.894 0.000
305.666667 305.708333 9 9    230.515   197.992    272.418 0.000
305.708333 305.750000 9 9    194.346   190.541    198.372 0.000
305.750000 305.791667 9 9    196.143   192.710    200.005 0.000
305.791667 305.833333 9 9    197.293   188.956    206.103 0.000
305.833333 305.875000 9 9    248.996   244.188    256.040 0.000
305.875000 305.916667 9 9    234.352   219.630    245.957 0.000
305.916667 305.958333 9 9    216.687   203.097    230.712 0.000
305.958333 306.000000 9 9    215.048   199.348    236.490 0.000
306.000000 306.041667 9 9    216.634   203.556    227.284 0.000
306.041667 306.083333 9 9    249.137   238.115    260.329 0.000
306.083333 306.125000 9 9    245.938   211.455    267.538 0.000
306.125000 306.166667 9 9    264.232   247.144    278.685 0.000
306.166667 306.208333 9 9    330.867   284.657    375.468 0.000
306.208333 306.250000 9 9    248.789   187.412    403.244 0.000
306.250000 306.291667 9 9    233.222   188.651    302.288 0.000
306.291667 306.333333 9 9    243.272   184.452    334.112 0.000
306.333333 306.375000 9 9    273.946   187.815    361.323 0.000
306.375000 306.416667 9 9    283.310   208.847    347.408 0.000
306.416667 306.458333 9 9    183.908   169.643    197.655 0.000
306.458333 306.500000 9 9    172.681   158.328    195.913 0.000
306.500000 306.541667 9 9    170.643   155.797    186.828 0.000
306.541667 306.583333 9 9    225.473   195.777    246.551 0.000
306.583333 306.625000 9 9    484.689   360.340    571.509 0.000
306.625000 306.666667 9 9    391.986   302.277    499.727 0.000
306.666667 306.708333 9 9    325.351   275.071    368.252 0.000
306.708333 306.750000 9 9    374.026   349.969    392.400 0.000
306.750000 306.791667 9 9    389.307   379.904    400.321 0.000
306.791667 306.833333 9 9    372.197   367.880    376.839 0.000
306.833333 306.875000 9 9    333.981   319.603    349.026 0.000
306.875000 306.916667 9 9    304.759   299.785    309.682 0.000
306.916667 306.958333 9 9    313.480   310.385    318.719 0.000
306.958333 307.000000 9 9    285.901   281.380    288.678 0.000
307.000000 307.041667 9 9    204.924   171.558    246.231 0.000
307.041667 307.083333 9 9    211.603   208.283    217.662 0.000
307.083333 307.125000 9 9    226.262   210.915    240.300 0.000
307.125000 307.166667 9 9    187.701   176.534    195.070 0.000
307.166667 307.208333 9 9    159.311   157.060    161.047 0.000
307.208333 307.250000 9 9    138.157   124.644    146.297 0.000
307.250000 307.291667 9 9    116.639   114.765    118.277 0.000
307.291667 307.333333 9 9    110.380   108.841    111.994 0.000
307.333333 307.375000 9 9    106.563   105.457    108.076 0.000
307.375000 307.416667 9 9    122.222   111.326    133.410 0.000
307.416667 307.458333 9 9    143.686   135.540    152.007 0.000
307.458333 307.500000 9 9    250.459   171.158    311.987 0.000
307.500000 307.541667 9 9    340.036   298.736    374.469 0.000
307.541667 307.583333 9 9    295.973   257.823    325.130 0.000
307.583333 307.625000 9 9    312.324   279.980    343.351 0.000
307.625000 307.666667 9 9    412.145   370.733    453.563 0.000
307.666667 307.708333 9 9    366.205   346.014    391.134 0.000
307.708333 307.750000 9 9    435.759   414.625    459.437 0.000
307.750000 307.791667 9 9    385.074   363.362    406.051 0.000
307.791667 307.833333 9 9    294.082   232.581    340.645 0.000
307.833333 307.875000 9 9    241.784   206.287    264.173 0.000
307.875000 307.916667 9 9    256.009   237.641    273.729 0.000
307.916667 307.958333 9 9    255.432   233.539    282.795 0.000
307.958333 308.000000 9 9    241.962   214.466    269.369 0.000
308.000000 308.041667 9 9    184.887   165.921    210.829 0.000
308.041667 308.083333 9 9    224.881   198.592    249.238 0.000
308.083333 308.125000 9 9    408.647   269.333    517.194 0.000
308.125000 308.166667 9 9    131.477    62.478    226.475 0.000
308.166667 308.208333 9 9     91.180    76.103    116.220 0.000
308.208333 308.250000 9 9     82.946    59.634    118.045 0.000
308.250000 308.291667 9 9     55.718    49.738     61.659 0.000
308.291667 308.333333 9 9     56.506    50.289     64.979 0.000
308.333333 308.375000 9 9     89.314    84.185     93.562 0.000
308.375000 308.416667 9 9    110.762    96.368    131.556 0.000
308.416667 308.458333 9 9    158.571   142.287    174.180 0.000
308.458333 308.500000 9 9    206.778   143.951    272.336 0.000
308.500000 308.541667 9 9    273.033   255.924    291.430 0.000
308.541667 308.583333 9 9    196.177   176.685    215.932 0.000
308.583333 308.625000 9 9    172.249   161.712    182.966 0.000
308.625000 308.666667 9 9    171.959   164.607    178.408 0.000
308.666667 308.708333 9 9    182.945   164.960    199.050 0.000
308.708333 308.750000 9 9    191.932   175.033    208.457 0.000
308.750000 308.791667 9 9    237.725   223.087    250.960 0.000
308.791667 308.833333 9 9    212.543   196.223    230.786 0.000
308.833333 308.875000 9 9    205.306   190.991    218.371 0.000
308.875000 308.916667 9 9    198.063   183.230    213.703 0.000
308.916667 308.958333 9 9    225.771   219.146    231.291 0.000
308.958333 309.000000 9 9    188.678   160.288    223.455 0.000
309.000000 309.041667 9 9    113.031    80.014    149.927 0.000
309.041667 309.083333 9 9     83.102    81.890     84.438 0.000
309.083333 309.125000 9 9     91.319    83.964     98.649 0.000
309.125000 309.166667 9 9    104.702    96.419    115.643 0.000
309.166667 309.208333 9 9    116.138   104.698    128.493 0.000
309.208333 309.250000 9 9    111.777   104.244    121.701 0.000
309.250000 309.291667 9 9    139.330   121.419    160.565 0.000
309.291667 309.333333 9 9    363.087   197.479    334.678 0.000
309.333333 309.375000 9 9    272.129   228.898    308.402 0.000
309.375000 309.416667 9 9    362.128   322.759    397.484 0.000
309.416667 309.458333 9 9    451.678   415.425    481.781 0.000
309.458333 309.500000 9 9    415.942   364.780    479.685 0.000
309.500000 309.541667 9 9    279.126   231.956    319.965 0.000
309.541667 309.583333 9 9    189.764   180.827    201.234 0.000
309.583333 309.625000 9 9    162.719   154.568    172.713 0.000
309.625000 309.666667 9 9    197.617   172.540    227.731 0.000
309.666667 309.708333 9 9    266.428   247.793    290.053 0.000
309.708333 309.750000 9 9    309.403   297.006    321.029 0.000
309.750000 309.791667 9 9    254.966   217.723    276.643 0.000
309.791667 309.833333 9 9    174.317   143.688    193.758 0.000
309.833333 309.875000 9 9    135.906   132.457    139.247 0.000
309.875000 309.916667 9 9    124.420   116.247    132.311 0.000
309.916667 309.958333 9 9    101.629    96.185    107.146 0.000
309.958333 310.000000 9 9     86.539    80.279     93.666 0.000
310.000000 310.041667 9 9     96.745    82.879    113.299 0.000
310.041667 310.083333 9 9    113.093   107.556    117.960 0.000
310.083333 310.125000 9 9    119.633   116.111    123.750 0.000
310.125000 310.166667 9 9     95.418    86.300    102.307 0.000
310.166667 310.208333 9 9     80.544    74.113     86.529 0.000
310.208333 310.250000 9 9     67.193    63.821     71.367 0.000
310.250000 310.291667 9 9     81.183    77.336     85.551 0.000
310.291667 310.333333 9 9    147.525    77.146    215.364 0.000
310.333333 310.375000 9 9     81.677    76.265     88.571 0.000
310.375000 310.416667 9 9     61.613    54.581     69.695 0.000
310.416667 310.458333 9 9     54.067    48.885     59.331 0.000
310.458333 310.500000 9 9     54.332    52.254     57.105 0.000
310.500000 310.541667 9 9     52.102    45.285     63.451 0.000
310.541667 310.583333 9 9     43.546    42.306     45.522 0.000
310.583333 310.625000 9 9     35.810    34.938     36.461 0.000
310.625000 310.666667 9 9     59.040    38.629     80.582 0.000
310.666667 310.708333 9 9    141.426    76.934    205.963 0.000
310.708333 310.750000 9 9    137.477   125.581    156.089 0.000
310.750000 310.791667 9 9    146.443   130.348    167.039 0.000
310.791667 310.833333 9 9     79.550    62.914     89.284 0.000
310.833333 310.875000 9 9     59.955    52.013     67.907 0.000
310.875000 310.916667 9 9     56.681    47.273     70.557 0.000
310.916667 310.958333 9 9     52.893    45.956     67.456 0.000
310.958333 311.000000 9 9     49.574    46.065     53.177 0.000
311.000000 311.041667 9 9     52.779    40.866     66.867 0.000
311.041667 311.083333 9 9     85.604    80.729     91.178 0.000
311.083333 311.125000 9 9     77.438    70.866     83.590 0.000
311.125000 311.166667 9 9     85.158    80.689     90.061 0.000
311.166667 311.208333 9 9     88.423    79.950     94.043 0.000
311.208333 311.250000 9 9    105.356    99.314    117.213 0.000
311.250000 311.291667 9 9    118.693    93.547    132.356 0.000
311.291667 311.333333 9 9    147.162   116.158    170.198 0.000
311.333333 311.375000 9 9    118.604   116.511    120.284 0.000
311.375000 311.416667 9 9    131.487   112.252    151.337 0.000
311.416667 311.458333 9 9    134.293   116.328    156.350 0.000
311.458333 311.500000 9 9    106.952   104.580    109.870 0.000
311.500000 311.541667 9 9    121.297    97.562    154.767 0.000
311.541667 311.583333 9 9     95.150    89.028    101.880 0.000
311.583333 311.625000 9 9    126.243   122.649    129.956 0.000
311.625000 311.666667 9 9    104.227    94.397    115.444 0.000
311.666667 311.708333 9 9     84.183    79.353     88.091 0.000
311.708333 311.750000 9 9     73.717    71.679     76.144 0.000
311.750000 311.791667 9 9     65.225    63.132     68.252 0.000
311.791667 311.833333 9 9     68.565    66.053     70.811 0.000
311.833333 311.875000 9 9     72.640    71.372     73.876 0.000
311.875000 311.916667 9 9     83.939    73.921     94.882 0.000
311.916667 311.958333 9 9    116.228   105.112    126.974 0.000
311.958333 312.000000 9 9    125.415   121.764    127.918 0.000
312.000000 312.041667 9 9    124.510   121.135    128.325 0.000
312.041667 312.083333 9 9    133.709   127.705    140.900 0.000
312.083333 312.125000 9 9    134.108   130.649    137.444 0.000
312.125000 312.166667 9 9    126.754   121.175    130.174 0.000
312.166667 312.208333 9 9    106.948   101.766    114.924 0.000
312.208333 312.250000 9 9    115.036   108.546    120.101 0.000
312.250000 312.291667 9 9    104.049    98.189    110.333 0.000
312.291667 312.333333 9 9     87.520    78.856     94.557 0.000
312.333333 312.375000 9 9     72.966    70.265     75.640 0.000
312.375000 312.416667 9 9     80.253    74.779     86.297 0.000
312.416667 312.458333 9 9     94.887    89.423     99.663 0.000
312.458333 312.500000 9 9    115.255   103.872    127.562 0.000
