RRS/FI0023R.20120101000000.20181114115100.cpc.particle_number_concentration.pm10.1y.1h.FI03L_CPC_VAR_01.FI03L_CPC.lev2.nas
50 1001
Kulmala, Markku
FI03L, University of Helsinki, UHEL, Division of Atmospheric Sciences, PO BOX 64, , FI-00014, University of Helsinki, Finland
Aalto, Pasi
GAW-WDCA ACTRIS
1 1
2012 01 01 2018 11 14
0.041667
days from file reference point
7
1 1 1 1 1 1 1
999.999999 9 9 999999.999 99999.999 999999.999 9.999
end_time of measurement, days from the file reference point
pressure, hPa, Location=instrument internal, Matrix=instrument, Measurement uncertainty=
temperature, K, Location=instrument internal, Matrix=instrument, Measurement uncertainty=
particle_number_concentration, 1/cm3
particle_number_concentration, 1/cm3, Statistics=percentile:15.87
particle_number_concentration, 1/cm3, Statistics=percentile:84.13
numflag, no unit
0
29
Data definition:              EBAS_1.1
Set type code:                TU
Timezone:                     UTC
File name:                    FI0023R.20120101000000.20181114115100.cpc.particle_number_concentration.pm10.1y.1h.FI03L_CPC_VAR_01.FI03L_CPC.lev2.nas
File creation:                20200622170805
Startdate:                    20120101000000
Revision date:                20181114115100
Statistics:                   arithmetic mean
Data level:                   2
Period code:                  1y
Resolution code:              1h
Station code:                 FI0023R
Platform code:                FI0023S
Station name:                 V�rri�
Station latitude:             67.766667
Station longitude:            29.583333
Station altitude:             400.0 m
Regime:                       IMG
Component:                    particle_number_concentration
Unit:                         1/cm3
Matrix:                       pm10
Instrument type:              cpc
Laboratory code:              FI03L
Instrument name:              CPC_VAR_01
Method ref:                   FI03L_CPC
Measurement uncertainty:      5.0 %
Originator:                   Kulmala, Markku, , , , , , , , , 
Submitter:                    Aalto, Pasi, , , , , , , , , 
starttime endtime P T particle_number_concentration particle_number_concentration particle_number_concentration flag
[from data line 4751]
197.958333 198.000000 9 9   1346.708  1293.807   1392.423 0.000
198.000000 198.041667 9 9   1386.677  1348.470   1414.470 0.000
198.041667 198.083333 9 9   1235.400  1167.112   1320.152 0.000
198.083333 198.125000 9 9   1155.240  1138.759   1188.480 0.000
198.125000 198.166667 9 9   1114.231  1088.351   1148.181 0.000
198.166667 198.208333 9 9   1125.355  1095.687   1142.641 0.000
198.208333 198.250000 9 9   1108.977  1097.267   1123.211 0.000
198.250000 198.291667 9 9   1095.917  1086.401   1104.751 0.000
198.291667 198.333333 9 9   1122.275  1109.613   1136.649 0.000
198.333333 198.375000 9 9   1123.810  1117.319   1134.413 0.000
198.375000 198.416667 9 9 999999.999 99999.999 999999.999 0.999
198.416667 198.458333 9 9 999999.999 99999.999 999999.999 0.999
198.458333 198.500000 9 9 999999.999 99999.999 999999.999 0.999
198.500000 198.541667 9 9 999999.999 99999.999 999999.999 0.999
198.541667 198.583333 9 9 999999.999 99999.999 999999.999 0.999
198.583333 198.625000 9 9 999999.999 99999.999 999999.999 0.999
198.625000 198.666667 9 9 999999.999 99999.999 999999.999 0.999
198.666667 198.708333 9 9 999999.999 99999.999 999999.999 0.999
198.708333 198.750000 9 9 999999.999 99999.999 999999.999 0.999
198.750000 198.791667 9 9 999999.999 99999.999 999999.999 0.999
198.791667 198.833333 9 9 999999.999 99999.999 999999.999 0.999
198.833333 198.875000 9 9   1213.117  1108.004   1312.042 0.000
198.875000 198.916667 9 9   1040.700  1009.460   1066.848 0.000
198.916667 198.958333 9 9   1040.703  1003.645   1084.519 0.000
198.958333 199.000000 9 9    842.468   764.808    921.722 0.000
199.000000 199.041667 9 9    667.015   619.664    709.140 0.000
199.041667 199.083333 9 9    548.421   523.697    576.714 0.000
199.083333 199.125000 9 9    495.823   485.402    504.846 0.000
199.125000 199.166667 9 9    450.938   408.099    484.196 0.000
199.166667 199.208333 9 9    380.080   367.338    395.858 0.000
199.208333 199.250000 9 9    345.797   324.600    363.411 0.000
199.250000 199.291667 9 9    376.183   342.499    432.769 0.000
199.291667 199.333333 9 9    512.646   498.335    542.658 0.000
199.333333 199.375000 9 9    567.060   551.352    586.829 0.000
199.375000 199.416667 9 9    558.325   549.516    564.583 0.000
199.416667 199.458333 9 9    564.954   553.534    580.064 0.000
199.458333 199.500000 9 9    604.242   584.958    624.854 0.000
199.500000 199.541667 9 9    776.528   651.975    855.963 0.000
199.541667 199.583333 9 9    799.588   786.446    812.795 0.000
199.583333 199.625000 9 9    687.449   644.045    731.755 0.000
199.625000 199.666667 9 9    566.530   512.576    616.435 0.000
199.666667 199.708333 9 9    459.460   425.021    493.845 0.000
199.708333 199.750000 9 9    381.418   365.513    394.984 0.000
199.750000 199.791667 9 9    365.068   350.910    375.285 0.000
199.791667 199.833333 9 9    386.209   365.969    410.727 0.000
199.833333 199.875000 9 9    427.350   413.179    434.904 0.000
199.875000 199.916667 9 9    466.711   414.692    511.785 0.000
199.916667 199.958333 9 9    296.891   267.196    320.620 0.000
199.958333 200.000000 9 9    208.418   186.908    238.524 0.000
200.000000 200.041667 9 9    169.336   157.875    182.487 0.000
200.041667 200.083333 9 9    148.205   136.244    157.141 0.000
200.083333 200.125000 9 9    123.224   116.777    131.317 0.000
200.125000 200.166667 9 9    119.080   114.256    125.007 0.000
200.166667 200.208333 9 9    122.962   107.042    139.629 0.000
200.208333 200.250000 9 9    148.978   130.675    163.597 0.000
200.250000 200.291667 9 9    158.176   146.489    168.422 0.000
200.291667 200.333333 9 9    260.099   226.695    276.295 0.000
200.333333 200.375000 9 9    290.156   272.224    302.139 0.000
200.375000 200.416667 9 9    362.767   333.315    387.550 0.000
200.416667 200.458333 9 9    292.539   287.808    299.342 0.000
200.458333 200.500000 9 9    212.200   197.810    232.577 0.000
200.500000 200.541667 9 9    239.597   213.890    280.859 0.000
200.541667 200.583333 9 9    357.427   282.963    416.216 0.000
200.583333 200.625000 9 9    278.608   233.210    317.189 0.000
200.625000 200.666667 9 9    250.780   221.855    268.461 0.000
200.666667 200.708333 9 9    203.599   200.384    206.895 0.000
200.708333 200.750000 9 9    469.808   228.212    850.888 0.000
200.750000 200.791667 9 9    464.194   239.733    807.586 0.000
200.791667 200.833333 9 9    214.881   152.162    270.506 0.000
200.833333 200.875000 9 9    117.571   110.818    129.296 0.000
200.875000 200.916667 9 9    156.202   131.942    187.756 0.000
200.916667 200.958333 9 9    181.576   146.092    212.106 0.000
200.958333 201.000000 9 9    124.791   120.437    128.831 0.000
201.000000 201.041667 9 9    125.535   123.537    127.515 0.000
201.041667 201.083333 9 9    142.951   133.627    152.664 0.000
201.083333 201.125000 9 9    122.218   115.715    132.025 0.000
201.125000 201.166667 9 9    121.285   117.894    123.960 0.000
201.166667 201.208333 9 9    110.130   100.386    117.283 0.000
201.208333 201.250000 9 9    103.356    97.444    108.481 0.000
201.250000 201.291667 9 9     90.309    84.265    100.621 0.000
201.291667 201.333333 9 9     92.155    83.370    101.066 0.000
201.333333 201.375000 9 9     77.572    63.569     89.162 0.000
201.375000 201.416667 9 9     90.278    73.753    101.854 0.000
201.416667 201.458333 9 9     64.321    48.061     76.687 0.000
201.458333 201.500000 9 9     74.554    55.811    100.678 0.000
201.500000 201.541667 9 9    111.982   105.623    121.147 0.000
201.541667 201.583333 9 9     89.054    79.567    103.305 0.000
201.583333 201.625000 9 9     63.376    59.548     67.143 0.000
201.625000 201.666667 9 9     52.125    46.869     55.931 0.000
201.666667 201.708333 9 9     57.735    52.889     61.638 0.000
201.708333 201.750000 9 9     60.090    56.472     64.843 0.000
201.750000 201.791667 9 9     73.052    70.522     75.239 0.000
201.791667 201.833333 9 9     71.364    66.178     76.022 0.000
201.833333 201.875000 9 9     58.054    54.246     61.417 0.000
201.875000 201.916667 9 9     78.644    65.374     87.835 0.000
201.916667 201.958333 9 9     75.966    73.170     79.597 0.000
201.958333 202.000000 9 9     72.438    70.675     74.207 0.000
202.000000 202.041667 9 9     68.160    67.046     69.360 0.000
202.041667 202.083333 9 9     69.984    69.274     70.635 0.000
202.083333 202.125000 9 9     74.553    69.866     79.595 0.000
202.125000 202.166667 9 9     92.991    86.820     97.276 0.000
202.166667 202.208333 9 9     99.019    96.620    101.547 0.000
202.208333 202.250000 9 9    102.192    99.495    104.126 0.000
202.250000 202.291667 9 9    105.622   103.297    109.289 0.000
202.291667 202.333333 9 9    114.521   109.581    118.624 0.000
202.333333 202.375000 9 9    122.559   104.497    146.424 0.000
202.375000 202.416667 9 9    119.156    94.695    139.528 0.000
202.416667 202.458333 9 9    720.921   359.617   1130.229 0.000
202.458333 202.500000 9 9   1279.615  1244.580   1321.323 0.000
202.500000 202.541667 9 9   1177.829  1070.411   1265.501 0.000
202.541667 202.583333 9 9   1265.753  1173.150   1363.407 0.000
202.583333 202.625000 9 9   1759.535  1574.137   1950.287 0.000
202.625000 202.666667 9 9   2097.180  1954.940   2229.375 0.000
202.666667 202.708333 9 9   1943.861  1890.812   1997.327 0.000
202.708333 202.750000 9 9   2138.850  2091.903   2191.823 0.000
202.750000 202.791667 9 9   1991.157  1931.448   2095.828 0.000
202.791667 202.833333 9 9   1996.636  1956.405   2055.779 0.000
202.833333 202.875000 9 9   1971.573  1862.702   2067.656 0.000
202.875000 202.916667 9 9   1766.422  1731.552   1806.522 0.000
202.916667 202.958333 9 9   1799.956  1766.070   1823.367 0.000
202.958333 203.000000 9 9   1925.818  1890.339   1976.502 0.000
203.000000 203.041667 9 9   1821.896  1800.539   1844.539 0.000
203.041667 203.083333 9 9   1869.686  1832.775   1898.875 0.000
203.083333 203.125000 9 9   1615.965  1496.825   1801.906 0.000
203.125000 203.166667 9 9   1245.288  1053.327   1438.124 0.000
203.166667 203.208333 9 9   1976.328  1635.350   2169.147 0.000
203.208333 203.250000 9 9   2014.566  1899.438   2113.536 0.000
203.250000 203.291667 9 9   1589.830  1039.948   2004.933 0.000
203.291667 203.333333 9 9    496.252   347.594    626.346 0.000
203.333333 203.375000 9 9    682.712   607.585    744.250 0.000
203.375000 203.416667 9 9    871.233   774.697    953.694 0.000
203.416667 203.458333 9 9   1179.690  1049.948   1294.902 0.000
203.458333 203.500000 9 9   1769.759  1608.014   1931.175 0.000
203.500000 203.541667 9 9   1874.026  1650.859   2191.563 0.000
203.541667 203.583333 9 9   1896.976  1312.128   2266.944 0.000
203.583333 203.625000 9 9   1855.373  1552.865   2009.181 0.000
203.625000 203.666667 9 9   1457.669  1302.370   1547.051 0.000
203.666667 203.708333 9 9   1774.721  1560.409   1889.045 0.000
203.708333 203.750000 9 9   2078.095  2041.566   2110.222 0.000
203.750000 203.791667 9 9   1816.962  1687.921   2037.333 0.000
203.791667 203.833333 9 9   1457.896  1399.870   1549.330 0.000
203.833333 203.875000 9 9   1471.485  1412.706   1538.582 0.000
203.875000 203.916667 9 9   1814.942  1626.284   1907.775 0.000
203.916667 203.958333 9 9   2207.946  2046.125   2321.895 0.000
203.958333 204.000000 9 9   2209.198  1966.028   2462.529 0.000
204.000000 204.041667 9 9   1751.248  1635.879   1859.289 0.000
204.041667 204.083333 9 9   1640.178  1623.101   1672.694 0.000
204.083333 204.125000 9 9   1529.555  1469.587   1579.863 0.000
204.125000 204.166667 9 9   1399.965  1340.406   1445.367 0.000
204.166667 204.208333 9 9   1267.452  1245.524   1319.157 0.000
204.208333 204.250000 9 9   1247.173  1153.876   1316.049 0.000
204.250000 204.291667 9 9   1341.621  1232.779   1425.697 0.000
204.291667 204.333333 9 9   1367.899  1318.889   1406.188 0.000
204.333333 204.375000 9 9   1419.065  1404.691   1433.023 0.000
204.375000 204.416667 9 9   1388.945  1371.643   1415.396 0.000
204.416667 204.458333 9 9   1150.996   911.277   1399.665 0.000
204.458333 204.500000 9 9    835.717   811.179    869.961 0.000
204.500000 204.541667 9 9    817.358   797.570    833.933 0.000
204.541667 204.583333 9 9    817.047   807.118    835.341 0.000
204.583333 204.625000 9 9    879.993   851.418    900.455 0.000
204.625000 204.666667 9 9    945.381   934.757    955.368 0.000
204.666667 204.708333 9 9    943.014   938.953    946.370 0.000
204.708333 204.750000 9 9    974.413   943.839   1028.272 0.000
204.750000 204.791667 9 9   1248.207  1051.891   1437.565 0.000
204.791667 204.833333 9 9   1476.801  1397.090   1625.651 0.000
204.833333 204.875000 9 9   2168.881  2093.407   2291.748 0.000
204.875000 204.916667 9 9   2036.371  1852.309   2187.576 0.000
204.916667 204.958333 9 9   2502.489  2401.162   2617.720 0.000
204.958333 205.000000 9 9   2251.747  2082.467   2391.783 0.000
205.000000 205.041667 9 9   1790.398  1607.200   1982.539 0.000
205.041667 205.083333 9 9   1501.486  1446.565   1563.337 0.000
205.083333 205.125000 9 9   1329.489  1268.082   1388.504 0.000
205.125000 205.166667 9 9   1177.372  1136.884   1226.736 0.000
205.166667 205.208333 9 9   1094.966  1067.871   1123.786 0.000
205.208333 205.250000 9 9   1045.128  1035.962   1053.879 0.000
205.250000 205.291667 9 9    996.947   958.580   1047.644 0.000
205.291667 205.333333 9 9    959.962   940.622    980.017 0.000
205.333333 205.375000 9 9   1027.411   992.398   1054.363 0.000
205.375000 205.416667 9 9   1043.171  1010.704   1080.894 0.000
205.416667 205.458333 9 9    991.204   971.423   1009.858 0.000
205.458333 205.500000 9 9   1128.392  1006.284   1253.836 0.000
205.500000 205.541667 9 9   1979.652  1462.354   2282.734 0.000
205.541667 205.583333 9 9   2346.532  2122.691   2545.158 0.000
205.583333 205.625000 9 9   2634.701  2411.933   2825.426 0.000
205.625000 205.666667 9 9   2039.126  1836.122   2193.145 0.000
205.666667 205.708333 9 9   2082.313  1975.229   2149.786 0.000
205.708333 205.750000 9 9   1740.682  1628.824   1896.673 0.000
205.750000 205.791667 9 9   1377.408  1201.972   1662.760 0.000
205.791667 205.833333 9 9   1319.677  1205.007   1426.974 0.000
205.833333 205.875000 9 9   1525.663  1466.469   1643.973 0.000
205.875000 205.916667 9 9   1451.607  1192.804   1758.749 0.000
205.916667 205.958333 9 9   2404.922  2155.748   2674.601 0.000
205.958333 206.000000 9 9   2207.166  2071.568   2386.258 0.000
206.000000 206.041667 9 9   2108.667  2059.507   2185.910 0.000
206.041667 206.083333 9 9   1932.647  1878.776   1998.931 0.000
206.083333 206.125000 9 9   1577.665  1448.071   1727.956 0.000
206.125000 206.166667 9 9   1267.833  1130.852   1364.438 0.000
206.166667 206.208333 9 9   1144.593  1116.646   1170.190 0.000
206.208333 206.250000 9 9    955.854   892.721   1001.435 0.000
206.250000 206.291667 9 9    868.387   777.977    961.476 0.000
206.291667 206.333333 9 9    802.248   674.529    957.742 0.000
206.333333 206.375000 9 9    757.491   655.826    871.989 0.000
206.375000 206.416667 9 9   1200.905   972.126   1424.940 0.000
206.416667 206.458333 9 9   1756.097  1667.144   1836.546 0.000
206.458333 206.500000 9 9   1832.439  1744.617   1941.668 0.000
206.500000 206.541667 9 9   2105.224  1910.048   2222.423 0.000
206.541667 206.583333 9 9   1907.686  1728.760   2153.965 0.000
206.583333 206.625000 9 9   1865.938  1815.553   1917.932 0.000
206.625000 206.666667 9 9   2027.934  1894.669   2257.666 0.000
206.666667 206.708333 9 9   2243.622  2174.916   2302.545 0.000
206.708333 206.750000 9 9   2323.386  2307.833   2338.422 0.000
206.750000 206.791667 9 9   1899.873  1534.135   2350.369 0.000
206.791667 206.833333 9 9 999999.999 99999.999 999999.999 0.999
206.833333 206.875000 9 9 999999.999 99999.999 999999.999 0.999
206.875000 206.916667 9 9 999999.999 99999.999 999999.999 0.999
206.916667 206.958333 9 9 999999.999 99999.999 999999.999 0.999
206.958333 207.000000 9 9 999999.999 99999.999 999999.999 0.999
207.000000 207.041667 9 9 999999.999 99999.999 999999.999 0.999
207.041667 207.083333 9 9 999999.999 99999.999 999999.999 0.999
207.083333 207.125000 9 9 999999.999 99999.999 999999.999 0.999
207.125000 207.166667 9 9 999999.999 99999.999 999999.999 0.999
207.166667 207.208333 9 9 999999.999 99999.999 999999.999 0.999
207.208333 207.250000 9 9   1438.186  1360.099   1521.546 0.000
207.250000 207.291667 9 9   1188.762  1121.084   1252.598 0.000
207.291667 207.333333 9 9   1144.783  1054.073   1216.462 0.000
207.333333 207.375000 9 9    906.067   813.433   1082.749 0.000
207.375000 207.416667 9 9   1011.881   960.545   1056.188 0.000
207.416667 207.458333 9 9   1294.378  1165.109   1441.008 0.000
207.458333 207.500000 9 9   1807.495  1403.757   2078.157 0.000
207.500000 207.541667 9 9   1208.468  1073.190   1377.808 0.000
207.541667 207.583333 9 9   1054.675   986.022   1136.103 0.000
207.583333 207.625000 9 9    763.895   713.036    811.816 0.000
207.625000 207.666667 9 9    854.892   763.006    945.063 0.000
207.666667 207.708333 9 9    988.122   917.659   1032.890 0.000
207.708333 207.750000 9 9    894.444   871.423    914.060 0.000
207.750000 207.791667 9 9    967.064   929.674   1012.359 0.000
207.791667 207.833333 9 9   1083.279  1006.001   1185.092 0.000
207.833333 207.875000 9 9   1260.686  1202.771   1315.615 0.000
207.875000 207.916667 9 9   1599.754  1322.090   1799.884 0.000
207.916667 207.958333 9 9   1712.211  1620.097   1797.030 0.000
207.958333 208.000000 9 9   1427.755  1212.057   1556.459 0.000
208.000000 208.041667 9 9    790.241   547.338   1103.239 0.000
208.041667 208.083333 9 9    680.279   581.038    807.659 0.000
208.083333 208.125000 9 9   1004.392   950.274   1067.942 0.000
208.125000 208.166667 9 9    948.906   846.247   1020.064 0.000
208.166667 208.208333 9 9    809.709   496.854   1025.576 0.000
208.208333 208.250000 9 9    533.843   412.742    680.823 0.000
208.250000 208.291667 9 9    659.756   610.472    722.105 0.000
208.291667 208.333333 9 9    699.842   673.986    730.543 0.000
