RRS/FI0023R.20100101000000.20181114115100.cpc.particle_number_concentration.pm10.1y.1h.FI03L_CPC_VAR_01.FI03L_CPC.lev2.nas
50 1001
Kulmala, Markku
FI03L, University of Helsinki, UHEL, Division of Atmospheric Sciences, PO BOX 64, , FI-00014, University of Helsinki, Finland
Aalto, Pasi
GAW-WDCA
1 1
2010 01 01 2018 11 14
0.041667
days from file reference point
7
1 1 1 1 1 1 1
999.999999 9 9 999999.999 99999.999 999999.999 9.999
end_time of measurement, days from the file reference point
pressure, hPa, Location=instrument internal, Matrix=instrument, Measurement uncertainty=
temperature, K, Location=instrument internal, Matrix=instrument, Measurement uncertainty=
particle_number_concentration, 1/cm3
particle_number_concentration, 1/cm3, Statistics=percentile:15.87
particle_number_concentration, 1/cm3, Statistics=percentile:84.13
numflag, no unit
0
29
Data definition:              EBAS_1.1
Set type code:                TU
Timezone:                     UTC
File name:                    FI0023R.20100101000000.20181114115100.cpc.particle_number_concentration.pm10.1y.1h.FI03L_CPC_VAR_01.FI03L_CPC.lev2.nas
File creation:                20200622170804
Startdate:                    20100101000000
Revision date:                20181114115100
Statistics:                   arithmetic mean
Data level:                   2
Period code:                  1y
Resolution code:              1h
Station code:                 FI0023R
Platform code:                FI0023S
Station name:                 V�rri�
Station latitude:             67.766667
Station longitude:            29.583333
Station altitude:             400.0 m
Regime:                       IMG
Component:                    particle_number_concentration
Unit:                         1/cm3
Matrix:                       pm10
Instrument type:              cpc
Laboratory code:              FI03L
Instrument name:              CPC_VAR_01
Method ref:                   FI03L_CPC
Measurement uncertainty:      5.0 %
Originator:                   Kulmala, Markku, , , , , , , , , 
Submitter:                    Aalto, Pasi, , , , , , , , , 
starttime endtime P T particle_number_concentration particle_number_concentration particle_number_concentration flag
[from data line 5751]
239.625000 239.666667 9 9    747.880   708.778    817.223 0.000
239.666667 239.708333 9 9    748.082   657.209    821.540 0.000
239.708333 239.750000 9 9    633.845   627.640    638.674 0.000
239.750000 239.791667 9 9    738.886   699.361    788.872 0.000
239.791667 239.833333 9 9    778.609   671.087    845.603 0.000
239.833333 239.875000 9 9    636.008   607.069    658.540 0.000
239.875000 239.916667 9 9    912.570   705.696   1087.778 0.000
239.916667 239.958333 9 9   1076.521   947.028   1181.908 0.000
239.958333 240.000000 9 9   1417.874  1334.108   1513.494 0.000
240.000000 240.041667 9 9   1523.702  1402.425   1641.614 0.000
240.041667 240.083333 9 9   1667.494  1524.539   1808.293 0.000
240.083333 240.125000 9 9   1868.285  1812.515   1918.424 0.000
240.125000 240.166667 9 9   1867.077  1828.882   1905.049 0.000
240.166667 240.208333 9 9   1734.758  1705.716   1770.861 0.000
240.208333 240.250000 9 9   1504.995  1342.827   1729.045 0.000
240.250000 240.291667 9 9   1464.964  1405.791   1531.620 0.000
240.291667 240.333333 9 9   1110.193   838.290   1313.851 0.000
240.333333 240.375000 9 9    567.948   535.001    599.433 0.000
240.375000 240.416667 9 9    505.773   468.703    546.070 0.000
240.416667 240.458333 9 9    571.189   535.040    634.189 0.000
240.458333 240.500000 9 9    542.427   486.789    620.261 0.000
240.500000 240.541667 9 9    474.355   460.177    489.084 0.000
240.541667 240.583333 9 9    715.323   528.980   1023.149 0.000
240.583333 240.625000 9 9    797.819   584.659    945.807 0.000
240.625000 240.666667 9 9    440.732   408.006    482.663 0.000
240.666667 240.708333 9 9    336.401   268.614    416.038 0.000
240.708333 240.750000 9 9    299.166   261.852    333.257 0.000
240.750000 240.791667 9 9    352.683   337.133    384.443 0.000
240.791667 240.833333 9 9    485.452   428.840    512.680 0.000
240.833333 240.875000 9 9    637.865   523.411    759.348 0.000
240.875000 240.916667 9 9    997.475   849.648   1169.746 0.000
240.916667 240.958333 9 9   1237.785  1197.809   1282.648 0.000
240.958333 241.000000 9 9   1770.339  1541.123   2105.696 0.000
241.000000 241.041667 9 9   2188.339  2123.918   2263.207 0.000
241.041667 241.083333 9 9   2254.578  2134.646   2357.439 0.000
241.083333 241.125000 9 9   2145.055  1346.599   2492.451 0.000
241.125000 241.166667 9 9   1527.095  1282.203   1794.645 0.000
241.166667 241.208333 9 9   2365.239  2223.376   2504.784 0.000
241.208333 241.250000 9 9   2358.240  2291.598   2432.779 0.000
241.250000 241.291667 9 9   2167.764  2022.668   2285.816 0.000
241.291667 241.333333 9 9   2039.742  1954.291   2154.791 0.000
241.333333 241.375000 9 9   1801.885  1705.555   1953.801 0.000
241.375000 241.416667 9 9   1438.143  1013.104   1690.676 0.000
241.416667 241.458333 9 9    747.338   699.527    808.798 0.000
241.458333 241.500000 9 9    761.037   689.386    843.967 0.000
241.500000 241.541667 9 9    679.116   633.419    732.221 0.000
241.541667 241.583333 9 9    597.168   556.757    627.740 0.000
241.583333 241.625000 9 9    555.122   548.699    569.153 0.000
241.625000 241.666667 9 9    470.306   465.382    473.789 0.000
241.666667 241.708333 9 9    561.905   466.447    661.819 0.000
241.708333 241.750000 9 9    597.174   516.651    671.607 0.000
241.750000 241.791667 9 9    431.405   397.733    484.346 0.000
241.791667 241.833333 9 9    534.372   490.122    584.055 0.000
241.833333 241.875000 9 9    594.938   516.559    681.969 0.000
241.875000 241.916667 9 9    583.649   574.003    593.785 0.000
241.916667 241.958333 9 9    548.719   530.138    565.272 0.000
241.958333 242.000000 9 9    488.924   468.049    502.394 0.000
242.000000 242.041667 9 9    460.180   447.698    470.819 0.000
242.041667 242.083333 9 9    522.708   441.719    599.170 0.000
242.083333 242.125000 9 9    722.536   668.936    757.413 0.000
242.125000 242.166667 9 9    721.718   701.460    748.894 0.000
242.166667 242.208333 9 9   1064.715   822.895   1253.865 0.000
242.208333 242.250000 9 9    776.127   752.962    800.891 0.000
242.250000 242.291667 9 9    796.541   776.508    824.706 0.000
242.291667 242.333333 9 9   1099.352   937.733   1258.840 0.000
242.333333 242.375000 9 9   1526.949  1442.579   1612.093 0.000
242.375000 242.416667 9 9   1057.274   913.735   1183.386 0.000
242.416667 242.458333 9 9   1157.897   905.074   1336.948 0.000
242.458333 242.500000 9 9    628.951   593.605    666.864 0.000
242.500000 242.541667 9 9    497.209   454.306    585.721 0.000
242.541667 242.583333 9 9    428.679   408.402    453.809 0.000
242.583333 242.625000 9 9    629.544   445.771    842.691 0.000
242.625000 242.666667 9 9    869.728   820.402    949.971 0.000
242.666667 242.708333 9 9    998.884   962.643   1026.133 0.000
242.708333 242.750000 9 9   1046.741  1017.980   1084.453 0.000
242.750000 242.791667 9 9   1058.474  1048.586   1070.243 0.000
242.791667 242.833333 9 9   1058.858  1048.312   1071.467 0.000
242.833333 242.875000 9 9   1173.899  1101.848   1238.620 0.000
242.875000 242.916667 9 9   1273.145  1250.568   1293.286 0.000
242.916667 242.958333 9 9   1158.029  1120.054   1205.314 0.000
242.958333 243.000000 9 9   1070.509  1037.642   1106.724 0.000
243.000000 243.041667 9 9    972.044   945.303    996.641 0.000
243.041667 243.083333 9 9    923.565   919.444    927.282 0.000
243.083333 243.125000 9 9    913.826   908.988    919.044 0.000
243.125000 243.166667 9 9    947.655   927.390    960.782 0.000
243.166667 243.208333 9 9   1008.064   976.468   1029.709 0.000
243.208333 243.250000 9 9    729.723   580.153   1028.797 0.000
243.250000 243.291667 9 9    610.882   504.538    729.980 0.000
243.291667 243.333333 9 9    407.294   391.783    434.325 0.000
243.333333 243.375000 9 9    390.944   311.885    432.985 0.000
243.375000 243.416667 9 9    285.058   273.830    292.246 0.000
243.416667 243.458333 9 9    274.918   272.875    277.259 0.000
243.458333 243.500000 9 9    263.116   252.072    273.108 0.000
243.500000 243.541667 9 9    325.429   276.047    381.257 0.000
243.541667 243.583333 9 9    533.389   475.037    574.440 0.000
243.583333 243.625000 9 9    604.586   569.805    632.125 0.000
243.625000 243.666667 9 9    800.112   732.346    863.224 0.000
243.666667 243.708333 9 9    699.588   614.854    756.580 0.000
243.708333 243.750000 9 9    766.957   738.839    801.348 0.000
243.750000 243.791667 9 9    784.846   728.958    863.630 0.000
243.791667 243.833333 9 9   1199.275   971.857   1453.556 0.000
243.833333 243.875000 9 9   1664.490  1586.357   1753.651 0.000
243.875000 243.916667 9 9   1990.001  1918.091   2064.980 0.000
243.916667 243.958333 9 9   2000.217  1937.262   2094.945 0.000
243.958333 244.000000 9 9   2130.317  2089.179   2174.978 0.000
244.000000 244.041667 9 9   2056.450  2039.608   2074.420 0.000
244.041667 244.083333 9 9   2062.916  2029.285   2094.052 0.000
244.083333 244.125000 9 9   2023.276  1905.809   2104.162 0.000
244.125000 244.166667 9 9   1747.881  1667.333   1830.522 0.000
244.166667 244.208333 9 9   1406.088  1265.946   1559.538 0.000
244.208333 244.250000 9 9   1099.639  1018.343   1178.527 0.000
244.250000 244.291667 9 9    871.231   748.707    950.052 0.000
244.291667 244.333333 9 9    396.547   176.175    526.993 0.000
244.333333 244.375000 9 9     56.243    53.219     57.350 0.000
244.375000 244.416667 9 9     64.538    56.167     71.417 0.000
244.416667 244.458333 9 9     97.338    78.594    118.478 0.000
244.458333 244.500000 9 9    183.634   153.065    209.861 0.000
244.500000 244.541667 9 9    229.057   221.021    240.950 0.000
244.541667 244.583333 9 9    213.261   199.755    226.791 0.000
244.583333 244.625000 9 9    175.034   164.134    182.767 0.000
244.625000 244.666667 9 9    142.255   135.522    151.361 0.000
244.666667 244.708333 9 9    158.296   140.980    172.440 0.000
244.708333 244.750000 9 9    177.385   170.452    183.976 0.000
244.750000 244.791667 9 9    182.332   166.250    193.177 0.000
244.791667 244.833333 9 9    173.752   162.447    191.516 0.000
244.833333 244.875000 9 9    142.445   137.445    148.351 0.000
244.875000 244.916667 9 9    183.207   159.376    195.625 0.000
244.916667 244.958333 9 9    209.980   201.237    223.456 0.000
244.958333 245.000000 9 9    349.620   251.533    473.700 0.000
245.000000 245.041667 9 9    661.406   447.194    856.926 0.000
245.041667 245.083333 9 9    686.276   582.637    778.562 0.000
245.083333 245.125000 9 9   1178.627   998.884   1340.558 0.000
245.125000 245.166667 9 9   1069.542   964.668   1209.339 0.000
245.166667 245.208333 9 9    699.844   580.635    849.211 0.000
245.208333 245.250000 9 9    434.080   322.530    600.370 0.000
245.250000 245.291667 9 9    361.081   329.681    397.575 0.000
245.291667 245.333333 9 9    280.474   228.706    334.643 0.000
245.333333 245.375000 9 9    183.031   170.952    197.737 0.000
245.375000 245.416667 9 9    451.372   181.167    723.779 0.000
245.416667 245.458333 9 9    984.851   817.007   1220.938 0.000
245.458333 245.500000 9 9   1102.228   406.546   1516.820 0.000
245.500000 245.541667 9 9    411.793   221.889    607.518 0.000
245.541667 245.583333 9 9   1244.364   853.121   1470.119 0.000
245.583333 245.625000 9 9    875.320   464.886   1255.833 0.000
245.625000 245.666667 9 9   1011.838   407.717   1376.734 0.000
245.666667 245.708333 9 9   1280.725  1058.715   1391.871 0.000
245.708333 245.750000 9 9   1853.256  1511.782   2255.420 0.000
245.750000 245.791667 9 9   1101.566   915.137   1377.056 0.000
245.791667 245.833333 9 9    788.758   746.090    813.652 0.000
245.833333 245.875000 9 9    628.096   578.877    711.723 0.000
245.875000 245.916667 9 9    656.689   597.455    714.934 0.000
245.916667 245.958333 9 9    583.248   529.213    624.694 0.000
245.958333 246.000000 9 9    565.745   509.582    631.676 0.000
246.000000 246.041667 9 9    436.340   419.263    451.912 0.000
246.041667 246.083333 9 9    643.194   534.484    732.111 0.000
246.083333 246.125000 9 9    695.266   596.652    796.314 0.000
246.125000 246.166667 9 9    495.956   439.499    540.797 0.000
246.166667 246.208333 9 9    335.117   295.767    379.709 0.000
246.208333 246.250000 9 9    261.753   238.404    297.924 0.000
246.250000 246.291667 9 9    241.228   206.795    292.818 0.000
246.291667 246.333333 9 9    280.713   271.332    290.304 0.000
246.333333 246.375000 9 9    347.346   302.877    385.660 0.000
246.375000 246.416667 9 9    517.040   410.956    614.672 0.000
246.416667 246.458333 9 9    895.368   760.240    993.019 0.000
246.458333 246.500000 9 9    824.350   743.501    886.840 0.000
246.500000 246.541667 9 9    683.599   672.382    694.856 0.000
246.541667 246.583333 9 9    709.379   658.414    764.149 0.000
246.583333 246.625000 9 9   1053.866   984.891   1137.040 0.000
246.625000 246.666667 9 9    874.485   802.540    947.867 0.000
246.666667 246.708333 9 9    767.429   746.563    789.706 0.000
246.708333 246.750000 9 9    855.249   813.500    964.664 0.000
246.750000 246.791667 9 9    261.780   236.989    289.895 0.000
246.791667 246.833333 9 9    195.983   148.112    228.627 0.000
246.833333 246.875000 9 9    114.880   105.214    134.360 0.000
246.875000 246.916667 9 9    110.883   104.785    117.407 0.000
246.916667 246.958333 9 9    124.520   119.073    129.477 0.000
246.958333 247.000000 9 9    132.473   127.975    135.829 0.000
247.000000 247.041667 9 9    143.612   135.923    157.869 0.000
247.041667 247.083333 9 9    190.969   173.064    202.510 0.000
247.083333 247.125000 9 9    253.167   178.691    296.002 0.000
247.125000 247.166667 9 9    136.485   121.574    166.950 0.000
247.166667 247.208333 9 9    140.162   132.217    155.453 0.000
247.208333 247.250000 9 9    122.157    98.738    151.612 0.000
247.250000 247.291667 9 9     95.028    91.049     99.751 0.000
247.291667 247.333333 9 9     77.385    70.918     84.917 0.000
247.333333 247.375000 9 9     67.815    62.474     74.191 0.000
247.375000 247.416667 9 9     68.578    58.356     76.549 0.000
247.416667 247.458333 9 9    139.572    93.690    199.368 0.000
247.458333 247.500000 9 9    137.170   114.509    161.491 0.000
247.500000 247.541667 9 9    111.471   109.107    113.119 0.000
247.541667 247.583333 9 9    113.122   108.942    114.779 0.000
247.583333 247.625000 9 9    136.597   127.992    144.597 0.000
247.625000 247.666667 9 9    126.944   117.766    136.116 0.000
247.666667 247.708333 9 9    135.663   131.601    139.727 0.000
247.708333 247.750000 9 9    163.487   155.354    168.441 0.000
247.750000 247.791667 9 9    189.687   177.440    201.739 0.000
247.791667 247.833333 9 9    259.355   222.866    288.034 0.000
247.833333 247.875000 9 9    323.627   306.698    336.653 0.000
247.875000 247.916667 9 9    463.300   376.805    516.156 0.000
247.916667 247.958333 9 9    526.542   503.541    558.165 0.000
247.958333 248.000000 9 9    511.261   486.608    549.382 0.000
248.000000 248.041667 9 9    591.559   541.302    640.538 0.000
248.041667 248.083333 9 9    718.456   648.890    789.983 0.000
248.083333 248.125000 9 9    651.318   584.687    728.431 0.000
248.125000 248.166667 9 9    974.034   665.803   1422.491 0.000
248.166667 248.208333 9 9    584.711   556.246    613.099 0.000
248.208333 248.250000 9 9    635.665   597.788    673.528 0.000
248.250000 248.291667 9 9    654.056   570.878    717.046 0.000
248.291667 248.333333 9 9    668.487   647.961    691.302 0.000
248.333333 248.375000 9 9    717.525   653.474    798.330 0.000
248.375000 248.416667 9 9    821.602   775.317    865.317 0.000
248.416667 248.458333 9 9    708.093   674.673    760.748 0.000
248.458333 248.500000 9 9    653.741   624.397    686.324 0.000
248.500000 248.541667 9 9    660.821   608.894    771.931 0.000
248.541667 248.583333 9 9    573.870   476.552    726.201 0.000
248.583333 248.625000 9 9    556.083   492.536    609.831 0.000
248.625000 248.666667 9 9    487.398   372.338    611.085 0.000
248.666667 248.708333 9 9    431.776   360.039    530.281 0.000
248.708333 248.750000 9 9    438.500   408.044    473.608 0.000
248.750000 248.791667 9 9    695.463   676.903    723.106 0.000
248.791667 248.833333 9 9    559.513   486.044    610.262 0.000
248.833333 248.875000 9 9    466.244   457.524    475.608 0.000
248.875000 248.916667 9 9    567.577   494.236    661.947 0.000
248.916667 248.958333 9 9    895.475   803.095    953.675 0.000
248.958333 249.000000 9 9   1053.094   994.464   1096.810 0.000
249.000000 249.041667 9 9    963.697   905.468   1037.950 0.000
249.041667 249.083333 9 9    834.895   808.676    867.802 0.000
249.083333 249.125000 9 9    725.742   668.298    771.046 0.000
249.125000 249.166667 9 9    571.341   517.395    630.299 0.000
249.166667 249.208333 9 9    464.189   445.323    478.969 0.000
249.208333 249.250000 9 9    404.496   374.989    431.407 0.000
249.250000 249.291667 9 9    372.613   352.800    397.594 0.000
249.291667 249.333333 9 9    406.262   393.664    420.215 0.000
249.333333 249.375000 9 9    398.232   372.487    431.117 0.000
249.375000 249.416667 9 9    466.407   423.157    508.013 0.000
249.416667 249.458333 9 9    543.155   481.147    649.221 0.000
249.458333 249.500000 9 9    502.694   466.748    563.815 0.000
249.500000 249.541667 9 9    569.487   547.323    587.619 0.000
249.541667 249.583333 9 9    533.536   499.968    559.821 0.000
249.583333 249.625000 9 9    659.909   609.873    692.479 0.000
249.625000 249.666667 9 9    809.494   746.296    864.744 0.000
249.666667 249.708333 9 9    650.827   526.781    786.527 0.000
249.708333 249.750000 9 9    393.742   344.792    454.627 0.000
249.750000 249.791667 9 9    303.929   275.619    325.373 0.000
249.791667 249.833333 9 9    261.960   259.120    266.231 0.000
249.833333 249.875000 9 9    281.137   267.772    293.847 0.000
249.875000 249.916667 9 9    425.168   330.971    516.363 0.000
249.916667 249.958333 9 9    580.997   519.954    642.225 0.000
249.958333 250.000000 9 9    565.604   525.046    592.604 0.000
