RRS/FI0023R.20090101000000.20181114115100.cpc.particle_number_concentration.pm10.1y.1h.FI03L_CPC_VAR_01.FI03L_CPC.lev2.nas
50 1001
Kulmala, Markku
FI03L, University of Helsinki, UHEL, Division of Atmospheric Sciences, PO BOX 64, , FI-00014, University of Helsinki, Finland
Aalto, Pasi
GAW-WDCA
1 1
2009 01 01 2018 11 14
0.041667
days from file reference point
7
1 1 1 1 1 1 1
999.999999 9 9 99999.999 99999.999 999999.999 9.999
end_time of measurement, days from the file reference point
pressure, hPa, Location=instrument internal, Matrix=instrument, Measurement uncertainty=
temperature, K, Location=instrument internal, Matrix=instrument, Measurement uncertainty=
particle_number_concentration, 1/cm3
particle_number_concentration, 1/cm3, Statistics=percentile:15.87
particle_number_concentration, 1/cm3, Statistics=percentile:84.13
numflag, no unit
0
29
Data definition:              EBAS_1.1
Set type code:                TU
Timezone:                     UTC
File name:                    FI0023R.20090101000000.20181114115100.cpc.particle_number_concentration.pm10.1y.1h.FI03L_CPC_VAR_01.FI03L_CPC.lev2.nas
File creation:                20200622170803
Startdate:                    20090101000000
Revision date:                20181114115100
Statistics:                   arithmetic mean
Data level:                   2
Period code:                  1y
Resolution code:              1h
Station code:                 FI0023R
Platform code:                FI0023S
Station name:                 V�rri�
Station latitude:             67.766667
Station longitude:            29.583333
Station altitude:             400.0 m
Regime:                       IMG
Component:                    particle_number_concentration
Unit:                         1/cm3
Matrix:                       pm10
Instrument type:              cpc
Laboratory code:              FI03L
Instrument name:              CPC_VAR_01
Method ref:                   FI03L_CPC
Measurement uncertainty:      5.0 %
Originator:                   Kulmala, Markku, , , , , , , , , 
Submitter:                    Aalto, Pasi, , , , , , , , , 
starttime endtime P T particle_number_concentration particle_number_concentration particle_number_concentration flag
  0.000000   0.041667 9 9    40.968    40.662     41.227 0.000
  0.041667   0.083333 9 9    36.073    33.008     38.993 0.000
  0.083333   0.125000 9 9    34.294    33.185     35.506 0.000
  0.125000   0.166667 9 9    38.831    35.632     43.090 0.000
  0.166667   0.208333 9 9    47.581    46.579     49.166 0.000
  0.208333   0.250000 9 9    48.758    47.810     49.637 0.000
  0.250000   0.291667 9 9    51.830    50.153     54.150 0.000
  0.291667   0.333333 9 9    57.261    56.365     57.851 0.000
  0.333333   0.375000 9 9    58.412    58.199     58.759 0.000
  0.375000   0.416667 9 9    55.503    54.175     57.312 0.000
  0.416667   0.458333 9 9    52.978    48.776     56.731 0.000
  0.458333   0.500000 9 9    52.077    49.920     53.899 0.000
  0.500000   0.541667 9 9    60.452    54.607     66.214 0.000
  0.541667   0.583333 9 9    70.072    68.581     71.582 0.000
  0.583333   0.625000 9 9    73.115    72.470     74.168 0.000
  0.625000   0.666667 9 9    64.428    56.735     71.953 0.000
  0.666667   0.708333 9 9    59.914    55.384     64.194 0.000
  0.708333   0.750000 9 9    65.310    64.204     66.635 0.000
  0.750000   0.791667 9 9    64.487    63.134     65.758 0.000
  0.791667   0.833333 9 9    75.733    70.504     78.659 0.000
  0.833333   0.875000 9 9    78.410    77.945     78.833 0.000
  0.875000   0.916667 9 9    83.230    81.220     85.662 0.000
  0.916667   0.958333 9 9    91.285    87.801     93.492 0.000
  0.958333   1.000000 9 9    88.082    85.689     90.900 0.000
  1.000000   1.041667 9 9    82.393    79.809     84.840 0.000
  1.041667   1.083333 9 9    76.445    75.628     76.995 0.000
  1.083333   1.125000 9 9    75.374    74.647     75.950 0.000
  1.125000   1.166667 9 9    74.845    74.297     75.421 0.000
  1.166667   1.208333 9 9    71.971    70.365     73.346 0.000
  1.208333   1.250000 9 9    70.300    69.247     72.274 0.000
  1.250000   1.291667 9 9    73.523    69.842     75.139 0.000
  1.291667   1.333333 9 9    75.184    71.731     80.391 0.000
  1.333333   1.375000 9 9    69.600    68.921     70.193 0.000
  1.375000   1.416667 9 9    69.680    69.392     69.945 0.000
  1.416667   1.458333 9 9    75.402    70.765     82.381 0.000
  1.458333   1.500000 9 9    84.865    77.671     97.879 0.000
  1.500000   1.541667 9 9   116.226   107.615    124.926 0.000
  1.541667   1.583333 9 9   104.061   100.979    106.594 0.000
  1.583333   1.625000 9 9   114.845   108.075    118.676 0.000
  1.625000   1.666667 9 9   131.304   124.650    136.803 0.000
  1.666667   1.708333 9 9   117.007   109.758    123.557 0.000
  1.708333   1.750000 9 9   114.473   110.255    121.043 0.000
  1.750000   1.791667 9 9   120.378   118.617    123.501 0.000
  1.791667   1.833333 9 9   114.119   112.961    115.661 0.000
  1.833333   1.875000 9 9   120.410   116.031    129.585 0.000
  1.875000   1.916667 9 9   144.326   139.744    147.771 0.000
  1.916667   1.958333 9 9   130.185   120.683    140.854 0.000
  1.958333   2.000000 9 9   112.668   111.229    115.912 0.000
  2.000000   2.041667 9 9   104.869   102.370    107.655 0.000
  2.041667   2.083333 9 9    98.042    92.988    102.808 0.000
  2.083333   2.125000 9 9    95.155    91.449     99.292 0.000
  2.125000   2.166667 9 9    90.716    86.586     97.646 0.000
  2.166667   2.208333 9 9    89.135    87.498     90.809 0.000
  2.208333   2.250000 9 9    89.850    86.135     93.343 0.000
  2.250000   2.291667 9 9    89.762    88.312     91.865 0.000
  2.291667   2.333333 9 9    81.106    77.700     86.226 0.000
  2.333333   2.375000 9 9    73.842    72.462     75.913 0.000
  2.375000   2.416667 9 9    76.334    75.665     77.218 0.000
  2.416667   2.458333 9 9    71.872    68.733     75.135 0.000
  2.458333   2.500000 9 9    63.901    61.485     66.608 0.000
  2.500000   2.541667 9 9    61.694    60.684     62.806 0.000
  2.541667   2.583333 9 9    58.662    56.503     61.198 0.000
  2.583333   2.625000 9 9    55.721    55.010     56.230 0.000
  2.625000   2.666667 9 9    69.026    59.009     77.106 0.000
  2.666667   2.708333 9 9    92.460    77.446    101.442 0.000
  2.708333   2.750000 9 9    99.962    94.369    109.180 0.000
  2.750000   2.791667 9 9   110.278   105.478    114.160 0.000
  2.791667   2.833333 9 9    97.652    91.523    104.010 0.000
  2.833333   2.875000 9 9    84.461    82.224     88.702 0.000
  2.875000   2.916667 9 9    92.306    82.640    106.750 0.000
  2.916667   2.958333 9 9   100.969    92.925    109.619 0.000
  2.958333   3.000000 9 9    84.555    80.636     88.037 0.000
  3.000000   3.041667 9 9    74.537    70.681     78.168 0.000
  3.041667   3.083333 9 9    66.077    64.171     68.202 0.000
  3.083333   3.125000 9 9    59.786    57.629     62.186 0.000
  3.125000   3.166667 9 9    53.368    50.705     55.400 0.000
  3.166667   3.208333 9 9    46.867    45.067     48.605 0.000
  3.208333   3.250000 9 9    43.108    41.904     44.165 0.000
  3.250000   3.291667 9 9    39.036    36.144     41.012 0.000
  3.291667   3.333333 9 9    34.603    34.211     35.117 0.000
  3.333333   3.375000 9 9    44.045    40.265     48.195 0.000
  3.375000   3.416667 9 9    50.979    46.953     56.325 0.000
  3.416667   3.458333 9 9    48.202    44.835     52.180 0.000
  3.458333   3.500000 9 9    48.529    47.294     49.947 0.000
  3.500000   3.541667 9 9    53.094    50.432     56.176 0.000
  3.541667   3.583333 9 9    63.064    59.583     66.167 0.000
  3.583333   3.625000 9 9    83.537    79.760     88.060 0.000
  3.625000   3.666667 9 9    90.999    88.692     93.940 0.000
  3.666667   3.708333 9 9    94.684    91.798     98.733 0.000
  3.708333   3.750000 9 9   106.991   101.622    111.936 0.000
  3.750000   3.791667 9 9   117.957   113.406    122.174 0.000
  3.791667   3.833333 9 9   120.922   119.170    122.369 0.000
  3.833333   3.875000 9 9   111.310   107.523    115.414 0.000
  3.875000   3.916667 9 9   103.658   103.191    104.280 0.000
  3.916667   3.958333 9 9   103.990   101.511    107.298 0.000
  3.958333   4.000000 9 9   111.010   109.253    112.805 0.000
  4.000000   4.041667 9 9   101.865    98.588    103.728 0.000
  4.041667   4.083333 9 9   106.694    99.573    112.469 0.000
  4.083333   4.125000 9 9   122.511   114.618    131.427 0.000
  4.125000   4.166667 9 9   160.438   147.542    171.242 0.000
  4.166667   4.208333 9 9   152.624   149.774    154.865 0.000
  4.208333   4.250000 9 9   168.844   151.892    193.784 0.000
  4.250000   4.291667 9 9   197.851   173.529    219.192 0.000
  4.291667   4.333333 9 9   173.281   162.761    184.820 0.000
  4.333333   4.375000 9 9   189.263   171.438    203.428 0.000
  4.375000   4.416667 9 9   197.378   189.769    204.336 0.000
  4.416667   4.458333 9 9   222.084   201.119    248.726 0.000
  4.458333   4.500000 9 9   212.129   194.374    230.046 0.000
  4.500000   4.541667 9 9   174.768   166.764    180.468 0.000
  4.541667   4.583333 9 9   150.701   145.939    157.025 0.000
  4.583333   4.625000 9 9   143.698   132.639    151.343 0.000
  4.625000   4.666667 9 9   124.165   122.356    126.092 0.000
  4.666667   4.708333 9 9   121.360   111.212    129.769 0.000
  4.708333   4.750000 9 9   101.362    88.409    110.411 0.000
  4.750000   4.791667 9 9    84.371    79.437     88.562 0.000
  4.791667   4.833333 9 9    85.054    82.069     88.543 0.000
  4.833333   4.875000 9 9    74.657    67.024     81.387 0.000
  4.875000   4.916667 9 9    72.505    65.003     84.259 0.000
  4.916667   4.958333 9 9    73.195    66.756     78.413 0.000
  4.958333   5.000000 9 9    84.646    81.744     87.890 0.000
  5.000000   5.041667 9 9    92.421    89.072     96.139 0.000
  5.041667   5.083333 9 9   104.147   100.380    109.791 0.000
  5.083333   5.125000 9 9   112.403   111.184    114.158 0.000
  5.125000   5.166667 9 9   121.897   120.083    123.291 0.000
  5.166667   5.208333 9 9   121.791   121.384    122.212 0.000
  5.208333   5.250000 9 9   122.063   121.274    122.676 0.000
  5.250000   5.291667 9 9   137.725   121.533    152.804 0.000
  5.291667   5.333333 9 9   115.008   104.942    125.437 0.000
  5.333333   5.375000 9 9    94.677    88.235    100.369 0.000
  5.375000   5.416667 9 9    91.214    89.269     93.175 0.000
  5.416667   5.458333 9 9   109.870   100.235    129.806 0.000
  5.458333   5.500000 9 9    97.911    97.051     99.471 0.000
  5.500000   5.541667 9 9   104.649    96.817    113.320 0.000
  5.541667   5.583333 9 9   108.324   106.646    110.470 0.000
  5.583333   5.625000 9 9   110.566   106.317    115.253 0.000
  5.625000   5.666667 9 9   119.050   116.870    121.865 0.000
  5.666667   5.708333 9 9   120.100   116.749    122.469 0.000
  5.708333   5.750000 9 9   127.469   120.883    133.262 0.000
  5.750000   5.791667 9 9   113.692   111.961    115.527 0.000
  5.791667   5.833333 9 9   112.857   110.972    117.887 0.000
  5.833333   5.875000 9 9   111.620   108.227    116.536 0.000
  5.875000   5.916667 9 9   107.229   105.474    109.004 0.000
  5.916667   5.958333 9 9   112.072   110.648    113.944 0.000
  5.958333   6.000000 9 9   103.374    99.900    107.340 0.000
  6.000000   6.041667 9 9    95.704    93.153     98.703 0.000
  6.041667   6.083333 9 9    91.299    89.276     92.920 0.000
  6.083333   6.125000 9 9    86.742    85.699     87.644 0.000
  6.125000   6.166667 9 9    86.290    85.641     86.977 0.000
  6.166667   6.208333 9 9    84.941    80.454     87.380 0.000
  6.208333   6.250000 9 9    71.372    67.812     76.534 0.000
  6.250000   6.291667 9 9    70.322    65.306     78.862 0.000
  6.291667   6.333333 9 9    76.913    72.186     79.661 0.000
  6.333333   6.375000 9 9    74.453    70.371     78.625 0.000
  6.375000   6.416667 9 9    73.446    66.870     83.133 0.000
  6.416667   6.458333 9 9    67.684    66.713     69.131 0.000
  6.458333   6.500000 9 9    89.696    75.035    115.385 0.000
  6.500000   6.541667 9 9    75.709    73.849     77.131 0.000
  6.541667   6.583333 9 9   147.586    74.292    135.685 0.000
  6.583333   6.625000 9 9   117.218   106.872    128.776 0.000
  6.625000   6.666667 9 9   155.168   140.543    176.660 0.000
  6.666667   6.708333 9 9   187.981   184.307    193.834 0.000
  6.708333   6.750000 9 9   205.911   198.157    218.900 0.000
  6.750000   6.791667 9 9   213.609   207.966    216.135 0.000
  6.791667   6.833333 9 9   198.247   190.569    204.911 0.000
  6.833333   6.875000 9 9   182.224   172.957    191.718 0.000
  6.875000   6.916667 9 9   167.209   155.177    178.956 0.000
  6.916667   6.958333 9 9   193.469   186.525    202.790 0.000
  6.958333   7.000000 9 9   222.084   207.772    238.063 0.000
  7.000000   7.041667 9 9   230.162   196.736    286.520 0.000
  7.041667   7.083333 9 9   336.313   270.363    373.140 0.000
  7.083333   7.125000 9 9   215.261   189.876    239.819 0.000
  7.125000   7.166667 9 9   333.580   251.197    463.217 0.000
  7.166667   7.208333 9 9   206.700   172.507    234.086 0.000
  7.208333   7.250000 9 9   133.451   118.731    152.763 0.000
  7.250000   7.291667 9 9   112.510   108.747    117.498 0.000
  7.291667   7.333333 9 9   109.378   103.865    113.235 0.000
  7.333333   7.375000 9 9   104.891   103.309    107.506 0.000
  7.375000   7.416667 9 9   110.492   108.620    111.903 0.000
  7.416667   7.458333 9 9   125.266   109.541    160.182 0.000
  7.458333   7.500000 9 9   106.861   103.768    108.895 0.000
  7.500000   7.541667 9 9    96.466    87.376    106.753 0.000
  7.541667   7.583333 9 9   100.571    92.136    107.787 0.000
  7.583333   7.625000 9 9   112.841   109.428    116.744 0.000
  7.625000   7.666667 9 9   104.274   101.998    106.275 0.000
  7.666667   7.708333 9 9   110.549   108.779    111.813 0.000
  7.708333   7.750000 9 9   120.251   113.176    127.412 0.000
  7.750000   7.791667 9 9   140.827   134.263    144.652 0.000
  7.791667   7.833333 9 9   128.422   114.762    155.701 0.000
  7.833333   7.875000 9 9   191.415   147.970    255.979 0.000
  7.875000   7.916667 9 9   230.303   209.767    242.957 0.000
  7.916667   7.958333 9 9   218.139   206.375    229.679 0.000
  7.958333   8.000000 9 9   203.774   183.152    219.528 0.000
  8.000000   8.041667 9 9   237.605   224.543    255.928 0.000
  8.041667   8.083333 9 9   243.001   231.793    256.131 0.000
  8.083333   8.125000 9 9   263.360   250.766    273.847 0.000
  8.125000   8.166667 9 9   287.391   274.841    299.780 0.000
  8.166667   8.208333 9 9   302.011   297.425    308.304 0.000
  8.208333   8.250000 9 9   303.019   299.914    306.021 0.000
  8.250000   8.291667 9 9   305.806   296.516    310.754 0.000
  8.291667   8.333333 9 9   312.774   296.032    354.814 0.000
  8.333333   8.375000 9 9   295.350   292.050    299.509 0.000
  8.375000   8.416667 9 9   313.753   300.076    333.566 0.000
  8.416667   8.458333 9 9   329.959   305.323    370.269 0.000
  8.458333   8.500000 9 9   337.031   332.267    341.189 0.000
  8.500000   8.541667 9 9   336.742   330.385    342.184 0.000
  8.541667   8.583333 9 9   312.403   288.628    333.851 0.000
  8.583333   8.625000 9 9   275.706   254.103    292.299 0.000
  8.625000   8.666667 9 9   224.979   214.784    243.555 0.000
  8.666667   8.708333 9 9   154.674   141.938    168.425 0.000
  8.708333   8.750000 9 9   150.965   144.671    162.377 0.000
  8.750000   8.791667 9 9   171.000   168.617    172.733 0.000
  8.791667   8.833333 9 9   149.555   135.422    163.176 0.000
  8.833333   8.875000 9 9   133.141   123.980    138.161 0.000
  8.875000   8.916667 9 9   115.610   108.071    126.035 0.000
  8.916667   8.958333 9 9    99.084    96.450    102.472 0.000
  8.958333   9.000000 9 9    93.296    91.461     96.092 0.000
  9.000000   9.041667 9 9   106.935    99.655    113.688 0.000
  9.041667   9.083333 9 9   134.909   119.981    150.149 0.000
  9.083333   9.125000 9 9   152.782   141.034    159.773 0.000
  9.125000   9.166667 9 9   124.490   119.539    131.614 0.000
  9.166667   9.208333 9 9   143.433   131.878    155.389 0.000
  9.208333   9.250000 9 9   175.368   162.863    192.732 0.000
  9.250000   9.291667 9 9   241.963   211.004    269.604 0.000
  9.291667   9.333333 9 9   315.021   290.370    339.520 0.000
  9.333333   9.375000 9 9   369.061   343.449    376.741 0.000
  9.375000   9.416667 9 9   367.969   354.943    384.769 0.000
  9.416667   9.458333 9 9   414.899   320.456    532.591 0.000
  9.458333   9.500000 9 9   453.185   313.659    477.805 0.000
  9.500000   9.541667 9 9   303.474   300.709    306.966 0.000
  9.541667   9.583333 9 9   335.226   313.162    358.125 0.000
  9.583333   9.625000 9 9   417.946   388.933    438.299 0.000
  9.625000   9.666667 9 9   462.412   445.814    489.389 0.000
  9.666667   9.708333 9 9   531.841   516.189    552.229 0.000
  9.708333   9.750000 9 9   618.984   573.532    667.685 0.000
  9.750000   9.791667 9 9   753.091   703.912    787.139 0.000
  9.791667   9.833333 9 9   753.170   699.243    791.706 0.000
  9.833333   9.875000 9 9   697.474   673.042    742.314 0.000
  9.875000   9.916667 9 9   928.055   864.621    958.959 0.000
  9.916667   9.958333 9 9  1184.461   982.033   1412.035 0.000
  9.958333  10.000000 9 9  1048.385   852.904   1301.525 0.000
 10.000000  10.041667 9 9   714.823   657.480    769.133 0.000
 10.041667  10.083333 9 9   571.341   523.999    618.894 0.000
 10.083333  10.125000 9 9   514.041   509.510    517.896 0.000
 10.125000  10.166667 9 9   535.750   520.214    563.833 0.000
 10.166667  10.208333 9 9   640.026   606.344    663.806 0.000
 10.208333  10.250000 9 9   692.492   679.545    701.018 0.000
 10.250000  10.291667 9 9   673.005   645.960    694.546 0.000
 10.291667  10.333333 9 9   603.308   577.403    627.973 0.000
 10.333333  10.375000 9 9   550.573   519.973    570.527 0.000
 10.375000  10.416667 9 9   531.434   506.599    568.158 0.000
 10.416667  10.458333 9 9   568.500   526.893    609.011 0.000
 10.458333  10.500000 9 9   566.623   555.371    571.444 0.000
 10.500000  10.541667 9 9   578.874   571.732    585.287 0.000
