RRS/FI0023R.20120101000000.20181114115100.cpc.particle_number_concentration.pm10.1y.1h.FI03L_CPC_VAR_01.FI03L_CPC.lev2.nas
50 1001
Kulmala, Markku
FI03L, University of Helsinki, UHEL, Division of Atmospheric Sciences, PO BOX 64, , FI-00014, University of Helsinki, Finland
Aalto, Pasi
GAW-WDCA ACTRIS
1 1
2012 01 01 2018 11 14
0.041667
days from file reference point
7
1 1 1 1 1 1 1
999.999999 9 9 999999.999 99999.999 999999.999 9.999
end_time of measurement, days from the file reference point
pressure, hPa, Location=instrument internal, Matrix=instrument, Measurement uncertainty=
temperature, K, Location=instrument internal, Matrix=instrument, Measurement uncertainty=
particle_number_concentration, 1/cm3
particle_number_concentration, 1/cm3, Statistics=percentile:15.87
particle_number_concentration, 1/cm3, Statistics=percentile:84.13
numflag, no unit
0
29
Data definition:              EBAS_1.1
Set type code:                TU
Timezone:                     UTC
File name:                    FI0023R.20120101000000.20181114115100.cpc.particle_number_concentration.pm10.1y.1h.FI03L_CPC_VAR_01.FI03L_CPC.lev2.nas
File creation:                20200622170805
Startdate:                    20120101000000
Revision date:                20181114115100
Statistics:                   arithmetic mean
Data level:                   2
Period code:                  1y
Resolution code:              1h
Station code:                 FI0023R
Platform code:                FI0023S
Station name:                 V�rri�
Station latitude:             67.766667
Station longitude:            29.583333
Station altitude:             400.0 m
Regime:                       IMG
Component:                    particle_number_concentration
Unit:                         1/cm3
Matrix:                       pm10
Instrument type:              cpc
Laboratory code:              FI03L
Instrument name:              CPC_VAR_01
Method ref:                   FI03L_CPC
Measurement uncertainty:      5.0 %
Originator:                   Kulmala, Markku, , , , , , , , , 
Submitter:                    Aalto, Pasi, , , , , , , , , 
starttime endtime P T particle_number_concentration particle_number_concentration particle_number_concentration flag
[from data line 2751]
114.625000 114.666667 9 9   1038.896  1009.055   1068.658 0.000
114.666667 114.708333 9 9    904.440   821.784   1040.155 0.000
114.708333 114.750000 9 9    780.556   621.381    934.945 0.000
114.750000 114.791667 9 9    488.395   377.080    602.808 0.000
114.791667 114.833333 9 9    360.554   335.161    390.922 0.000
114.833333 114.875000 9 9    316.853   312.744    323.171 0.000
114.875000 114.916667 9 9    280.042   258.168    301.494 0.000
114.916667 114.958333 9 9    406.800   261.360    486.509 0.000
114.958333 115.000000 9 9    649.245   589.533    715.137 0.000
115.000000 115.041667 9 9    710.730   699.296    726.204 0.000
115.041667 115.083333 9 9    667.718   609.472    721.956 0.000
115.083333 115.125000 9 9    548.267   483.618    608.523 0.000
115.125000 115.166667 9 9    409.267   387.694    438.312 0.000
115.166667 115.208333 9 9    366.566   354.985    376.050 0.000
115.208333 115.250000 9 9    318.429   299.236    334.482 0.000
115.250000 115.291667 9 9    287.734   283.565    291.713 0.000
115.291667 115.333333 9 9    269.191   255.833    281.464 0.000
115.333333 115.375000 9 9    295.257   232.811    308.857 0.000
115.375000 115.416667 9 9    221.643   213.449    227.329 0.000
115.416667 115.458333 9 9    263.822   216.149    313.331 0.000
115.458333 115.500000 9 9    307.293   279.096    338.146 0.000
115.500000 115.541667 9 9    269.515   260.000    277.601 0.000
115.541667 115.583333 9 9    253.862   233.027    270.612 0.000
115.583333 115.625000 9 9    186.383   181.320    193.954 0.000
115.625000 115.666667 9 9    184.518   180.101    189.577 0.000
115.666667 115.708333 9 9    213.701   204.216    224.162 0.000
115.708333 115.750000 9 9    224.252   221.969    226.751 0.000
115.750000 115.791667 9 9    227.409   221.228    231.466 0.000
115.791667 115.833333 9 9    207.128   204.013    209.710 0.000
115.833333 115.875000 9 9    178.636   155.019    207.355 0.000
115.875000 115.916667 9 9    140.818   132.873    149.070 0.000
115.916667 115.958333 9 9    158.551   128.772    193.547 0.000
115.958333 116.000000 9 9    216.850   208.228    225.869 0.000
116.000000 116.041667 9 9    249.079   231.747    263.131 0.000
116.041667 116.083333 9 9    255.047   230.856    273.261 0.000
116.083333 116.125000 9 9    267.955   247.740    283.035 0.000
116.125000 116.166667 9 9    172.251   130.611    236.611 0.000
116.166667 116.208333 9 9    167.764   147.122    189.663 0.000
116.208333 116.250000 9 9    240.076   226.437    257.133 0.000
116.250000 116.291667 9 9    246.890   236.591    257.484 0.000
116.291667 116.333333 9 9    240.457   232.166    249.717 0.000
116.333333 116.375000 9 9    328.221   289.217    367.444 0.000
116.375000 116.416667 9 9    433.249   342.737    525.707 0.000
116.416667 116.458333 9 9    602.054   563.047    636.823 0.000
116.458333 116.500000 9 9    591.629   569.228    616.050 0.000
116.500000 116.541667 9 9    714.128   653.490    762.555 0.000
116.541667 116.583333 9 9    895.505   814.910    976.490 0.000
116.583333 116.625000 9 9    887.613   825.896    988.959 0.000
116.625000 116.666667 9 9    837.758   779.258    879.383 0.000
116.666667 116.708333 9 9    675.955   666.905    676.655 0.000
116.708333 116.750000 9 9    691.720   661.831    738.644 0.000
116.750000 116.791667 9 9    598.985   586.916    615.344 0.000
116.791667 116.833333 9 9    583.411   578.763    584.517 0.000
116.833333 116.875000 9 9   1307.275   930.552   1762.407 0.000
116.875000 116.916667 9 9   2051.830  1936.996   2199.083 0.000
116.916667 116.958333 9 9   2180.409  2141.285   2224.462 0.000
116.958333 117.000000 9 9   1839.010  1622.952   2074.550 0.000
117.000000 117.041667 9 9   1245.475  1152.092   1403.640 0.000
117.041667 117.083333 9 9   1043.636   967.215   1127.254 0.000
117.083333 117.125000 9 9    813.292   760.282    885.348 0.000
117.125000 117.166667 9 9    488.426   394.249    582.526 0.000
117.166667 117.208333 9 9    382.068   371.805    392.222 0.000
117.208333 117.250000 9 9    313.164   302.742    318.668 0.000
117.250000 117.291667 9 9    282.781   278.208    287.007 0.000
117.291667 117.333333 9 9    294.609   284.041    306.680 0.000
117.333333 117.375000 9 9    241.491   223.043    271.324 0.000
117.375000 117.416667 9 9    205.196   181.399    224.508 0.000
117.416667 117.458333 9 9    266.189   185.153    372.284 0.000
117.458333 117.500000 9 9     69.748    49.168     92.981 0.000
117.500000 117.541667 9 9     43.298    42.588     43.915 0.000
117.541667 117.583333 9 9     46.161    43.022     50.351 0.000
117.583333 117.625000 9 9     57.785    52.563     64.641 0.000
117.625000 117.666667 9 9     84.987    72.098     96.370 0.000
117.666667 117.708333 9 9    109.287    97.330    123.694 0.000
117.708333 117.750000 9 9    235.435   127.721    344.537 0.000
117.750000 117.791667 9 9    390.650   380.804    407.963 0.000
117.791667 117.833333 9 9    378.514   368.514    386.426 0.000
117.833333 117.875000 9 9    359.876   342.721    374.104 0.000
117.875000 117.916667 9 9    339.505   336.873    342.154 0.000
117.916667 117.958333 9 9    374.454   367.752    381.188 0.000
117.958333 118.000000 9 9    413.141   396.673    427.616 0.000
118.000000 118.041667 9 9    459.568   444.176    475.041 0.000
118.041667 118.083333 9 9    421.293   393.014    456.246 0.000
118.083333 118.125000 9 9    439.095   383.243    479.730 0.000
118.125000 118.166667 9 9    274.377   254.481    304.359 0.000
118.166667 118.208333 9 9    190.682   139.086    230.026 0.000
118.208333 118.250000 9 9     95.526    81.858    107.072 0.000
118.250000 118.291667 9 9    106.066    92.934    116.035 0.000
118.291667 118.333333 9 9    112.500   107.415    121.383 0.000
118.333333 118.375000 9 9    147.741   134.997    161.288 0.000
118.375000 118.416667 9 9    220.756   178.290    258.875 0.000
118.416667 118.458333 9 9    300.810   294.085    307.553 0.000
118.458333 118.500000 9 9    380.913   333.522    442.043 0.000
118.500000 118.541667 9 9    479.873   469.465    489.794 0.000
118.541667 118.583333 9 9    852.410   562.735   1050.852 0.000
118.583333 118.625000 9 9    991.387   937.870   1044.335 0.000
118.625000 118.666667 9 9   1197.919   882.890   1667.110 0.000
118.666667 118.708333 9 9   2378.436  2007.247   2695.476 0.000
118.708333 118.750000 9 9   2722.750  2615.759   2792.174 0.000
118.750000 118.791667 9 9   2466.605  2303.499   2594.468 0.000
118.791667 118.833333 9 9   2035.416  1848.744   2198.093 0.000
118.833333 118.875000 9 9   2122.847  1983.765   2257.808 0.000
118.875000 118.916667 9 9   1727.561  1551.919   1888.912 0.000
118.916667 118.958333 9 9   1305.040  1176.498   1434.906 0.000
118.958333 119.000000 9 9   1013.563   939.513   1091.029 0.000
119.000000 119.041667 9 9    664.118   526.401    876.148 0.000
119.041667 119.083333 9 9    458.536   392.160    501.172 0.000
119.083333 119.125000 9 9    298.006   260.881    340.035 0.000
119.125000 119.166667 9 9    178.867   150.073    228.763 0.000
119.166667 119.208333 9 9    140.415   135.573    147.351 0.000
119.208333 119.250000 9 9    144.566   135.518    159.153 0.000
119.250000 119.291667 9 9    160.011   150.038    169.683 0.000
119.291667 119.333333 9 9    174.163   167.476    179.842 0.000
119.333333 119.375000 9 9    181.578   173.780    192.495 0.000
119.375000 119.416667 9 9    207.094   199.844    213.136 0.000
119.416667 119.458333 9 9    236.305   226.551    248.282 0.000
119.458333 119.500000 9 9    247.977   246.077    249.948 0.000
119.500000 119.541667 9 9    253.539   246.174    259.251 0.000
119.541667 119.583333 9 9    237.897   234.275    241.717 0.000
119.583333 119.625000 9 9    294.217   259.491    329.392 0.000
119.625000 119.666667 9 9    412.688   364.034    463.187 0.000
119.666667 119.708333 9 9    572.107   498.133    651.035 0.000
119.708333 119.750000 9 9    675.235   616.605    787.284 0.000
119.750000 119.791667 9 9   1064.636  1021.871   1087.606 0.000
119.791667 119.833333 9 9    982.326   916.289   1073.523 0.000
119.833333 119.875000 9 9   1113.056  1016.298   1227.164 0.000
119.875000 119.916667 9 9   1147.512  1105.487   1204.247 0.000
119.916667 119.958333 9 9   1078.989  1051.897   1097.289 0.000
119.958333 120.000000 9 9   1560.811  1178.136   1895.217 0.000
120.000000 120.041667 9 9   2464.814  2013.268   2905.648 0.000
120.041667 120.083333 9 9   3047.992  2829.424   3307.727 0.000
120.083333 120.125000 9 9   3285.312  3251.493   3309.618 0.000
120.125000 120.166667 9 9   2897.587  2712.694   3085.437 0.000
120.166667 120.208333 9 9   2475.248  2371.379   2550.637 0.000
120.208333 120.250000 9 9   2178.972  2050.618   2256.264 0.000
120.250000 120.291667 9 9   1992.157  1914.816   2099.176 0.000
120.291667 120.333333 9 9   1952.061  1883.314   2012.156 0.000
120.333333 120.375000 9 9   1676.822  1558.531   1774.710 0.000
120.375000 120.416667 9 9   1353.451  1272.243   1423.933 0.000
120.416667 120.458333 9 9   1545.260  1379.824   1741.548 0.000
120.458333 120.500000 9 9   1877.204  1740.786   2054.629 0.000
120.500000 120.541667 9 9   2663.069  2268.334   3087.366 0.000
120.541667 120.583333 9 9   3202.896  3022.596   3351.947 0.000
120.583333 120.625000 9 9   2952.912  2453.020   3477.388 0.000
120.625000 120.666667 9 9   2771.842  2343.969   3086.887 0.000
120.666667 120.708333 9 9   3011.455  2601.228   3298.291 0.000
120.708333 120.750000 9 9   1614.157  1454.495   1895.411 0.000
120.750000 120.791667 9 9   1321.337  1233.543   1402.070 0.000
120.791667 120.833333 9 9   1197.807  1159.047   1232.859 0.000
120.833333 120.875000 9 9   1243.827  1177.968   1359.518 0.000
120.875000 120.916667 9 9   1322.547  1003.855   1519.515 0.000
120.916667 120.958333 9 9    567.197   390.650    727.295 0.000
120.958333 121.000000 9 9    298.301   248.758    335.186 0.000
121.000000 121.041667 9 9    226.398   220.428    231.406 0.000
121.041667 121.083333 9 9    227.022   223.846    230.423 0.000
121.083333 121.125000 9 9    213.157   205.167    220.067 0.000
121.125000 121.166667 9 9    183.310   172.079    196.578 0.000
121.166667 121.208333 9 9    176.381   169.053    180.164 0.000
121.208333 121.250000 9 9    184.271   181.304    187.310 0.000
121.250000 121.291667 9 9    162.877   152.997    177.910 0.000
121.291667 121.333333 9 9    157.050   155.025    159.007 0.000
121.333333 121.375000 9 9    158.551   156.527    160.663 0.000
121.375000 121.416667 9 9    172.002   160.894    184.953 0.000
121.416667 121.458333 9 9    283.661   216.540    364.626 0.000
121.458333 121.500000 9 9    454.116   412.603    485.076 0.000
121.500000 121.541667 9 9    689.375   660.548    718.275 0.000
121.541667 121.583333 9 9    611.012   534.030    673.670 0.000
121.583333 121.625000 9 9    482.465   446.983    505.609 0.000
121.625000 121.666667 9 9    507.770   427.515    598.012 0.000
121.666667 121.708333 9 9    950.382   719.440   1215.268 0.000
121.708333 121.750000 9 9   1731.654  1427.344   1889.669 0.000
121.750000 121.791667 9 9   2351.657  2300.446   2486.660 0.000
121.791667 121.833333 9 9   2615.656  2419.157   2788.755 0.000
121.833333 121.875000 9 9   3184.304  2930.644   3321.783 0.000
121.875000 121.916667 9 9   2269.441  1594.938   2783.223 0.000
121.916667 121.958333 9 9    835.006   644.344   1078.022 0.000
121.958333 122.000000 9 9    832.185   744.945    886.704 0.000
122.000000 122.041667 9 9    940.638   895.328    997.880 0.000
122.041667 122.083333 9 9   1084.156  1043.068   1144.497 0.000
122.083333 122.125000 9 9   1074.328  1048.890   1117.877 0.000
122.125000 122.166667 9 9   1203.568  1160.392   1249.201 0.000
122.166667 122.208333 9 9   1473.677  1289.631   1683.036 0.000
122.208333 122.250000 9 9   1744.037  1623.896   1820.694 0.000
122.250000 122.291667 9 9   1455.728  1374.425   1533.722 0.000
122.291667 122.333333 9 9   1237.307  1174.391   1306.263 0.000
122.333333 122.375000 9 9   1074.943  1035.530   1124.635 0.000
122.375000 122.416667 9 9   1058.492  1002.616   1050.698 0.000
122.416667 122.458333 9 9    953.563   922.666    987.687 0.000
122.458333 122.500000 9 9    858.386   837.605    888.645 0.000
122.500000 122.541667 9 9    845.881   805.992    892.361 0.000
122.541667 122.583333 9 9    774.486   767.140    787.672 0.000
122.583333 122.625000 9 9    811.230   802.091    820.688 0.000
122.625000 122.666667 9 9    802.546   777.692    826.494 0.000
122.666667 122.708333 9 9    730.857   711.505    754.705 0.000
122.708333 122.750000 9 9    702.962   688.797    714.333 0.000
122.750000 122.791667 9 9    755.608   725.894    781.726 0.000
122.791667 122.833333 9 9    807.603   802.004    813.395 0.000
122.833333 122.875000 9 9    800.626   780.680    813.201 0.000
122.875000 122.916667 9 9    745.629   726.255    767.889 0.000
122.916667 122.958333 9 9    714.503   704.946    724.146 0.000
122.958333 123.000000 9 9    663.486   652.602    671.522 0.000
123.000000 123.041667 9 9    608.736   583.112    622.140 0.000
123.041667 123.083333 9 9    528.319   508.319    550.565 0.000
123.083333 123.125000 9 9    517.527   476.058    554.807 0.000
123.125000 123.166667 9 9    621.284   553.712    663.198 0.000
123.166667 123.208333 9 9    629.622   609.055    646.841 0.000
123.208333 123.250000 9 9    670.261   661.608    678.480 0.000
123.250000 123.291667 9 9    665.382   655.397    673.951 0.000
123.291667 123.333333 9 9    655.621   651.206    659.444 0.000
123.333333 123.375000 9 9    645.033   629.465    657.716 0.000
123.375000 123.416667 9 9    544.448   530.985    555.215 0.000
123.416667 123.458333 9 9    578.190   554.282    597.007 0.000
123.458333 123.500000 9 9    594.718   509.778    702.062 0.000
123.500000 123.541667 9 9   1148.459   838.084   1313.699 0.000
123.541667 123.583333 9 9   1713.031  1396.280   2144.723 0.000
123.583333 123.625000 9 9   3477.251  2792.262   4800.384 0.000
123.625000 123.666667 9 9   6064.464  5141.064   6754.766 0.000
123.666667 123.708333 9 9   4046.783  3609.666   4395.613 0.000
123.708333 123.750000 9 9   1826.134  1399.563   2174.139 0.000
123.750000 123.791667 9 9   1744.166  1659.761   1911.435 0.000
123.791667 123.833333 9 9   1801.092  1681.544   1901.345 0.000
123.833333 123.875000 9 9   2140.662  1683.632   2422.355 0.000
123.875000 123.916667 9 9   3420.634  2723.471   3787.894 0.000
123.916667 123.958333 9 9   3052.882  2832.462   3404.623 0.000
123.958333 124.000000 9 9   2564.281  2318.437   2919.900 0.000
124.000000 124.041667 9 9   2133.846  1901.822   2308.697 0.000
124.041667 124.083333 9 9   1564.888  1363.217   1773.109 0.000
124.083333 124.125000 9 9   1128.486  1051.444   1192.011 0.000
124.125000 124.166667 9 9    950.561   899.603   1011.309 0.000
124.166667 124.208333 9 9    837.659   807.267    880.184 0.000
124.208333 124.250000 9 9    704.552   650.581    768.716 0.000
124.250000 124.291667 9 9    660.662   625.337    694.799 0.000
124.291667 124.333333 9 9    603.340   571.068    653.120 0.000
124.333333 124.375000 9 9    640.856   606.019    671.508 0.000
124.375000 124.416667 9 9    568.181   545.513    585.219 0.000
124.416667 124.458333 9 9    601.462   570.837    629.213 0.000
124.458333 124.500000 9 9    545.907   529.265    562.946 0.000
124.500000 124.541667 9 9    598.101   568.723    631.546 0.000
124.541667 124.583333 9 9    593.170   565.729    629.549 0.000
124.583333 124.625000 9 9    900.475   764.343    968.085 0.000
124.625000 124.666667 9 9    730.713   606.595    971.124 0.000
124.666667 124.708333 9 9    691.233   598.380    755.662 0.000
124.708333 124.750000 9 9    721.241   684.206    753.628 0.000
124.750000 124.791667 9 9    697.232   688.591    709.117 0.000
124.791667 124.833333 9 9    652.202   643.309    663.333 0.000
124.833333 124.875000 9 9    619.869   592.263    645.243 0.000
124.875000 124.916667 9 9    616.549   554.834    652.024 0.000
124.916667 124.958333 9 9    650.032   631.638    669.087 0.000
124.958333 125.000000 9 9    737.803   696.934    766.354 0.000
