RRS/FI0023R.20070101000000.20181114115100.cpc.particle_number_concentration.pm10.1y.1h.FI03L_CPC_VAR_01.FI03L_CPC.lev2.nas
50 1001
Kulmala, Markku
FI03L, University of Helsinki, UHEL, Division of Atmospheric Sciences, PO BOX 64, , FI-00014, University of Helsinki, Finland
Aalto, Pasi
GAW-WDCA
1 1
2007 01 01 2018 11 14
0.041667
days from file reference point
7
1 1 1 1 1 1 1
999.999999 9 9 99999.999 99999.999 99999.999 9.999
end_time of measurement, days from the file reference point
pressure, hPa, Location=instrument internal, Matrix=instrument, Measurement uncertainty=
temperature, K, Location=instrument internal, Matrix=instrument, Measurement uncertainty=
particle_number_concentration, 1/cm3
particle_number_concentration, 1/cm3, Statistics=percentile:15.87
particle_number_concentration, 1/cm3, Statistics=percentile:84.13
numflag, no unit
0
29
Data definition:              EBAS_1.1
Set type code:                TU
Timezone:                     UTC
File name:                    FI0023R.20070101000000.20181114115100.cpc.particle_number_concentration.pm10.1y.1h.FI03L_CPC_VAR_01.FI03L_CPC.lev2.nas
File creation:                20200622170801
Startdate:                    20070101000000
Revision date:                20181114115100
Statistics:                   arithmetic mean
Data level:                   2
Period code:                  1y
Resolution code:              1h
Station code:                 FI0023R
Platform code:                FI0023S
Station name:                 V�rri�
Station latitude:             67.766667
Station longitude:            29.583333
Station altitude:             400.0 m
Regime:                       IMG
Component:                    particle_number_concentration
Unit:                         1/cm3
Matrix:                       pm10
Instrument type:              cpc
Laboratory code:              FI03L
Instrument name:              CPC_VAR_01
Method ref:                   FI03L_CPC
Measurement uncertainty:      5.0 %
Originator:                   Kulmala, Markku, , , , , , , , , 
Submitter:                    Aalto, Pasi, , , , , , , , , 
starttime endtime P T particle_number_concentration particle_number_concentration particle_number_concentration flag
[from data line 4646]
193.583333 193.625000 9 9   642.118   628.943   651.871 0.000
193.625000 193.666667 9 9   651.638   631.104   662.214 0.000
193.666667 193.708333 9 9   653.364   633.321   661.488 0.000
193.708333 193.750000 9 9   649.935   634.825   661.577 0.000
193.750000 193.791667 9 9   660.586   644.874   670.612 0.000
193.791667 193.833333 9 9   644.404   635.787   653.434 0.000
193.833333 193.875000 9 9   660.651   647.925   671.376 0.000
193.875000 193.916667 9 9   713.333   640.695   774.362 0.000
193.916667 193.958333 9 9   774.867   732.522   817.240 0.000
193.958333 194.000000 9 9   813.161   797.441   825.920 0.000
194.000000 194.041667 9 9   988.402   922.344  1079.750 0.000
194.041667 194.083333 9 9   997.435   881.865  1130.335 0.000
194.083333 194.125000 9 9   864.774   832.178   899.691 0.000
194.125000 194.166667 9 9  1006.855   860.122  1204.207 0.000
194.166667 194.208333 9 9  1205.443  1173.947  1231.580 0.000
194.208333 194.250000 9 9  1230.156  1163.507  1339.052 0.000
194.250000 194.291667 9 9  1381.109  1329.872  1411.944 0.000
194.291667 194.333333 9 9  1308.663  1102.386  1583.006 0.000
194.333333 194.375000 9 9  1140.649  1087.683  1182.628 0.000
194.375000 194.416667 9 9  1237.394  1198.983  1266.057 0.000
194.416667 194.458333 9 9  1381.566  1291.731  1488.073 0.000
194.458333 194.500000 9 9  1769.808  1157.706  2712.525 0.000
194.500000 194.541667 9 9  1195.072  1115.789  1249.437 0.000
194.541667 194.583333 9 9 99999.999 99999.999 99999.999 0.999
194.583333 194.625000 9 9 99999.999 99999.999 99999.999 0.999
194.625000 194.666667 9 9 99999.999 99999.999 99999.999 0.999
194.666667 194.708333 9 9 99999.999 99999.999 99999.999 0.999
194.708333 194.750000 9 9 99999.999 99999.999 99999.999 0.999
194.750000 194.791667 9 9 99999.999 99999.999 99999.999 0.999
194.791667 194.833333 9 9 99999.999 99999.999 99999.999 0.999
194.833333 194.875000 9 9 99999.999 99999.999 99999.999 0.999
194.875000 194.916667 9 9 99999.999 99999.999 99999.999 0.999
194.916667 194.958333 9 9 99999.999 99999.999 99999.999 0.999
194.958333 195.000000 9 9 99999.999 99999.999 99999.999 0.999
195.000000 195.041667 9 9 99999.999 99999.999 99999.999 0.999
195.041667 195.083333 9 9 99999.999 99999.999 99999.999 0.999
195.083333 195.125000 9 9 99999.999 99999.999 99999.999 0.999
195.125000 195.166667 9 9 99999.999 99999.999 99999.999 0.999
195.166667 195.208333 9 9 99999.999 99999.999 99999.999 0.999
195.208333 195.250000 9 9   453.216   445.641   460.560 0.000
195.250000 195.291667 9 9   414.653   405.458   423.386 0.000
195.291667 195.333333 9 9   387.143   355.179   409.918 0.000
195.333333 195.375000 9 9   351.388   319.069   386.600 0.000
195.375000 195.416667 9 9   373.303   338.274   404.035 0.000
195.416667 195.458333 9 9   316.656   276.709   347.267 0.000
195.458333 195.500000 9 9   268.195   250.956   305.719 0.000
195.500000 195.541667 9 9   240.654   233.660   250.011 0.000
195.541667 195.583333 9 9   214.577   201.845   227.181 0.000
195.583333 195.625000 9 9   175.987   167.671   182.774 0.000
195.625000 195.666667 9 9   235.382   196.745   281.381 0.000
195.666667 195.708333 9 9   250.577   221.271   281.595 0.000
195.708333 195.750000 9 9   162.849   144.349   181.190 0.000
195.750000 195.791667 9 9   176.299   171.634   179.494 0.000
195.791667 195.833333 9 9   194.649   177.665   232.744 0.000
195.833333 195.875000 9 9   196.559   174.766   223.905 0.000
195.875000 195.916667 9 9   242.452   195.781   310.871 0.000
195.916667 195.958333 9 9   318.103   308.292   334.646 0.000
195.958333 196.000000 9 9   364.337   329.642   391.358 0.000
196.000000 196.041667 9 9   401.280   398.867   403.594 0.000
196.041667 196.083333 9 9   416.292   403.484   437.721 0.000
196.083333 196.125000 9 9   476.262   453.420   494.816 0.000
196.125000 196.166667 9 9   567.406   524.189   594.596 0.000
196.166667 196.208333 9 9   608.067   591.791   620.918 0.000
196.208333 196.250000 9 9   594.511   567.781   612.171 0.000
196.250000 196.291667 9 9   508.884   467.314   541.270 0.000
196.291667 196.333333 9 9   463.724   439.214   488.004 0.000
196.333333 196.375000 9 9   720.305   512.884   932.516 0.000
196.375000 196.416667 9 9  1572.178  1006.839  1930.045 0.000
196.416667 196.458333 9 9  1734.361  1719.508  1755.895 0.000
196.458333 196.500000 9 9 99999.999 99999.999 99999.999 0.999
196.500000 196.541667 9 9 99999.999 99999.999 99999.999 0.999
196.541667 196.583333 9 9 99999.999 99999.999 99999.999 0.999
196.583333 196.625000 9 9 99999.999 99999.999 99999.999 0.999
196.625000 196.666667 9 9   735.446   643.391   794.297 0.000
196.666667 196.708333 9 9   498.514   464.433   569.255 0.000
196.708333 196.750000 9 9 99999.999 99999.999 99999.999 0.999
196.750000 196.791667 9 9 99999.999 99999.999 99999.999 0.999
196.791667 196.833333 9 9   669.577   608.108   722.856 0.000
196.833333 196.875000 9 9   724.830   695.441   753.768 0.000
196.875000 196.916667 9 9   876.052   807.648   926.850 0.000
196.916667 196.958333 9 9   731.343   611.520   870.568 0.000
196.958333 197.000000 9 9   747.320   583.821   918.108 0.000
197.000000 197.041667 9 9  1190.364  1076.762  1305.881 0.000
197.041667 197.083333 9 9  1110.398  1011.030  1266.103 0.000
197.083333 197.125000 9 9   963.398   731.989  1098.631 0.000
197.125000 197.166667 9 9   596.326   569.596   625.691 0.000
197.166667 197.208333 9 9   613.189   568.274   672.766 0.000
197.208333 197.250000 9 9   789.397   724.372   853.282 0.000
197.250000 197.291667 9 9   764.137   630.939  1002.654 0.000
197.291667 197.333333 9 9  1326.153  1139.074  1607.364 0.000
197.333333 197.375000 9 9  1824.476  1441.184  2141.359 0.000
197.375000 197.416667 9 9  2320.855  2142.097  2523.495 0.000
197.416667 197.458333 9 9  2970.415  2775.802  3130.781 0.000
197.458333 197.500000 9 9  2530.984  2044.506  2762.775 0.000
197.500000 197.541667 9 9  2128.981  1980.359  2280.690 0.000
197.541667 197.583333 9 9  2325.278  2177.179  2504.740 0.000
197.583333 197.625000 9 9  2615.896  2499.225  2719.294 0.000
197.625000 197.666667 9 9  2614.224  2551.804  2690.873 0.000
197.666667 197.708333 9 9  2584.647  2550.838  2612.570 0.000
197.708333 197.750000 9 9  2598.554  2507.293  2652.250 0.000
197.750000 197.791667 9 9  2450.851  2332.140  2564.473 0.000
197.791667 197.833333 9 9  2116.127  2062.679  2168.374 0.000
197.833333 197.875000 9 9  2005.909  1985.319  2036.925 0.000
197.875000 197.916667 9 9  1911.347  1863.094  1984.425 0.000
197.916667 197.958333 9 9  1872.864  1808.326  1923.467 0.000
197.958333 198.000000 9 9  1967.879  1878.512  2065.380 0.000
198.000000 198.041667 9 9  2216.378  2059.864  2370.586 0.000
198.041667 198.083333 9 9  2262.741  2207.532  2289.451 0.000
198.083333 198.125000 9 9  2213.452  2180.645  2237.066 0.000
198.125000 198.166667 9 9  2112.043  2001.856  2173.678 0.000
198.166667 198.208333 9 9  1753.226  1603.122  1876.107 0.000
198.208333 198.250000 9 9  1491.523  1428.574  1558.374 0.000
198.250000 198.291667 9 9  1193.908  1074.400  1304.502 0.000
198.291667 198.333333 9 9  1074.567  1040.674  1095.716 0.000
198.333333 198.375000 9 9  1123.658  1112.332  1138.599 0.000
198.375000 198.416667 9 9  1054.737   985.893  1121.102 0.000
198.416667 198.458333 9 9   968.666   932.152   996.206 0.000
198.458333 198.500000 9 9   909.511   856.463   949.439 0.000
198.500000 198.541667 9 9   827.741   786.927   852.549 0.000
198.541667 198.583333 9 9   874.432   796.667   954.397 0.000
198.583333 198.625000 9 9   946.944   924.574   972.092 0.000
198.625000 198.666667 9 9   914.897   878.430   968.138 0.000
198.666667 198.708333 9 9   990.875   975.869  1004.511 0.000
198.708333 198.750000 9 9   947.991   937.712   960.143 0.000
198.750000 198.791667 9 9   970.399   942.990   994.964 0.000
198.791667 198.833333 9 9  1023.063   982.005  1049.172 0.000
198.833333 198.875000 9 9  1029.839  1000.441  1051.911 0.000
198.875000 198.916667 9 9   687.178   648.497   729.371 0.000
198.916667 198.958333 9 9   675.362   655.088   702.093 0.000
198.958333 199.000000 9 9   735.621   703.975   779.155 0.000
199.000000 199.041667 9 9   802.514   771.548   834.377 0.000
199.041667 199.083333 9 9   768.876   758.697   777.200 0.000
199.083333 199.125000 9 9   791.022   772.180   803.602 0.000
199.125000 199.166667 9 9   675.064   268.873   801.900 0.000
199.166667 199.208333 9 9   173.954   137.258   211.818 0.000
199.208333 199.250000 9 9   118.560   115.358   123.522 0.000
199.250000 199.291667 9 9    98.192    90.358   109.386 0.000
199.291667 199.333333 9 9   171.365   122.659   209.460 0.000
199.333333 199.375000 9 9   258.182   210.852   281.788 0.000
199.375000 199.416667 9 9   310.045   291.034   337.588 0.000
199.416667 199.458333 9 9   523.612   324.989   736.600 0.000
199.458333 199.500000 9 9   321.572   233.971   506.649 0.000
199.500000 199.541667 9 9   149.147   101.560   196.595 0.000
199.541667 199.583333 9 9   210.952   145.296   290.172 0.000
199.583333 199.625000 9 9   115.222    96.553   127.684 0.000
199.625000 199.666667 9 9   951.196   422.816  1288.435 0.000
199.666667 199.708333 9 9  1260.178  1226.280  1299.565 0.000
199.708333 199.750000 9 9  1161.971  1104.904  1204.758 0.000
199.750000 199.791667 9 9  1245.267  1068.649  1344.836 0.000
199.791667 199.833333 9 9   895.152   633.459  1082.872 0.000
199.833333 199.875000 9 9   684.912   610.104   739.537 0.000
199.875000 199.916667 9 9   359.282   320.860   390.105 0.000
199.916667 199.958333 9 9   357.947   296.782   443.670 0.000
199.958333 200.000000 9 9   476.060   459.479   505.555 0.000
200.000000 200.041667 9 9   793.208   649.520   895.554 0.000
200.041667 200.083333 9 9   507.363   407.615   630.954 0.000
200.083333 200.125000 9 9   328.585   235.225   390.380 0.000
200.125000 200.166667 9 9   137.259    88.029   191.314 0.000
200.166667 200.208333 9 9    80.739    75.202    87.446 0.000
200.208333 200.250000 9 9    84.353    71.206   103.919 0.000
200.250000 200.291667 9 9    44.537    39.888    52.861 0.000
200.291667 200.333333 9 9    47.279    41.363    59.429 0.000
200.333333 200.375000 9 9    73.677    59.180    89.464 0.000
200.375000 200.416667 9 9   146.584    73.843   237.105 0.000
200.416667 200.458333 9 9   267.665   165.164   411.023 0.000
200.458333 200.500000 9 9   282.588   212.077   366.929 0.000
200.500000 200.541667 9 9   317.483   238.860   392.744 0.000
200.541667 200.583333 9 9   218.135   189.022   263.761 0.000
200.583333 200.625000 9 9   269.414   204.054   327.330 0.000
200.625000 200.666667 9 9   251.851   233.669   264.141 0.000
200.666667 200.708333 9 9   322.459   251.742   386.222 0.000
200.708333 200.750000 9 9   380.164   374.651   387.578 0.000
200.750000 200.791667 9 9   644.204   429.385   847.090 0.000
200.791667 200.833333 9 9   780.109   653.323   874.320 0.000
200.833333 200.875000 9 9   568.058   350.493   742.441 0.000
200.875000 200.916667 9 9   558.886   336.909   777.967 0.000
200.916667 200.958333 9 9   278.646   232.402   343.833 0.000
200.958333 201.000000 9 9   737.012   478.689  1009.440 0.000
201.000000 201.041667 9 9  1022.697   784.144  1272.081 0.000
201.041667 201.083333 9 9  1277.245  1240.435  1302.571 0.000
201.083333 201.125000 9 9  1565.821  1447.778  1699.717 0.000
201.125000 201.166667 9 9  1820.916  1735.581  1933.487 0.000
201.166667 201.208333 9 9  2023.714  1951.608  2095.799 0.000
201.208333 201.250000 9 9  2033.754  1988.489  2075.950 0.000
201.250000 201.291667 9 9  1893.758  1867.396  1930.164 0.000
201.291667 201.333333 9 9  1123.194   753.773  1544.710 0.000
201.333333 201.375000 9 9  1146.406   958.970  1276.039 0.000
201.375000 201.416667 9 9  1402.759  1168.579  1664.591 0.000
201.416667 201.458333 9 9  1181.888  1015.856  1406.364 0.000
201.458333 201.500000 9 9  1570.374  1169.788  1831.979 0.000
201.500000 201.541667 9 9  1893.156  1364.981  2320.537 0.000
201.541667 201.583333 9 9  2148.536  2002.814  2297.472 0.000
201.583333 201.625000 9 9  1933.524  1742.294  2174.287 0.000
201.625000 201.666667 9 9  1623.412  1532.433  1804.189 0.000
201.666667 201.708333 9 9  1403.248  1348.017  1475.440 0.000
201.708333 201.750000 9 9  1241.083  1137.962  1309.332 0.000
201.750000 201.791667 9 9  1071.725  1002.380  1121.891 0.000
201.791667 201.833333 9 9  1098.438   988.938  1253.349 0.000
201.833333 201.875000 9 9  1396.958  1321.438  1451.330 0.000
201.875000 201.916667 9 9  1773.414  1555.032  2043.819 0.000
201.916667 201.958333 9 9  2325.007  2210.222  2455.884 0.000
201.958333 202.000000 9 9  2482.932  2340.603  2605.850 0.000
202.000000 202.041667 9 9  2730.461  2594.472  2787.143 0.000
202.041667 202.083333 9 9  2717.492  2687.864  2751.206 0.000
202.083333 202.125000 9 9  2595.982  2576.044  2622.163 0.000
202.125000 202.166667 9 9  2502.556  2431.113  2566.836 0.000
202.166667 202.208333 9 9  2497.480  2367.901  2611.146 0.000
202.208333 202.250000 9 9  2626.853  2503.026  2719.378 0.000
202.250000 202.291667 9 9  2303.202  2178.315  2424.517 0.000
202.291667 202.333333 9 9  3424.175  3055.033  3726.222 0.000
202.333333 202.375000 9 9  4551.999  3477.179  5398.937 0.000
202.375000 202.416667 9 9  3963.625  3352.955  4378.700 0.000
202.416667 202.458333 9 9  3227.666  3145.813  3328.850 0.000
202.458333 202.500000 9 9  3087.467  3023.646  3210.733 0.000
202.500000 202.541667 9 9  3360.048  3076.026  3582.986 0.000
202.541667 202.583333 9 9  3351.537  3236.706  3504.364 0.000
202.583333 202.625000 9 9  3482.552  3116.545  3676.797 0.000
202.625000 202.666667 9 9  2797.937  2576.154  3021.706 0.000
202.666667 202.708333 9 9  2286.955  2194.107  2385.901 0.000
202.708333 202.750000 9 9  2311.454  2213.407  2350.015 0.000
202.750000 202.791667 9 9  2245.808  2184.287  2273.834 0.000
202.791667 202.833333 9 9  1988.328  1795.113  2149.689 0.000
202.833333 202.875000 9 9  1624.932  1591.900  1661.441 0.000
202.875000 202.916667 9 9  1504.626  1447.813  1544.835 0.000
202.916667 202.958333 9 9  1268.767  1235.947  1332.818 0.000
202.958333 203.000000 9 9  1208.519  1172.533  1234.013 0.000
203.000000 203.041667 9 9  1324.181  1227.347  1443.883 0.000
203.041667 203.083333 9 9  1913.681  1514.475  2177.469 0.000
203.083333 203.125000 9 9  2208.257  2073.246  2342.080 0.000
203.125000 203.166667 9 9  2121.596  2035.156  2193.558 0.000
203.166667 203.208333 9 9  2245.538  2139.043  2291.134 0.000
203.208333 203.250000 9 9  2157.609  2131.604  2185.692 0.000
203.250000 203.291667 9 9  2096.760  2032.506  2129.155 0.000
203.291667 203.333333 9 9  1966.882  1884.047  2069.954 0.000
203.333333 203.375000 9 9  2088.822  1757.796  2436.181 0.000
203.375000 203.416667 9 9  2353.866  2061.455  2692.692 0.000
203.416667 203.458333 9 9  2839.901  2624.680  3016.212 0.000
203.458333 203.500000 9 9  3007.437  2778.683  3269.451 0.000
203.500000 203.541667 9 9  2815.890  2673.638  2889.929 0.000
203.541667 203.583333 9 9  2838.978  2757.253  2952.698 0.000
203.583333 203.625000 9 9  2407.752  2287.671  2515.360 0.000
203.625000 203.666667 9 9  2121.845  2080.831  2131.615 0.000
203.666667 203.708333 9 9  2085.250  2024.628  2139.562 0.000
203.708333 203.750000 9 9  2111.830  2065.620  2152.680 0.000
203.750000 203.791667 9 9  2066.924  2050.592  2086.081 0.000
203.791667 203.833333 9 9  1922.782  1870.037  1966.277 0.000
203.833333 203.875000 9 9  1781.316  1684.962  1834.579 0.000
203.875000 203.916667 9 9  1427.184  1381.925  1464.286 0.000
203.916667 203.958333 9 9  1362.503  1362.503  1362.503 0.000
203.958333 204.000000 9 9 99999.999 99999.999 99999.999 0.999
204.000000 204.041667 9 9 99999.999 99999.999 99999.999 0.999
204.041667 204.083333 9 9 99999.999 99999.999 99999.999 0.999
204.083333 204.125000 9 9 99999.999 99999.999 99999.999 0.999
204.125000 204.166667 9 9 99999.999 99999.999 99999.999 0.999
204.166667 204.208333 9 9 99999.999 99999.999 99999.999 0.999
204.208333 204.250000 9 9 99999.999 99999.999 99999.999 0.999
204.250000 204.291667 9 9 99999.999 99999.999 99999.999 0.999
