RRS/FI0023R.20110101000000.20181114115100.cpc.particle_number_concentration.pm10.1y.1h.FI03L_CPC_VAR_01.FI03L_CPC.lev2.nas
50 1001
Kulmala, Markku
FI03L, University of Helsinki, UHEL, Division of Atmospheric Sciences, PO BOX 64, , FI-00014, University of Helsinki, Finland
Aalto, Pasi
GAW-WDCA ACTRIS
1 1
2011 01 01 2018 11 14
0.041667
days from file reference point
7
1 1 1 1 1 1 1
999.999999 9 9 999999.999 999999.999 999999.999 9.999
end_time of measurement, days from the file reference point
pressure, hPa, Location=instrument internal, Matrix=instrument, Measurement uncertainty=
temperature, K, Location=instrument internal, Matrix=instrument, Measurement uncertainty=
particle_number_concentration, 1/cm3
particle_number_concentration, 1/cm3, Statistics=percentile:15.87
particle_number_concentration, 1/cm3, Statistics=percentile:84.13
numflag, no unit
0
29
Data definition:              EBAS_1.1
Set type code:                TU
Timezone:                     UTC
File name:                    FI0023R.20110101000000.20181114115100.cpc.particle_number_concentration.pm10.1y.1h.FI03L_CPC_VAR_01.FI03L_CPC.lev2.nas
File creation:                20200622170804
Startdate:                    20110101000000
Revision date:                20181114115100
Statistics:                   arithmetic mean
Data level:                   2
Period code:                  1y
Resolution code:              1h
Station code:                 FI0023R
Platform code:                FI0023S
Station name:                 V�rri�
Station latitude:             67.766667
Station longitude:            29.583333
Station altitude:             400.0 m
Regime:                       IMG
Component:                    particle_number_concentration
Unit:                         1/cm3
Matrix:                       pm10
Instrument type:              cpc
Laboratory code:              FI03L
Instrument name:              CPC_VAR_01
Method ref:                   FI03L_CPC
Measurement uncertainty:      5.0 %
Originator:                   Kulmala, Markku, , , , , , , , , 
Submitter:                    Aalto, Pasi, , , , , , , , , 
starttime endtime P T particle_number_concentration particle_number_concentration particle_number_concentration flag
[from data line 1477]
 61.541667  61.583333 9 9     52.182     47.147     58.232 0.000
 61.583333  61.625000 9 9     88.506     71.512    101.498 0.000
 61.625000  61.666667 9 9     84.119     81.344     88.161 0.000
 61.666667  61.708333 9 9     69.855     59.539     78.764 0.000
 61.708333  61.750000 9 9     51.756     49.183     55.016 0.000
 61.750000  61.791667 9 9     51.500     50.639     52.513 0.000
 61.791667  61.833333 9 9     58.168     53.024     65.084 0.000
 61.833333  61.875000 9 9     72.915     68.433     75.810 0.000
 61.875000  61.916667 9 9     74.828     72.432     75.836 0.000
 61.916667  61.958333 9 9     92.699     71.863    121.341 0.000
 61.958333  62.000000 9 9    121.323    117.810    124.942 0.000
 62.000000  62.041667 9 9    107.193    104.882    110.833 0.000
 62.041667  62.083333 9 9    100.885     94.604    109.423 0.000
 62.083333  62.125000 9 9    175.341    133.610    222.540 0.000
 62.125000  62.166667 9 9    355.491    274.858    460.067 0.000
 62.166667  62.208333 9 9    506.850    452.580    535.719 0.000
 62.208333  62.250000 9 9    458.654    405.266    502.148 0.000
 62.250000  62.291667 9 9    298.636    247.359    359.999 0.000
 62.291667  62.333333 9 9    193.857    159.394    232.552 0.000
 62.333333  62.375000 9 9    131.029    120.890    144.760 0.000
 62.375000  62.416667 9 9    256.184    144.570    234.493 0.000
 62.416667  62.458333 9 9    183.415    165.978    205.318 0.000
 62.458333  62.500000 9 9    288.377    209.520    398.431 0.000
 62.500000  62.541667 9 9    679.136    510.935    800.387 0.000
 62.541667  62.583333 9 9    664.755    567.455    780.022 0.000
 62.583333  62.625000 9 9    462.983    308.902    566.818 0.000
 62.625000  62.666667 9 9    186.723    148.068    266.661 0.000
 62.666667  62.708333 9 9    134.036     68.375    230.471 0.000
 62.708333  62.750000 9 9     75.632     70.576     84.331 0.000
 62.750000  62.791667 9 9    100.418     82.905    119.453 0.000
 62.791667  62.833333 9 9    116.594    114.888    118.481 0.000
 62.833333  62.875000 9 9    114.510    112.363    115.749 0.000
 62.875000  62.916667 9 9    101.502     94.122    109.123 0.000
 62.916667  62.958333 9 9     92.541     88.604     97.014 0.000
 62.958333  63.000000 9 9    124.227    110.879    138.345 0.000
 63.000000  63.041667 9 9    140.981    134.943    144.979 0.000
 63.041667  63.083333 9 9    126.890    124.260    131.121 0.000
 63.083333  63.125000 9 9    120.969    117.477    123.898 0.000
 63.125000  63.166667 9 9    109.141    105.088    113.968 0.000
 63.166667  63.208333 9 9    105.891    103.960    107.320 0.000
 63.208333  63.250000 9 9    100.099     98.497    101.927 0.000
 63.250000  63.291667 9 9     98.516     98.060     99.093 0.000
 63.291667  63.333333 9 9     96.956     93.964     98.882 0.000
 63.333333  63.375000 9 9     89.099     84.065     92.483 0.000
 63.375000  63.416667 9 9     79.512     77.014     81.400 0.000
 63.416667  63.458333 9 9    123.429     82.005    164.135 0.000
 63.458333  63.500000 9 9    225.430    145.920    305.855 0.000
 63.500000  63.541667 9 9    938.714    302.638   2171.750 0.000
 63.541667  63.583333 9 9   2586.157    662.804   3796.373 0.000
 63.583333  63.625000 9 9    153.192    108.249    204.690 0.000
 63.625000  63.666667 9 9    157.966    143.399    168.584 0.000
 63.666667  63.708333 9 9    215.256    182.373    237.957 0.000
 63.708333  63.750000 9 9    223.788    205.893    235.615 0.000
 63.750000  63.791667 9 9    192.827    183.433    211.521 0.000
 63.791667  63.833333 9 9    207.957    186.138    225.420 0.000
 63.833333  63.875000 9 9    146.516    132.408    165.943 0.000
 63.875000  63.916667 9 9    127.020    122.385    134.839 0.000
 63.916667  63.958333 9 9    165.889    137.178    188.993 0.000
 63.958333  64.000000 9 9    167.343    155.278    178.402 0.000
 64.000000  64.041667 9 9    134.766    125.436    146.599 0.000
 64.041667  64.083333 9 9    117.701    114.932    120.959 0.000
 64.083333  64.125000 9 9    108.071    103.276    112.621 0.000
 64.125000  64.166667 9 9     97.751     96.050    100.676 0.000
 64.166667  64.208333 9 9     95.637     95.196     96.000 0.000
 64.208333  64.250000 9 9    104.696    100.641    111.304 0.000
 64.250000  64.291667 9 9    121.093    115.815    124.330 0.000
 64.291667  64.333333 9 9    126.978    125.482    128.281 0.000
 64.333333  64.375000 9 9    127.444    125.091    129.165 0.000
 64.375000  64.416667 9 9    119.165    116.104    121.705 0.000
 64.416667  64.458333 9 9     95.430     88.020    108.679 0.000
 64.458333  64.500000 9 9     91.291     88.378     97.370 0.000
 64.500000  64.541667 9 9    108.947     95.464    119.437 0.000
 64.541667  64.583333 9 9    113.611    108.161    118.378 0.000
 64.583333  64.625000 9 9    124.088    116.002    128.782 0.000
 64.625000  64.666667 9 9    117.426    114.248    120.218 0.000
 64.666667  64.708333 9 9    134.961    121.789    143.605 0.000
 64.708333  64.750000 9 9    135.958    135.069    136.520 0.000
 64.750000  64.791667 9 9    135.278    128.186    139.716 0.000
 64.791667  64.833333 9 9    116.070    104.063    125.887 0.000
 64.833333  64.875000 9 9     99.305     97.495    101.825 0.000
 64.875000  64.916667 9 9    300.132    106.998    600.748 0.000
 64.916667  64.958333 9 9   1100.478    962.981   1281.890 0.000
 64.958333  65.000000 9 9    873.095    749.448   1024.622 0.000
 65.000000  65.041667 9 9    617.777    516.792    694.627 0.000
 65.041667  65.083333 9 9    364.226    337.778    407.524 0.000
 65.083333  65.125000 9 9    515.307    403.982    608.965 0.000
 65.125000  65.166667 9 9    526.136    476.399    575.956 0.000
 65.166667  65.208333 9 9    526.374    465.746    582.151 0.000
 65.208333  65.250000 9 9    631.222    616.426    648.145 0.000
 65.250000  65.291667 9 9    564.717    528.569    611.398 0.000
 65.291667  65.333333 9 9    506.180    493.055    524.179 0.000
 65.333333  65.375000 9 9    527.649    523.282    530.656 0.000
 65.375000  65.416667 9 9    535.718    520.446    546.935 0.000
 65.416667  65.458333 9 9    506.055    487.113    520.637 0.000
 65.458333  65.500000 9 9    461.749    450.033    474.954 0.000
 65.500000  65.541667 9 9    438.268    427.265    453.074 0.000
 65.541667  65.583333 9 9    448.449    425.046    477.334 0.000
 65.583333  65.625000 9 9    549.223    489.675    601.695 0.000
 65.625000  65.666667 9 9    707.948    639.596    798.705 0.000
 65.666667  65.708333 9 9    953.074    859.475   1016.783 0.000
 65.708333  65.750000 9 9   1032.820    990.563   1057.258 0.000
 65.750000  65.791667 9 9   1021.184   1011.486   1033.737 0.000
 65.791667  65.833333 9 9   1150.571   1060.961   1201.438 0.000
 65.833333  65.875000 9 9   1184.679   1160.855   1206.964 0.000
 65.875000  65.916667 9 9   1028.726    939.488   1118.968 0.000
 65.916667  65.958333 9 9    832.810    787.567    899.514 0.000
 65.958333  66.000000 9 9    744.258    698.733    787.331 0.000
 66.000000  66.041667 9 9    706.537    675.101    761.000 0.000
 66.041667  66.083333 9 9   1123.045    822.509   1448.543 0.000
 66.083333  66.125000 9 9   1602.034   1587.869   1618.211 0.000
 66.125000  66.166667 9 9   1591.242   1569.595   1611.662 0.000
 66.166667  66.208333 9 9   1752.118   1585.115   1936.431 0.000
 66.208333  66.250000 9 9   1960.284   1934.871   1984.001 0.000
 66.250000  66.291667 9 9   1882.106   1813.622   1921.949 0.000
 66.291667  66.333333 9 9   1810.107   1764.840   1839.707 0.000
 66.333333  66.375000 9 9   1733.394   1684.398   1820.553 0.000
 66.375000  66.416667 9 9   1540.751   1478.496   1637.435 0.000
 66.416667  66.458333 9 9   1635.417   1498.286   1727.974 0.000
 66.458333  66.500000 9 9   1423.093   1320.223   1550.327 0.000
 66.500000  66.541667 9 9   1232.511   1215.671   1246.427 0.000
 66.541667  66.583333 9 9   1459.409   1229.377   1762.427 0.000
 66.583333  66.625000 9 9   1849.310   1731.595   1935.154 0.000
 66.625000  66.666667 9 9   1533.458   1410.781   1645.741 0.000
 66.666667  66.708333 9 9   1714.084   1448.420   2205.497 0.000
 66.708333  66.750000 9 9   2872.478   2467.521   3231.650 0.000
 66.750000  66.791667 9 9   3319.491   3270.407   3349.982 0.000
 66.791667  66.833333 9 9   3120.220   3039.071   3230.638 0.000
 66.833333  66.875000 9 9   3174.349   3053.541   3261.643 0.000
 66.875000  66.916667 9 9   2607.624   2382.514   2932.800 0.000
 66.916667  66.958333 9 9   2109.475   1862.392   2316.656 0.000
 66.958333  67.000000 9 9   1268.889    945.210   1580.267 0.000
 67.000000  67.041667 9 9    560.599    368.845    727.348 0.000
 67.041667  67.083333 9 9    389.882    341.894    456.142 0.000
 67.083333  67.125000 9 9    601.494    528.888    687.212 0.000
 67.125000  67.166667 9 9    777.152    742.822    822.034 0.000
 67.166667  67.208333 9 9    973.249    858.082   1088.122 0.000
 67.208333  67.250000 9 9   1324.132   1210.001   1443.050 0.000
 67.250000  67.291667 9 9   1559.925   1492.869   1637.625 0.000
 67.291667  67.333333 9 9   1696.318   1660.481   1734.997 0.000
 67.333333  67.375000 9 9   1757.169   1746.370   1766.091 0.000
 67.375000  67.416667 9 9   1768.190   1760.615   1774.738 0.000
 67.416667  67.458333 9 9   1712.036   1679.037   1755.699 0.000
 67.458333  67.500000 9 9   1730.159   1701.595   1749.085 0.000
 67.500000  67.541667 9 9   1756.491   1713.068   1812.174 0.000
 67.541667  67.583333 9 9   1793.191   1769.930   1826.522 0.000
 67.583333  67.625000 9 9   2038.233   1938.871   2129.854 0.000
 67.625000  67.666667 9 9   2443.399   2333.365   2612.736 0.000
 67.666667  67.708333 9 9   2609.029   2561.598   2647.754 0.000
 67.708333  67.750000 9 9   2549.077   2458.363   2636.570 0.000
 67.750000  67.791667 9 9   2408.653   2369.638   2447.955 0.000
 67.791667  67.833333 9 9   2379.298   2356.505   2394.409 0.000
 67.833333  67.875000 9 9   2387.270   2354.063   2411.645 0.000
 67.875000  67.916667 9 9   2502.555   2423.595   2609.953 0.000
 67.916667  67.958333 9 9   2855.796   2718.446   3002.346 0.000
 67.958333  68.000000 9 9   3048.547   3034.245   3057.996 0.000
 68.000000  68.041667 9 9   3080.881   3067.979   3094.483 0.000
 68.041667  68.083333 9 9   3087.744   3072.667   3110.460 0.000
 68.083333  68.125000 9 9   3116.898   3083.440   3152.469 0.000
 68.125000  68.166667 9 9   3124.065   3094.852   3155.878 0.000
 68.166667  68.208333 9 9   3042.035   3021.837   3063.608 0.000
 68.208333  68.250000 9 9   2956.107   2918.649   2996.394 0.000
 68.250000  68.291667 9 9   2827.333   2788.272   2871.191 0.000
 68.291667  68.333333 9 9   2766.690   2612.029   2734.550 0.000
 68.333333  68.375000 9 9   2589.080   2514.955   2641.523 0.000
 68.375000  68.416667 9 9   2428.650   2407.211   2459.464 0.000
 68.416667  68.458333 9 9   2424.496   2405.732   2438.231 0.000
 68.458333  68.500000 9 9   2394.381   2368.209   2418.207 0.000
 68.500000  68.541667 9 9   2279.752   2183.861   2341.429 0.000
 68.541667  68.583333 9 9   1951.551   1800.513   2083.352 0.000
 68.583333  68.625000 9 9   1446.588   1397.326   1493.757 0.000
 68.625000  68.666667 9 9   1252.153   1160.253   1352.608 0.000
 68.666667  68.708333 9 9    994.012    891.882   1091.884 0.000
 68.708333  68.750000 9 9    776.995    732.586    836.525 0.000
 68.750000  68.791667 9 9    691.654    675.044    702.681 0.000
 68.791667  68.833333 9 9    553.991    460.031    665.321 0.000
 68.833333  68.875000 9 9    422.593    416.955    428.428 0.000
 68.875000  68.916667 9 9    474.525    438.330    512.423 0.000
 68.916667  68.958333 9 9    550.922    520.187    599.434 0.000
 68.958333  69.000000 9 9    611.938    608.214    615.874 0.000
 69.000000  69.041667 9 9    615.504    604.105    624.724 0.000
 69.041667  69.083333 9 9    529.404    494.867    571.671 0.000
 69.083333  69.125000 9 9    467.303    452.835    485.512 0.000
 69.125000  69.166667 9 9    394.935    349.575    452.524 0.000
 69.166667  69.208333 9 9    347.932    326.699    373.339 0.000
 69.208333  69.250000 9 9    313.623    297.901    325.036 0.000
 69.250000  69.291667 9 9    350.235    293.603    425.482 0.000
 69.291667  69.333333 9 9    547.941    491.165    575.741 0.000
 69.333333  69.375000 9 9    670.426    542.885    781.353 0.000
 69.375000  69.416667 9 9    902.949    819.732    949.569 0.000
 69.416667  69.458333 9 9    964.590    943.955    978.408 0.000
 69.458333  69.500000 9 9    965.768    953.631    974.287 0.000
 69.500000  69.541667 9 9    921.671    912.454    929.326 0.000
 69.541667  69.583333 9 9    905.911    897.733    919.987 0.000
 69.583333  69.625000 9 9    938.139    899.679    985.259 0.000
 69.625000  69.666667 9 9   1053.928   1028.365   1065.869 0.000
 69.666667  69.708333 9 9   1121.334   1086.949   1161.478 0.000
 69.708333  69.750000 9 9   1145.198   1134.235   1153.748 0.000
 69.750000  69.791667 9 9   1133.232   1129.315   1135.848 0.000
 69.791667  69.833333 9 9   1138.224   1133.347   1143.077 0.000
 69.833333  69.875000 9 9   1171.090   1154.571   1198.463 0.000
 69.875000  69.916667 9 9   1285.074   1255.672   1354.044 0.000
 69.916667  69.958333 9 9   1445.792   1386.592   1496.227 0.000
 69.958333  70.000000 9 9   1477.505   1464.605   1491.069 0.000
 70.000000  70.041667 9 9   1487.323   1474.164   1494.079 0.000
 70.041667  70.083333 9 9   1547.636   1510.847   1584.791 0.000
 70.083333  70.125000 9 9   1625.587   1612.909   1637.724 0.000
 70.125000  70.166667 9 9   1604.303   1597.449   1616.681 0.000
 70.166667  70.208333 9 9   1577.497   1551.910   1593.734 0.000
 70.208333  70.250000 9 9   1559.754   1543.467   1584.075 0.000
 70.250000  70.291667 9 9   1599.254   1589.679   1609.191 0.000
 70.291667  70.333333 9 9   1570.734   1554.687   1586.615 0.000
 70.333333  70.375000 9 9   1584.965   1538.731   1595.542 0.000
 70.375000  70.416667 9 9   1597.612   1565.699   1601.363 0.000
 70.416667  70.458333 9 9   1594.636   1582.249   1605.007 0.000
 70.458333  70.500000 9 9   1595.649   1593.058   1600.094 0.000
 70.500000  70.541667 9 9   1585.039   1581.708   1590.140 0.000
 70.541667  70.583333 9 9   1530.811   1461.057   1574.124 0.000
 70.583333  70.625000 9 9    877.971    679.999   1286.969 0.000
 70.625000  70.666667 9 9    661.580    652.331    668.619 0.000
 70.666667  70.708333 9 9    593.258    463.858    680.348 0.000
 70.708333  70.750000 9 9    404.563    345.211    448.982 0.000
 70.750000  70.791667 9 9    317.159    295.726    331.042 0.000
 70.791667  70.833333 9 9    308.153    299.546    318.534 0.000
 70.833333  70.875000 9 9    323.994    318.724    332.634 0.000
 70.875000  70.916667 9 9    370.467    357.654    382.826 0.000
 70.916667  70.958333 9 9    376.349    359.552    387.811 0.000
 70.958333  71.000000 9 9    312.041    294.060    340.972 0.000
 71.000000  71.041667 9 9    283.633    281.706    286.057 0.000
 71.041667  71.083333 9 9    283.638    279.724    286.319 0.000
 71.083333  71.125000 9 9    280.654    274.266    285.724 0.000
 71.125000  71.166667 9 9    245.831    222.566    274.022 0.000
 71.166667  71.208333 9 9    213.194    199.948    226.693 0.000
 71.208333  71.250000 9 9    275.174    235.293    300.970 0.000
 71.250000  71.291667 9 9    287.161    268.361    304.028 0.000
 71.291667  71.333333 9 9    265.361    222.543    304.050 0.000
 71.333333  71.375000 9 9    275.047    220.426    359.617 0.000
 71.375000  71.416667 9 9    450.512    385.046    510.709 0.000
 71.416667  71.458333 9 9    523.765    485.655    557.070 0.000
 71.458333  71.500000 9 9    588.327    567.824    611.237 0.000
 71.500000  71.541667 9 9    802.173    651.685    958.577 0.000
 71.541667  71.583333 9 9   1061.374    873.600   1340.520 0.000
 71.583333  71.625000 9 9   1974.682   1526.989   2330.663 0.000
 71.625000  71.666667 9 9   2461.429   2333.734   2558.004 0.000
 71.666667  71.708333 9 9   2874.665   2577.650   3218.862 0.000
 71.708333  71.750000 9 9   3388.604   3323.228   3464.077 0.000
 71.750000  71.791667 9 9   3264.174   3181.646   3327.149 0.000
