RRS/FI0023R.20090101000000.20181114115100.cpc.particle_number_concentration.pm10.1y.1h.FI03L_CPC_VAR_01.FI03L_CPC.lev2.nas
50 1001
Kulmala, Markku
FI03L, University of Helsinki, UHEL, Division of Atmospheric Sciences, PO BOX 64, , FI-00014, University of Helsinki, Finland
Aalto, Pasi
GAW-WDCA
1 1
2009 01 01 2018 11 14
0.041667
days from file reference point
7
1 1 1 1 1 1 1
999.999999 9 9 99999.999 99999.999 999999.999 9.999
end_time of measurement, days from the file reference point
pressure, hPa, Location=instrument internal, Matrix=instrument, Measurement uncertainty=
temperature, K, Location=instrument internal, Matrix=instrument, Measurement uncertainty=
particle_number_concentration, 1/cm3
particle_number_concentration, 1/cm3, Statistics=percentile:15.87
particle_number_concentration, 1/cm3, Statistics=percentile:84.13
numflag, no unit
0
29
Data definition:              EBAS_1.1
Set type code:                TU
Timezone:                     UTC
File name:                    FI0023R.20090101000000.20181114115100.cpc.particle_number_concentration.pm10.1y.1h.FI03L_CPC_VAR_01.FI03L_CPC.lev2.nas
File creation:                20200622170803
Startdate:                    20090101000000
Revision date:                20181114115100
Statistics:                   arithmetic mean
Data level:                   2
Period code:                  1y
Resolution code:              1h
Station code:                 FI0023R
Platform code:                FI0023S
Station name:                 V�rri�
Station latitude:             67.766667
Station longitude:            29.583333
Station altitude:             400.0 m
Regime:                       IMG
Component:                    particle_number_concentration
Unit:                         1/cm3
Matrix:                       pm10
Instrument type:              cpc
Laboratory code:              FI03L
Instrument name:              CPC_VAR_01
Method ref:                   FI03L_CPC
Measurement uncertainty:      5.0 %
Originator:                   Kulmala, Markku, , , , , , , , , 
Submitter:                    Aalto, Pasi, , , , , , , , , 
starttime endtime P T particle_number_concentration particle_number_concentration particle_number_concentration flag
[from data line 2794]
116.416667 116.458333 9 9   303.427   239.905    462.678 0.000
116.458333 116.500000 9 9   257.262   254.832    259.336 0.000
116.500000 116.541667 9 9   264.339   261.429    268.321 0.000
116.541667 116.583333 9 9   273.146   270.098    276.619 0.000
116.583333 116.625000 9 9   278.200   275.979    281.201 0.000
116.625000 116.666667 9 9   270.030   266.801    278.404 0.000
116.666667 116.708333 9 9   277.547   267.167    284.339 0.000
116.708333 116.750000 9 9   284.693   280.867    289.538 0.000
116.750000 116.791667 9 9   273.184   267.413    277.399 0.000
116.791667 116.833333 9 9   263.145   260.722    265.732 0.000
116.833333 116.875000 9 9   245.305   223.923    260.519 0.000
116.875000 116.916667 9 9   256.341   253.809    258.125 0.000
116.916667 116.958333 9 9   242.551   218.124    261.244 0.000
116.958333 117.000000 9 9   260.895   258.217    262.787 0.000
117.000000 117.041667 9 9   305.779   251.585    404.431 0.000
117.041667 117.083333 9 9   621.990   556.752    707.726 0.000
117.083333 117.125000 9 9   624.272   557.997    680.431 0.000
117.125000 117.166667 9 9   608.498   599.229    624.283 0.000
117.166667 117.208333 9 9   772.519   509.795   1064.889 0.000
117.208333 117.250000 9 9  1098.117  1070.325   1130.604 0.000
117.250000 117.291667 9 9  1236.553  1142.630   1340.238 0.000
117.291667 117.333333 9 9  1244.865   709.928   1897.715 0.000
117.333333 117.375000 9 9   967.888   623.689   1167.660 0.000
117.375000 117.416667 9 9  1213.089   895.536   1455.190 0.000
117.416667 117.458333 9 9  1486.581  1002.521   2062.413 0.000
117.458333 117.500000 9 9   949.924   706.555   1397.906 0.000
117.500000 117.541667 9 9   633.198   580.488    676.683 0.000
117.541667 117.583333 9 9   585.521   568.356    614.203 0.000
117.583333 117.625000 9 9   624.947   615.103    641.826 0.000
117.625000 117.666667 9 9   680.970   662.312    708.674 0.000
117.666667 117.708333 9 9   882.723   750.202    967.119 0.000
117.708333 117.750000 9 9   936.125   931.130    943.081 0.000
117.750000 117.791667 9 9   845.056   764.878    937.317 0.000
117.791667 117.833333 9 9   727.996   702.138    751.413 0.000
117.833333 117.875000 9 9   626.853   577.119    675.364 0.000
117.875000 117.916667 9 9   518.184   496.446    543.979 0.000
117.916667 117.958333 9 9   445.018   419.007    487.359 0.000
117.958333 118.000000 9 9   420.253   417.691    423.323 0.000
118.000000 118.041667 9 9   372.739   331.373    419.515 0.000
118.041667 118.083333 9 9   366.576   362.917    374.525 0.000
118.083333 118.125000 9 9   389.235   372.078    403.576 0.000
118.125000 118.166667 9 9   348.762   303.442    394.402 0.000
118.166667 118.208333 9 9   313.175   295.302    341.246 0.000
118.208333 118.250000 9 9   279.689   273.725    287.452 0.000
118.250000 118.291667 9 9   263.963   260.784    268.081 0.000
118.291667 118.333333 9 9   258.774   252.387    267.279 0.000
118.333333 118.375000 9 9   260.004   249.402    270.655 0.000
118.375000 118.416667 9 9   244.258   227.792    261.828 0.000
118.416667 118.458333 9 9   216.643   206.859    225.948 0.000
118.458333 118.500000 9 9   229.447   225.506    232.976 0.000
118.500000 118.541667 9 9  1570.367   252.944   2475.238 0.000
118.541667 118.583333 9 9  2076.914  1515.770   2521.743 0.000
118.583333 118.625000 9 9   933.907   724.731   1203.534 0.000
118.625000 118.666667 9 9   523.542   462.022    593.511 0.000
118.666667 118.708333 9 9   381.924   318.829    431.765 0.000
118.708333 118.750000 9 9   288.432   281.807    299.947 0.000
118.750000 118.791667 9 9   307.640   297.473    314.045 0.000
118.791667 118.833333 9 9   295.340   290.434    300.115 0.000
118.833333 118.875000 9 9   287.135   256.745    313.288 0.000
118.875000 118.916667 9 9   282.949   274.909    291.089 0.000
118.916667 118.958333 9 9   302.817   239.833    391.958 0.000
118.958333 119.000000 9 9   771.770   680.498    893.444 0.000
119.000000 119.041667 9 9   507.241   375.996    680.376 0.000
119.041667 119.083333 9 9   306.563   296.734    317.783 0.000
119.083333 119.125000 9 9   269.380   244.949    291.195 0.000
119.125000 119.166667 9 9   284.007   250.312    301.537 0.000
119.166667 119.208333 9 9   312.920   271.250    361.119 0.000
119.208333 119.250000 9 9   500.804   381.220    664.121 0.000
119.250000 119.291667 9 9   655.582   618.665    722.427 0.000
119.291667 119.333333 9 9   693.321   633.236    751.432 0.000
119.333333 119.375000 9 9   716.283   662.825    749.950 0.000
119.375000 119.416667 9 9   601.723   592.612    620.380 0.000
119.416667 119.458333 9 9   597.270   577.129    612.342 0.000
119.458333 119.500000 9 9   638.531   563.114    751.476 0.000
119.500000 119.541667 9 9  1099.226   737.112   1385.610 0.000
119.541667 119.583333 9 9  1055.036   897.677   1276.475 0.000
119.583333 119.625000 9 9  1040.992   903.427   1129.253 0.000
119.625000 119.666667 9 9  1046.201   954.534   1107.149 0.000
119.666667 119.708333 9 9   865.748   819.181    911.117 0.000
119.708333 119.750000 9 9   795.353   783.831    807.641 0.000
119.750000 119.791667 9 9   760.441   749.912    771.617 0.000
119.791667 119.833333 9 9   751.322   748.187    755.936 0.000
119.833333 119.875000 9 9   768.981   761.491    776.031 0.000
119.875000 119.916667 9 9   805.017   776.511    828.046 0.000
119.916667 119.958333 9 9   858.569   837.166    879.979 0.000
119.958333 120.000000 9 9   894.375   886.409    909.217 0.000
120.000000 120.041667 9 9   929.605   920.456    936.165 0.000
120.041667 120.083333 9 9   960.560   945.842    977.625 0.000
120.083333 120.125000 9 9   983.399   970.386    999.473 0.000
120.125000 120.166667 9 9   981.433   977.303    986.378 0.000
120.166667 120.208333 9 9   986.914   978.091    992.578 0.000
120.208333 120.250000 9 9   949.475   938.333    963.487 0.000
120.250000 120.291667 9 9  1033.887   962.124   1089.564 0.000
120.291667 120.333333 9 9  1117.768  1101.345   1131.811 0.000
120.333333 120.375000 9 9  1009.631   961.289   1085.554 0.000
120.375000 120.416667 9 9  1023.206   996.324   1037.894 0.000
120.416667 120.458333 9 9  1034.758  1028.250   1043.294 0.000
120.458333 120.500000 9 9   956.099   898.880   1023.535 0.000
120.500000 120.541667 9 9   904.397   887.748    925.782 0.000
120.541667 120.583333 9 9  1048.519  1006.867   1112.903 0.000
120.583333 120.625000 9 9  1260.130  1205.808   1297.511 0.000
120.625000 120.666667 9 9  1220.960  1189.441   1273.624 0.000
120.666667 120.708333 9 9  1133.957  1102.297   1160.080 0.000
120.708333 120.750000 9 9  1135.351  1120.839   1152.616 0.000
120.750000 120.791667 9 9  1130.693  1119.450   1136.876 0.000
120.791667 120.833333 9 9  1102.455  1072.313   1143.783 0.000
120.833333 120.875000 9 9   996.330   966.153   1019.605 0.000
120.875000 120.916667 9 9   940.730   903.927    961.857 0.000
120.916667 120.958333 9 9   842.619   817.099    876.230 0.000
120.958333 121.000000 9 9   824.526   818.452    832.720 0.000
121.000000 121.041667 9 9   845.724   841.673    850.172 0.000
121.041667 121.083333 9 9   849.681   840.228    866.555 0.000
121.083333 121.125000 9 9   887.841   878.381    894.675 0.000
121.125000 121.166667 9 9   903.925   889.436    917.991 0.000
121.166667 121.208333 9 9   910.974   901.428    922.663 0.000
121.208333 121.250000 9 9   926.191   882.930    966.493 0.000
121.250000 121.291667 9 9 99999.999 99999.999 999999.999 0.999
121.291667 121.333333 9 9  1228.459   934.144   2015.674 0.000
121.333333 121.375000 9 9   940.860   933.990    956.099 0.000
121.375000 121.416667 9 9   883.525   877.526    889.353 0.000
121.416667 121.458333 9 9   891.878   873.273    914.224 0.000
121.458333 121.500000 9 9   949.603   922.585    992.389 0.000
121.500000 121.541667 9 9  1021.419  1003.050   1039.645 0.000
121.541667 121.583333 9 9  1009.600   984.974   1034.814 0.000
121.583333 121.625000 9 9  1008.196   995.579   1015.569 0.000
121.625000 121.666667 9 9  1000.055   991.904   1008.650 0.000
121.666667 121.708333 9 9   994.069   976.168   1014.851 0.000
121.708333 121.750000 9 9   944.312   919.850    969.382 0.000
121.750000 121.791667 9 9   985.624   953.383   1017.972 0.000
121.791667 121.833333 9 9   974.905   969.359    985.836 0.000
121.833333 121.875000 9 9  1002.653   971.001   1023.233 0.000
121.875000 121.916667 9 9  1064.526  1020.799   1092.972 0.000
121.916667 121.958333 9 9  1102.051  1069.166   1156.761 0.000
121.958333 122.000000 9 9  1266.174  1201.262   1328.854 0.000
122.000000 122.041667 9 9  1341.228  1281.003   1373.452 0.000
122.041667 122.083333 9 9  1268.921  1257.585   1287.167 0.000
122.083333 122.125000 9 9  1324.132  1289.143   1343.465 0.000
122.125000 122.166667 9 9  1357.146  1340.248   1372.331 0.000
122.166667 122.208333 9 9  1226.008  1212.352   1234.481 0.000
122.208333 122.250000 9 9  1239.993  1203.784   1284.520 0.000
122.250000 122.291667 9 9  1243.743  1227.463   1268.700 0.000
122.291667 122.333333 9 9  1315.962  1258.057   1345.027 0.000
122.333333 122.375000 9 9  1306.386  1288.574   1322.764 0.000
122.375000 122.416667 9 9  1385.486  1232.879   1588.558 0.000
122.416667 122.458333 9 9  1496.012  1243.295   1849.964 0.000
122.458333 122.500000 9 9  1257.213  1211.919   1341.218 0.000
122.500000 122.541667 9 9  1443.720  1212.916   1680.681 0.000
122.541667 122.583333 9 9  2158.900  1794.226   2423.431 0.000
122.583333 122.625000 9 9  1762.271  1611.929   1915.085 0.000
122.625000 122.666667 9 9  1695.424  1537.404   1812.054 0.000
122.666667 122.708333 9 9  1117.549   953.785   1343.953 0.000
122.708333 122.750000 9 9   836.485   790.965    883.761 0.000
122.750000 122.791667 9 9   716.689   667.459    763.743 0.000
122.791667 122.833333 9 9   653.053   648.392    657.441 0.000
122.833333 122.875000 9 9   660.179   652.259    669.053 0.000
122.875000 122.916667 9 9   688.297   658.164    712.950 0.000
122.916667 122.958333 9 9   566.895   438.813    690.866 0.000
122.958333 123.000000 9 9   220.891   107.598    335.100 0.000
123.000000 123.041667 9 9    59.059    52.595     70.984 0.000
123.041667 123.083333 9 9    54.768    51.783     57.386 0.000
123.083333 123.125000 9 9    66.435    57.452     73.394 0.000
123.125000 123.166667 9 9    93.940    80.907    105.222 0.000
123.166667 123.208333 9 9   112.684   108.706    117.157 0.000
123.208333 123.250000 9 9   122.389   120.041    124.655 0.000
123.250000 123.291667 9 9   125.276   117.009    141.568 0.000
123.291667 123.333333 9 9   157.149   150.364    163.672 0.000
123.333333 123.375000 9 9   164.683   156.972    169.568 0.000
123.375000 123.416667 9 9   195.371   152.503    236.768 0.000
123.416667 123.458333 9 9   157.555   145.210    178.650 0.000
123.458333 123.500000 9 9   149.642   145.836    153.220 0.000
123.500000 123.541667 9 9   182.479   161.871    211.425 0.000
123.541667 123.583333 9 9   203.278   196.429    212.894 0.000
123.583333 123.625000 9 9   222.060   200.946    244.931 0.000
123.625000 123.666667 9 9   239.011   232.019    248.048 0.000
123.666667 123.708333 9 9   293.353   286.180    311.009 0.000
123.708333 123.750000 9 9   287.252   278.894    291.794 0.000
123.750000 123.791667 9 9   286.715   278.137    305.922 0.000
123.791667 123.833333 9 9   296.748   291.534    301.722 0.000
123.833333 123.875000 9 9   315.788   299.239    324.734 0.000
123.875000 123.916667 9 9   354.726   332.105    394.152 0.000
123.916667 123.958333 9 9   430.318   412.841    442.596 0.000
123.958333 124.000000 9 9   426.139   380.286    492.382 0.000
124.000000 124.041667 9 9   261.625   202.597    348.088 0.000
124.041667 124.083333 9 9   162.049   134.811    203.867 0.000
124.083333 124.125000 9 9    95.210    87.958    100.352 0.000
124.125000 124.166667 9 9    81.753    66.750     93.589 0.000
124.166667 124.208333 9 9   129.478   115.800    145.727 0.000
124.208333 124.250000 9 9   182.584   151.135    198.054 0.000
124.250000 124.291667 9 9   194.262   184.477    202.433 0.000
124.291667 124.333333 9 9   205.884   187.809    233.023 0.000
124.333333 124.375000 9 9   341.248   311.991    363.817 0.000
124.375000 124.416667 9 9   441.124   398.591    495.338 0.000
124.416667 124.458333 9 9   745.759   530.931   1008.980 0.000
124.458333 124.500000 9 9  1227.898  1180.674   1280.716 0.000
124.500000 124.541667 9 9  1302.775  1204.346   1401.119 0.000
124.541667 124.583333 9 9   905.686   784.117   1068.512 0.000
124.583333 124.625000 9 9   928.091   831.651   1001.446 0.000
124.625000 124.666667 9 9  1037.041  1015.349   1072.238 0.000
124.666667 124.708333 9 9  1012.800   962.190   1074.235 0.000
124.708333 124.750000 9 9   879.080   849.737    917.105 0.000
124.750000 124.791667 9 9   851.816   841.438    859.741 0.000
124.791667 124.833333 9 9   856.935   839.067    868.548 0.000
124.833333 124.875000 9 9   843.448   821.323    853.319 0.000
124.875000 124.916667 9 9   797.692   775.464    809.716 0.000
124.916667 124.958333 9 9   757.386   749.319    765.670 0.000
124.958333 125.000000 9 9   735.723   723.865    745.321 0.000
125.000000 125.041667 9 9   724.993   716.785    733.790 0.000
125.041667 125.083333 9 9   681.618   617.439    744.610 0.000
125.083333 125.125000 9 9   826.826   811.491    835.394 0.000
125.125000 125.166667 9 9   840.455   825.896    859.051 0.000
125.166667 125.208333 9 9   802.070   714.418    868.221 0.000
125.208333 125.250000 9 9  1021.618   959.112   1106.288 0.000
125.250000 125.291667 9 9  1016.886   897.218   1188.379 0.000
125.291667 125.333333 9 9   947.848   919.675    996.581 0.000
125.333333 125.375000 9 9  1111.606  1003.117   1224.829 0.000
125.375000 125.416667 9 9   919.807   861.877    992.913 0.000
125.416667 125.458333 9 9   825.673   777.849    863.298 0.000
125.458333 125.500000 9 9   866.197   765.835   1031.331 0.000
125.500000 125.541667 9 9  1117.829  1001.973   1197.630 0.000
125.541667 125.583333 9 9  1987.041  1228.274   2884.395 0.000
125.583333 125.625000 9 9  2211.169  1149.728   3077.726 0.000
125.625000 125.666667 9 9   600.819   504.271    734.042 0.000
125.666667 125.708333 9 9   438.286   402.096    463.229 0.000
125.708333 125.750000 9 9   284.805   230.422    338.603 0.000
125.750000 125.791667 9 9   204.425   192.297    213.144 0.000
125.791667 125.833333 9 9   184.736   176.321    194.208 0.000
125.833333 125.875000 9 9   214.629   206.802    221.040 0.000
125.875000 125.916667 9 9   252.459   226.428    269.968 0.000
125.916667 125.958333 9 9   201.193   155.371    250.970 0.000
125.958333 126.000000 9 9   138.221   131.304    147.230 0.000
126.000000 126.041667 9 9   167.854   151.460    178.958 0.000
126.041667 126.083333 9 9   138.987   119.602    154.107 0.000
126.083333 126.125000 9 9   203.713   162.146    248.819 0.000
126.125000 126.166667 9 9   297.798   286.540    308.912 0.000
126.166667 126.208333 9 9   316.947   281.859    337.232 0.000
126.208333 126.250000 9 9   243.629   234.440    255.776 0.000
126.250000 126.291667 9 9   260.466   244.406    278.595 0.000
126.291667 126.333333 9 9   312.360   286.854    330.533 0.000
126.333333 126.375000 9 9   416.424   376.037    473.406 0.000
126.375000 126.416667 9 9   512.165   455.363    548.765 0.000
126.416667 126.458333 9 9   513.274   492.679    543.113 0.000
126.458333 126.500000 9 9   503.695   479.678    535.131 0.000
126.500000 126.541667 9 9   651.841   436.228   1119.938 0.000
126.541667 126.583333 9 9   475.958   450.802    487.840 0.000
126.583333 126.625000 9 9   431.763   392.774    473.860 0.000
126.625000 126.666667 9 9   440.417   433.684    451.660 0.000
126.666667 126.708333 9 9   439.192   373.745    472.943 0.000
126.708333 126.750000 9 9   353.296   336.038    379.691 0.000
126.750000 126.791667 9 9   389.148   331.831    482.786 0.000
126.791667 126.833333 9 9   587.205   524.117    644.344 0.000
126.833333 126.875000 9 9   631.736   623.309    645.600 0.000
126.875000 126.916667 9 9   635.754   624.007    650.162 0.000
126.916667 126.958333 9 9   727.725   671.325    810.950 0.000
