RRS/FI0096G.20100101000000.20160713000000.chemiluminescence_photolytic.nitrogen_dioxide.air.5y.1h.FI01L_chemilum_96.FI01L_chemilum..nas
52 1001
Hakola, Hannele
FI01L, Finnish Meteorological Institute, FMI, Atmospheric Composition Unit, Erik Palm�nin aukio, , FI-00560, Helsinki, Finland
Vestenius, Mika
EMEP
1 1
2010 01 01 2016 07 13
0
days from file reference point
3
1 1 1
9999.999999 99.999 9.999
end_time of measurement, days from the file reference point
nitrogen_dioxide, ug N/m3
numflag nitrogen_dioxide, no unit
0
35
Data definition:              EBAS_1.1
Set type code:                TI
Timezone:                     UTC
File name:                    FI0096G.20100101000000.20160713000000.chemiluminescence_photolytic.nitrogen_dioxide.air.5y.1h.FI01L_chemilum_96.FI01L_chemilum..nas
File creation:                20200622172250
Startdate:                    20100101000000
Revision date:                20160713000000
Statistics:                   arithmetic mean
Data level:                   
Period code:                  5y
Resolution code:              1h
Station code:                 FI0096G
Platform code:                FI0096S
Station name:                 Pallas (Sammaltunturi)
Station WDCA-ID:              GAWAFI__PAL
Station GAW-ID:               PAL
Station GAW-Name:             Pallas
Station land use:             Forest
Station setting:              Rural
Station GAW type:             G
Station WMO region:           6
Station latitude:             67.973333333
Station longitude:            24.116111111
Station altitude:             565.0 m
Regime:                       IMG
Component:                    nitrogen_dioxide
Unit:                         ug N/m3
Matrix:                       air
Instrument type:              chemiluminescence_photolytic
Laboratory code:              FI01L
Instrument name:              chemilum_96
Method ref:                   FI01L_chemilum
Originator:                   Hakola, Hannele, , , , , , , , , 
Submitter:                    Vestenius, Mika, mika.vestenius@fmi.fi, Finnish Meteorological Institute, FMI, Atmospheric Composion Unit, FMI, Erik Palm�nin aukio, FI-00560, Helsinki, Finland
starttime endtime NO2 flag_NO2
[from data line 2163]
  90.125000   90.166667  0.399 0.000
  90.166667   90.208333  0.335 0.000
  90.208333   90.250000  0.317 0.000
  90.250000   90.291667  0.283 0.000
  90.291667   90.333333  0.283 0.000
  90.333333   90.375000  0.292 0.000
  90.375000   90.416667  0.274 0.000
  90.416667   90.458333  0.289 0.000
  90.458333   90.500000  0.314 0.000
  90.500000   90.541667  0.335 0.000
  90.541667   90.583333  0.362 0.000
  90.583333   90.625000  0.405 0.000
  90.625000   90.666667  0.429 0.000
  90.666667   90.708333  0.429 0.000
  90.708333   90.750000  0.469 0.000
  90.750000   90.791667  0.478 0.000
  90.791667   90.833333  0.417 0.000
  90.833333   90.875000  0.423 0.000
  90.875000   90.916667  0.515 0.000
  90.916667   90.958333 99.999 0.999
  90.958333   91.000000  0.435 0.000
  91.000000   91.041667  0.487 0.000
  91.041667   91.083333  0.679 0.000
  91.083333   91.125000  0.798 0.000
  91.125000   91.166667  0.709 0.000
  91.166667   91.208333  0.655 0.000
  91.208333   91.250000  0.676 0.000
  91.250000   91.291667  0.645 0.000
  91.291667   91.333333  0.773 0.000
  91.333333   91.375000  0.752 0.000
  91.375000   91.416667  0.764 0.000
  91.416667   91.458333  0.746 0.000
  91.458333   91.500000  0.722 0.000
  91.500000   91.541667  0.700 0.000
  91.541667   91.583333  0.804 0.000
  91.583333   91.625000  0.691 0.000
  91.625000   91.666667  0.609 0.000
  91.666667   91.708333  0.588 0.000
  91.708333   91.750000  0.563 0.000
  91.750000   91.791667  0.588 0.000
  91.791667   91.833333  0.527 0.000
  91.833333   91.875000  0.490 0.000
  91.875000   91.916667  0.469 0.000
  91.916667   91.958333  0.432 0.000
  91.958333   92.000000  0.405 0.000
  92.000000   92.041667  0.387 0.000
  92.041667   92.083333  0.341 0.000
  92.083333   92.125000  0.317 0.000
  92.125000   92.166667  0.298 0.000
  92.166667   92.208333  0.283 0.000
  92.208333   92.250000  0.277 0.000
  92.250000   92.291667  0.268 0.000
  92.291667   92.333333  0.265 0.000
  92.333333   92.375000  0.265 0.000
  92.375000   92.416667  0.277 0.000
  92.416667   92.458333  0.304 0.000
  92.458333   92.500000  0.286 0.000
  92.500000   92.541667  0.317 0.000
  92.541667   92.583333  0.362 0.000
  92.583333   92.625000  0.399 0.000
  92.625000   92.666667  0.441 0.000
  92.666667   92.708333  0.469 0.000
  92.708333   92.750000  0.463 0.000
  92.750000   92.791667  0.499 0.000
  92.791667   92.833333  0.533 0.000
  92.833333   92.875000  0.524 0.000
  92.875000   92.916667  0.527 0.000
  92.916667   92.958333  0.515 0.000
  92.958333   93.000000  0.484 0.000
  93.000000   93.041667  0.429 0.000
  93.041667   93.083333  0.429 0.000
  93.083333   93.125000  0.429 0.000
  93.125000   93.166667  0.441 0.000
  93.166667   93.208333  0.445 0.000
  93.208333   93.250000  0.402 0.000
  93.250000   93.291667  0.381 0.000
  93.291667   93.333333  0.405 0.000
  93.333333   93.375000  0.411 0.000
  93.375000   93.416667  0.405 0.000
  93.416667   93.458333  0.396 0.000
  93.458333   93.500000  0.384 0.000
  93.500000   93.541667  0.371 0.000
  93.541667   93.583333  0.362 0.000
  93.583333   93.625000  0.359 0.000
  93.625000   93.666667  0.362 0.000
  93.666667   93.708333  0.359 0.000
  93.708333   93.750000  0.338 0.000
  93.750000   93.791667  0.335 0.000
  93.791667   93.833333  0.308 0.000
  93.833333   93.875000  0.280 0.000
  93.875000   93.916667  0.274 0.000
  93.916667   93.958333  0.265 0.000
  93.958333   94.000000  0.259 0.000
  94.000000   94.041667  0.253 0.000
  94.041667   94.083333  0.250 0.000
  94.083333   94.125000  0.250 0.000
  94.125000   94.166667  0.237 0.000
  94.166667   94.208333  0.228 0.000
  94.208333   94.250000  0.228 0.000
  94.250000   94.291667  0.228 0.000
  94.291667   94.333333  0.234 0.000
  94.333333   94.375000  0.231 0.000
  94.375000   94.416667  0.225 0.000
  94.416667   94.458333  0.237 0.000
  94.458333   94.500000  0.244 0.000
  94.500000   94.541667  0.241 0.000
  94.541667   94.583333  0.247 0.000
  94.583333   94.625000  0.244 0.000
  94.625000   94.666667  0.244 0.000
  94.666667   94.708333  0.228 0.000
  94.708333   94.750000  0.222 0.000
  94.750000   94.791667  0.216 0.000
  94.791667   94.833333  0.204 0.000
  94.833333   94.875000  0.195 0.000
  94.875000   94.916667  0.186 0.000
  94.916667   94.958333 99.999 0.999
  94.958333   95.000000  0.213 0.000
  95.000000   95.041667  0.210 0.000
  95.041667   95.083333  0.207 0.000
  95.083333   95.125000  0.213 0.000
  95.125000   95.166667  0.219 0.000
  95.166667   95.208333  0.201 0.000
  95.208333   95.250000  0.207 0.000
  95.250000   95.291667  0.222 0.000
  95.291667   95.333333  0.210 0.000
  95.333333   95.375000  0.213 0.000
  95.375000   95.416667  0.222 0.000
  95.416667   95.458333  0.234 0.000
  95.458333   95.500000  0.247 0.000
  95.500000   95.541667  0.247 0.000
  95.541667   95.583333  0.241 0.000
  95.583333   95.625000  0.241 0.000
  95.625000   95.666667  0.247 0.000
  95.666667   95.708333  0.259 0.000
  95.708333   95.750000  0.256 0.000
  95.750000   95.791667  0.253 0.000
  95.791667   95.833333  0.253 0.000
  95.833333   95.875000  0.250 0.000
  95.875000   95.916667  0.247 0.000
  95.916667   95.958333  0.244 0.000
  95.958333   96.000000  0.244 0.000
  96.000000   96.041667  0.247 0.000
  96.041667   96.083333  0.250 0.000
  96.083333   96.125000  0.250 0.000
  96.125000   96.166667  0.244 0.000
  96.166667   96.208333  0.244 0.000
  96.208333   96.250000  0.250 0.000
  96.250000   96.291667  0.234 0.000
  96.291667   96.333333  0.237 0.000
  96.333333   96.375000  0.237 0.000
  96.375000   96.416667  0.237 0.000
  96.416667   96.458333  0.241 0.000
  96.458333   96.500000  0.237 0.000
  96.500000   96.541667  0.241 0.000
  96.541667   96.583333  0.247 0.000
  96.583333   96.625000  0.237 0.000
  96.625000   96.666667  0.234 0.000
  96.666667   96.708333  0.231 0.000
  96.708333   96.750000  0.231 0.000
  96.750000   96.791667  0.225 0.000
  96.791667   96.833333  0.219 0.000
  96.833333   96.875000  0.210 0.000
  96.875000   96.916667  0.210 0.000
  96.916667   96.958333  0.201 0.000
  96.958333   97.000000  0.192 0.000
  97.000000   97.041667  0.192 0.000
  97.041667   97.083333  0.195 0.000
  97.083333   97.125000  0.183 0.000
  97.125000   97.166667  0.174 0.000
  97.166667   97.208333  0.171 0.000
  97.208333   97.250000  0.174 0.000
  97.250000   97.291667  0.201 0.000
  97.291667   97.333333  0.216 0.000
  97.333333   97.375000  0.204 0.000
  97.375000   97.416667  0.210 0.000
  97.416667   97.458333  0.231 0.000
  97.458333   97.500000  0.244 0.000
  97.500000   97.541667  0.268 0.000
  97.541667   97.583333  0.268 0.000
  97.583333   97.625000  0.283 0.000
  97.625000   97.666667  0.295 0.000
  97.666667   97.708333  0.308 0.000
  97.708333   97.750000  0.298 0.000
  97.750000   97.791667  0.308 0.000
  97.791667   97.833333  0.320 0.000
  97.833333   97.875000  0.326 0.000
  97.875000   97.916667  0.350 0.000
  97.916667   97.958333  0.396 0.000
  97.958333   98.000000  0.381 0.000
  98.000000   98.041667  0.368 0.000
  98.041667   98.083333  0.353 0.000
  98.083333   98.125000  0.435 0.000
  98.125000   98.166667  0.423 0.000
  98.166667   98.208333  0.387 0.000
  98.208333   98.250000  0.344 0.000
  98.250000   98.291667  0.304 0.000
  98.291667   98.333333  0.301 0.000
  98.333333   98.375000  0.241 0.000
  98.375000   98.416667  0.244 0.000
  98.416667   98.458333  0.247 0.000
  98.458333   98.500000  0.268 0.000
  98.500000   98.541667  0.304 0.000
  98.541667   98.583333  0.304 0.000
  98.583333   98.625000  0.332 0.000
  98.625000   98.666667  0.353 0.000
  98.666667   98.708333  0.368 0.000
  98.708333   98.750000  0.371 0.000
  98.750000   98.791667  0.347 0.000
  98.791667   98.833333  0.298 0.000
  98.833333   98.875000  0.277 0.000
  98.875000   98.916667  0.280 0.000
  98.916667   98.958333 99.999 0.999
  98.958333   99.000000  0.277 0.000
  99.000000   99.041667  0.253 0.000
  99.041667   99.083333  0.234 0.000
  99.083333   99.125000  0.225 0.000
  99.125000   99.166667  0.213 0.000
  99.166667   99.208333  0.198 0.000
  99.208333   99.250000  0.189 0.000
  99.250000   99.291667  0.186 0.000
  99.291667   99.333333  0.192 0.000
  99.333333   99.375000  0.189 0.000
  99.375000   99.416667  0.201 0.000
  99.416667   99.458333  0.207 0.000
  99.458333   99.500000  0.216 0.000
  99.500000   99.541667  0.195 0.000
  99.541667   99.583333  0.201 0.000
  99.583333   99.625000  0.219 0.000
  99.625000   99.666667  0.222 0.000
  99.666667   99.708333  0.192 0.000
  99.708333   99.750000  0.195 0.000
  99.750000   99.791667  0.192 0.000
  99.791667   99.833333  0.210 0.000
  99.833333   99.875000  0.237 0.000
  99.875000   99.916667  0.237 0.000
  99.916667   99.958333  0.189 0.000
  99.958333  100.000000  0.174 0.000
 100.000000  100.041667  0.171 0.000
 100.041667  100.083333  0.146 0.000
 100.083333  100.125000  0.116 0.000
 100.125000  100.166667  0.149 0.000
 100.166667  100.208333  0.113 0.000
 100.208333  100.250000  0.107 0.000
 100.250000  100.291667  0.110 0.000
 100.291667  100.333333  0.119 0.000
 100.333333  100.375000  0.137 0.000
 100.375000  100.416667  0.134 0.000
 100.416667  100.458333  0.122 0.000
 100.458333  100.500000  0.107 0.000
 100.500000  100.541667  0.076 0.000
 100.541667  100.583333  0.073 0.000
 100.583333  100.625000  0.079 0.000
 100.625000  100.666667  0.085 0.000
 100.666667  100.708333  0.085 0.000
 100.708333  100.750000  0.088 0.000
 100.750000  100.791667  0.094 0.000
 100.791667  100.833333  0.097 0.000
 100.833333  100.875000  0.125 0.000
 100.875000  100.916667  0.192 0.000
 100.916667  100.958333  0.247 0.000
 100.958333  101.000000  0.268 0.000
 101.000000  101.041667  0.274 0.000
 101.041667  101.083333  0.259 0.000
 101.083333  101.125000  0.268 0.000
 101.125000  101.166667  0.268 0.000
 101.166667  101.208333  0.262 0.000
 101.208333  101.250000  0.256 0.000
 101.250000  101.291667  0.268 0.000
 101.291667  101.333333  0.256 0.000
 101.333333  101.375000  0.247 0.000
 101.375000  101.416667  0.216 0.000
 101.416667  101.458333  0.186 0.000
 101.458333  101.500000  0.183 0.000
 101.500000  101.541667  0.171 0.000
 101.541667  101.583333  0.171 0.000
 101.583333  101.625000  0.174 0.000
 101.625000  101.666667  0.149 0.000
 101.666667  101.708333  0.134 0.000
 101.708333  101.750000  0.137 0.000
 101.750000  101.791667  0.195 0.000
 101.791667  101.833333  0.167 0.000
 101.833333  101.875000  0.155 0.000
 101.875000  101.916667  0.161 0.000
 101.916667  101.958333  0.183 0.000
 101.958333  102.000000  0.204 0.000
 102.000000  102.041667  0.177 0.000
 102.041667  102.083333  0.128 0.000
 102.083333  102.125000  0.134 0.000
 102.125000  102.166667  0.082 0.000
 102.166667  102.208333  0.061 0.000
 102.208333  102.250000  0.070 0.000
 102.250000  102.291667  0.067 0.000
 102.291667  102.333333  0.058 0.000
 102.333333  102.375000  0.046 0.000
 102.375000  102.416667  0.061 0.000
 102.416667  102.458333  0.070 0.000
 102.458333  102.500000  0.076 0.000
 102.500000  102.541667  0.079 0.000
 102.541667  102.583333  0.085 0.000
 102.583333  102.625000  0.076 0.000
 102.625000  102.666667  0.085 0.000
 102.666667  102.708333  0.085 0.000
 102.708333  102.750000  0.085 0.000
 102.750000  102.791667  0.079 0.000
 102.791667  102.833333  0.073 0.000
 102.833333  102.875000  0.073 0.000
 102.875000  102.916667  0.076 0.000
 102.916667  102.958333 99.999 0.999
 102.958333  103.000000  0.094 0.000
 103.000000  103.041667  0.073 0.000
 103.041667  103.083333  0.061 0.000
 103.083333  103.125000  0.058 0.000
 103.125000  103.166667  0.058 0.000
 103.166667  103.208333  0.055 0.000
 103.208333  103.250000  0.046 0.000
 103.250000  103.291667  0.061 0.000
 103.291667  103.333333  0.104 0.000
 103.333333  103.375000  0.058 0.000
 103.375000  103.416667  0.076 0.000
 103.416667  103.458333  0.064 0.000
 103.458333  103.500000  0.061 0.000
 103.500000  103.541667  0.064 0.000
 103.541667  103.583333  0.082 0.000
 103.583333  103.625000  0.082 0.000
 103.625000  103.666667  0.079 0.000
 103.666667  103.708333  0.128 0.000
 103.708333  103.750000  0.104 0.000
 103.750000  103.791667  0.097 0.000
 103.791667  103.833333  0.100 0.000
 103.833333  103.875000  0.091 0.000
 103.875000  103.916667  0.091 0.000
 103.916667  103.958333  0.091 0.000
 103.958333  104.000000  0.107 0.000
 104.000000  104.041667  0.110 0.000
 104.041667  104.083333  0.152 0.000
 104.083333  104.125000  0.213 0.000
 104.125000  104.166667  0.219 0.000
 104.166667  104.208333  0.225 0.000
 104.208333  104.250000  0.207 0.000
 104.250000  104.291667  0.146 0.000
 104.291667  104.333333  0.161 0.000
 104.333333  104.375000  0.122 0.000
 104.375000  104.416667  0.104 0.000
 104.416667  104.458333  0.091 0.000
 104.458333  104.500000  0.085 0.000
 104.500000  104.541667  0.097 0.000
 104.541667  104.583333  0.097 0.000
 104.583333  104.625000  0.119 0.000
 104.625000  104.666667  0.107 0.000
 104.666667  104.708333  0.076 0.000
 104.708333  104.750000  0.073 0.000
 104.750000  104.791667  0.076 0.000
 104.791667  104.833333  0.073 0.000
 104.833333  104.875000  0.067 0.000
 104.875000  104.916667  0.067 0.000
 104.916667  104.958333  0.064 0.000
 104.958333  105.000000  0.058 0.000
 105.000000  105.041667  0.073 0.000
 105.041667  105.083333  0.076 0.000
 105.083333  105.125000  0.073 0.000
 105.125000  105.166667  0.076 0.000
 105.166667  105.208333  0.088 0.000
 105.208333  105.250000  0.073 0.000
 105.250000  105.291667  0.064 0.000
 105.291667  105.333333  0.070 0.000
 105.333333  105.375000  0.067 0.000
 105.375000  105.416667  0.079 0.000
 105.416667  105.458333  0.079 0.000
 105.458333  105.500000  0.085 0.000
 105.500000  105.541667  0.079 0.000
 105.541667  105.583333  0.079 0.000
 105.583333  105.625000  0.082 0.000
 105.625000  105.666667  0.091 0.000
 105.666667  105.708333  0.100 0.000
 105.708333  105.750000  0.104 0.000
 105.750000  105.791667  0.113 0.000
 105.791667  105.833333  0.119 0.000
 105.833333  105.875000  0.125 0.000
 105.875000  105.916667  0.119 0.000
 105.916667  105.958333  0.134 0.000
 105.958333  106.000000  0.134 0.000
 106.000000  106.041667  0.125 0.000
 106.041667  106.083333  0.140 0.000
 106.083333  106.125000  0.125 0.000
 106.125000  106.166667  0.152 0.000
 106.166667  106.208333  0.146 0.000
 106.208333  106.250000  0.143 0.000
 106.250000  106.291667  0.131 0.000
 106.291667  106.333333  0.128 0.000
 106.333333  106.375000  0.122 0.000
 106.375000  106.416667  0.104 0.000
 106.416667  106.458333  0.088 0.000
 106.458333  106.500000  0.067 0.000
 106.500000  106.541667  0.067 0.000
 106.541667  106.583333  0.073 0.000
 106.583333  106.625000  0.082 0.000
 106.625000  106.666667  0.100 0.000
 106.666667  106.708333  0.104 0.000
 106.708333  106.750000  0.107 0.000
 106.750000  106.791667  0.107 0.000
 106.791667  106.833333  0.113 0.000
 106.833333  106.875000  0.116 0.000
 106.875000  106.916667  0.119 0.000
 106.916667  106.958333 99.999 0.999
 106.958333  107.000000  0.143 0.000
 107.000000  107.041667  0.128 0.000
 107.041667  107.083333  0.146 0.000
 107.083333  107.125000  0.158 0.000
 107.125000  107.166667  0.171 0.000
 107.166667  107.208333  0.167 0.000
 107.208333  107.250000  0.131 0.000
 107.250000  107.291667  0.128 0.000
 107.291667  107.333333  0.125 0.000
 107.333333  107.375000  0.128 0.000
 107.375000  107.416667  0.128 0.000
 107.416667  107.458333  0.122 0.000
 107.458333  107.500000  0.122 0.000
 107.500000  107.541667  0.116 0.000
 107.541667  107.583333  0.113 0.000
 107.583333  107.625000  0.100 0.000
 107.625000  107.666667  0.091 0.000
 107.666667  107.708333  0.097 0.000
 107.708333  107.750000  0.100 0.000
 107.750000  107.791667  0.104 0.000
 107.791667  107.833333  0.107 0.000
 107.833333  107.875000  0.100 0.000
 107.875000  107.916667  0.097 0.000
 107.916667  107.958333  0.104 0.000
 107.958333  108.000000  0.100 0.000
 108.000000  108.041667  0.104 0.000
 108.041667  108.083333  0.104 0.000
