RRS/FI0096G.20100101000000.20160713000000.chemiluminescence_photolytic.nitrogen_dioxide.air.5y.1h.FI01L_chemilum_96.FI01L_chemilum..nas
52 1001
Hakola, Hannele
FI01L, Finnish Meteorological Institute, FMI, Atmospheric Composition Unit, Erik Palm�nin aukio, , FI-00560, Helsinki, Finland
Vestenius, Mika
EMEP
1 1
2010 01 01 2016 07 13
0
days from file reference point
3
1 1 1
9999.999999 99.999 9.999
end_time of measurement, days from the file reference point
nitrogen_dioxide, ug N/m3
numflag nitrogen_dioxide, no unit
0
35
Data definition:              EBAS_1.1
Set type code:                TI
Timezone:                     UTC
File name:                    FI0096G.20100101000000.20160713000000.chemiluminescence_photolytic.nitrogen_dioxide.air.5y.1h.FI01L_chemilum_96.FI01L_chemilum..nas
File creation:                20200622172250
Startdate:                    20100101000000
Revision date:                20160713000000
Statistics:                   arithmetic mean
Data level:                   
Period code:                  5y
Resolution code:              1h
Station code:                 FI0096G
Platform code:                FI0096S
Station name:                 Pallas (Sammaltunturi)
Station WDCA-ID:              GAWAFI__PAL
Station GAW-ID:               PAL
Station GAW-Name:             Pallas
Station land use:             Forest
Station setting:              Rural
Station GAW type:             G
Station WMO region:           6
Station latitude:             67.973333333
Station longitude:            24.116111111
Station altitude:             565.0 m
Regime:                       IMG
Component:                    nitrogen_dioxide
Unit:                         ug N/m3
Matrix:                       air
Instrument type:              chemiluminescence_photolytic
Laboratory code:              FI01L
Instrument name:              chemilum_96
Method ref:                   FI01L_chemilum
Originator:                   Hakola, Hannele, , , , , , , , , 
Submitter:                    Vestenius, Mika, mika.vestenius@fmi.fi, Finnish Meteorological Institute, FMI, Atmospheric Composion Unit, FMI, Erik Palm�nin aukio, FI-00560, Helsinki, Finland
starttime endtime NO2 flag_NO2
[from data line 6919]
 288.291667  288.333333  0.055 0.000
 288.333333  288.375000  0.049 0.000
 288.375000  288.416667  0.046 0.000
 288.416667  288.458333  0.052 0.000
 288.458333  288.500000  0.064 0.000
 288.500000  288.541667  0.113 0.000
 288.541667  288.583333  0.122 0.000
 288.583333  288.625000  0.088 0.000
 288.625000  288.666667  0.085 0.000
 288.666667  288.708333  0.134 0.000
 288.708333  288.750000  0.134 0.000
 288.750000  288.791667  0.104 0.000
 288.791667  288.833333  0.107 0.000
 288.833333  288.875000  0.116 0.000
 288.875000  288.916667  0.100 0.000
 288.916667  288.958333  0.091 0.000
 288.958333  289.000000  0.073 0.000
 289.000000  289.041667  0.082 0.000
 289.041667  289.083333  0.094 0.000
 289.083333  289.125000  0.100 0.000
 289.125000  289.166667  0.149 0.000
 289.166667  289.208333  0.164 0.000
 289.208333  289.250000  0.125 0.000
 289.250000  289.291667  0.131 0.000
 289.291667  289.333333  0.137 0.000
 289.333333  289.375000  0.113 0.000
 289.375000  289.416667  0.076 0.000
 289.416667  289.458333  0.085 0.000
 289.458333  289.500000  0.088 0.000
 289.500000  289.541667  0.110 0.000
 289.541667  289.583333  0.140 0.000
 289.583333  289.625000  0.140 0.000
 289.625000  289.666667  0.134 0.000
 289.666667  289.708333  0.280 0.000
 289.708333  289.750000  0.326 0.000
 289.750000  289.791667  0.271 0.000
 289.791667  289.833333  0.314 0.000
 289.833333  289.875000  0.262 0.000
 289.875000  289.916667  0.128 0.000
 289.916667  289.958333  0.079 0.000
 289.958333  290.000000  0.076 0.000
 290.000000  290.041667  0.073 0.000
 290.041667  290.083333  0.149 0.000
 290.083333  290.125000  0.076 0.000
 290.125000  290.166667  0.076 0.000
 290.166667  290.208333  0.091 0.000
 290.208333  290.250000  0.097 0.000
 290.250000  290.291667  0.107 0.000
 290.291667  290.333333  0.104 0.000
 290.333333  290.375000  0.100 0.000
 290.375000  290.416667  0.100 0.000
 290.416667  290.458333  0.107 0.000
 290.458333  290.500000  0.174 0.000
 290.500000  290.541667  0.253 0.000
 290.541667  290.583333  0.201 0.000
 290.583333  290.625000  0.213 0.000
 290.625000  290.666667  0.174 0.000
 290.666667  290.708333  0.122 0.000
 290.708333  290.750000  0.149 0.000
 290.750000  290.791667  0.231 0.000
 290.791667  290.833333  0.347 0.000
 290.833333  290.875000  0.332 0.000
 290.875000  290.916667  0.338 0.000
 290.916667  290.958333 99.999 0.999
 290.958333  291.000000  0.301 0.000
 291.000000  291.041667  0.259 0.000
 291.041667  291.083333  0.241 0.000
 291.083333  291.125000  0.228 0.000
 291.125000  291.166667  0.189 0.000
 291.166667  291.208333  0.164 0.000
 291.208333  291.250000  0.158 0.000
 291.250000  291.291667  0.155 0.000
 291.291667  291.333333  0.171 0.000
 291.333333  291.375000  0.195 0.000
 291.375000  291.416667  0.195 0.000
 291.416667  291.458333  0.234 0.000
 291.458333  291.500000  0.231 0.000
 291.500000  291.541667  0.231 0.000
 291.541667  291.583333  0.237 0.000
 291.583333  291.625000  0.289 0.000
 291.625000  291.666667  0.314 0.000
 291.666667  291.708333  0.295 0.000
 291.708333  291.750000  0.317 0.000
 291.750000  291.791667  0.317 0.000
 291.791667  291.833333  0.152 0.000
 291.833333  291.875000  0.174 0.000
 291.875000  291.916667  0.222 0.000
 291.916667  291.958333  0.231 0.000
 291.958333  292.000000  0.180 0.000
 292.000000  292.041667  0.149 0.000
 292.041667  292.083333  0.344 0.000
 292.083333  292.125000  0.408 0.000
 292.125000  292.166667  0.420 0.000
 292.166667  292.208333  0.441 0.000
 292.208333  292.250000  0.472 0.000
 292.250000  292.291667  0.387 0.000
 292.291667  292.333333  0.335 0.000
 292.333333  292.375000  0.353 0.000
 292.375000  292.416667  0.381 0.000
 292.416667  292.458333  0.362 0.000
 292.458333  292.500000  0.387 0.000
 292.500000  292.541667  0.396 0.000
 292.541667  292.583333  0.402 0.000
 292.583333  292.625000  0.463 0.000
 292.625000  292.666667  0.493 0.000
 292.666667  292.708333  0.499 0.000
 292.708333  292.750000  0.469 0.000
 292.750000  292.791667  0.429 0.000
 292.791667  292.833333  0.402 0.000
 292.833333  292.875000  0.393 0.000
 292.875000  292.916667  0.368 0.000
 292.916667  292.958333  0.368 0.000
 292.958333  293.000000  0.371 0.000
 293.000000  293.041667  0.344 0.000
 293.041667  293.083333  0.347 0.000
 293.083333  293.125000  0.320 0.000
 293.125000  293.166667  0.317 0.000
 293.166667  293.208333  0.329 0.000
 293.208333  293.250000  0.335 0.000
 293.250000  293.291667  0.308 0.000
 293.291667  293.333333  0.225 0.000
 293.333333  293.375000  0.219 0.000
 293.375000  293.416667  0.210 0.000
 293.416667  293.458333  0.201 0.000
 293.458333  293.500000  0.198 0.000
 293.500000  293.541667  0.204 0.000
 293.541667  293.583333  0.201 0.000
 293.583333  293.625000  0.198 0.000
 293.625000  293.666667  0.198 0.000
 293.666667  293.708333  0.186 0.000
 293.708333  293.750000  0.174 0.000
 293.750000  293.791667  0.177 0.000
 293.791667  293.833333  0.244 0.000
 293.833333  293.875000  0.219 0.000
 293.875000  293.916667  0.207 0.000
 293.916667  293.958333  0.201 0.000
 293.958333  294.000000  0.189 0.000
 294.000000  294.041667  0.183 0.000
 294.041667  294.083333  0.186 0.000
 294.083333  294.125000  0.177 0.000
 294.125000  294.166667  0.174 0.000
 294.166667  294.208333  0.177 0.000
 294.208333  294.250000  0.177 0.000
 294.250000  294.291667  0.177 0.000
 294.291667  294.333333  0.174 0.000
 294.333333  294.375000  0.171 0.000
 294.375000  294.416667  0.158 0.000
 294.416667  294.458333  0.155 0.000
 294.458333  294.500000  0.161 0.000
 294.500000  294.541667  0.183 0.000
 294.541667  294.583333  0.201 0.000
 294.583333  294.625000  0.204 0.000
 294.625000  294.666667  0.207 0.000
 294.666667  294.708333  0.216 0.000
 294.708333  294.750000  0.213 0.000
 294.750000  294.791667  0.222 0.000
 294.791667  294.833333  0.274 0.000
 294.833333  294.875000  0.256 0.000
 294.875000  294.916667  0.228 0.000
 294.916667  294.958333 99.999 0.999
 294.958333  295.000000  0.292 0.000
 295.000000  295.041667  0.399 0.000
 295.041667  295.083333  0.378 0.000
 295.083333  295.125000  0.344 0.000
 295.125000  295.166667  0.298 0.000
 295.166667  295.208333  0.274 0.000
 295.208333  295.250000  0.259 0.000
 295.250000  295.291667  0.241 0.000
 295.291667  295.333333  0.213 0.000
 295.333333  295.375000  0.201 0.000
 295.375000  295.416667  0.201 0.000
 295.416667  295.458333  0.204 0.000
 295.458333  295.500000  0.186 0.000
 295.500000  295.541667  0.183 0.000
 295.541667  295.583333  0.195 0.000
 295.583333  295.625000  0.207 0.000
 295.625000  295.666667  0.167 0.000
 295.666667  295.708333  0.161 0.000
 295.708333  295.750000  0.158 0.000
 295.750000  295.791667  0.146 0.000
 295.791667  295.833333  0.146 0.000
 295.833333  295.875000  0.149 0.000
 295.875000  295.916667  0.146 0.000
 295.916667  295.958333  0.137 0.000
 295.958333  296.000000  0.143 0.000
 296.000000  296.041667  0.152 0.000
 296.041667  296.083333  0.137 0.000
 296.083333  296.125000  0.131 0.000
 296.125000  296.166667  0.134 0.000
 296.166667  296.208333  0.140 0.000
 296.208333  296.250000  0.149 0.000
 296.250000  296.291667  0.134 0.000
 296.291667  296.333333  0.171 0.000
 296.333333  296.375000  0.155 0.000
 296.375000  296.416667  0.149 0.000
 296.416667  296.458333  0.152 0.000
 296.458333  296.500000  0.167 0.000
 296.500000  296.541667  0.171 0.000
 296.541667  296.583333  0.171 0.000
 296.583333  296.625000  0.174 0.000
 296.625000  296.666667  0.171 0.000
 296.666667  296.708333  0.158 0.000
 296.708333  296.750000  0.146 0.000
 296.750000  296.791667  0.143 0.000
 296.791667  296.833333  0.128 0.000
 296.833333  296.875000  0.131 0.000
 296.875000  296.916667  0.125 0.000
 296.916667  296.958333  0.119 0.000
 296.958333  297.000000  0.131 0.000
 297.000000  297.041667  0.125 0.000
 297.041667  297.083333  0.131 0.000
 297.083333  297.125000  0.122 0.000
 297.125000  297.166667  0.122 0.000
 297.166667  297.208333  0.119 0.000
 297.208333  297.250000  0.113 0.000
 297.250000  297.291667  0.104 0.000
 297.291667  297.333333  0.097 0.000
 297.333333  297.375000  0.094 0.000
 297.375000  297.416667  0.088 0.000
 297.416667  297.458333  0.085 0.000
 297.458333  297.500000  0.088 0.000
 297.500000  297.541667  0.085 0.000
 297.541667  297.583333  0.085 0.000
 297.583333  297.625000  0.082 0.000
 297.625000  297.666667  0.082 0.000
 297.666667  297.708333  0.082 0.000
 297.708333  297.750000  0.082 0.000
 297.750000  297.791667  0.079 0.000
 297.791667  297.833333  0.085 0.000
 297.833333  297.875000  0.079 0.000
 297.875000  297.916667  0.094 0.000
 297.916667  297.958333  0.082 0.000
 297.958333  298.000000  0.085 0.000
 298.000000  298.041667  0.082 0.000
 298.041667  298.083333  0.079 0.000
 298.083333  298.125000  0.076 0.000
 298.125000  298.166667  0.073 0.000
 298.166667  298.208333  0.082 0.000
 298.208333  298.250000  0.085 0.000
 298.250000  298.291667  0.088 0.000
 298.291667  298.333333  0.097 0.000
 298.333333  298.375000  0.094 0.000
 298.375000  298.416667  0.122 0.000
 298.416667  298.458333  0.085 0.000
 298.458333  298.500000  0.085 0.000
 298.500000  298.541667  0.094 0.000
 298.541667  298.583333  0.119 0.000
 298.583333  298.625000  0.152 0.000
 298.625000  298.666667  0.137 0.000
 298.666667  298.708333  0.149 0.000
 298.708333  298.750000  0.137 0.000
 298.750000  298.791667  0.122 0.000
 298.791667  298.833333  0.100 0.000
 298.833333  298.875000  0.094 0.000
 298.875000  298.916667  0.097 0.000
 298.916667  298.958333 99.999 0.999
 298.958333  299.000000  0.177 0.000
 299.000000  299.041667  0.161 0.000
 299.041667  299.083333  0.152 0.000
 299.083333  299.125000  0.140 0.000
 299.125000  299.166667  0.137 0.000
 299.166667  299.208333  0.140 0.000
 299.208333  299.250000  0.137 0.000
 299.250000  299.291667  0.171 0.000
 299.291667  299.333333  0.228 0.000
 299.333333  299.375000  0.192 0.000
 299.375000  299.416667  0.204 0.000
 299.416667  299.458333  0.210 0.000
 299.458333  299.500000  0.216 0.000
 299.500000  299.541667  0.234 0.000
 299.541667  299.583333  0.286 0.000
 299.583333  299.625000  0.387 0.000
 299.625000  299.666667  0.426 0.000
 299.666667  299.708333  0.350 0.000
 299.708333  299.750000  0.353 0.000
 299.750000  299.791667  0.320 0.000
 299.791667  299.833333  0.341 0.000
 299.833333  299.875000  0.250 0.000
 299.875000  299.916667  0.390 0.000
 299.916667  299.958333  0.508 0.000
 299.958333  300.000000  0.496 0.000
 300.000000  300.041667  0.435 0.000
 300.041667  300.083333  0.414 0.000
 300.083333  300.125000  0.411 0.000
 300.125000  300.166667  0.396 0.000
 300.166667  300.208333  0.393 0.000
 300.208333  300.250000  0.457 0.000
 300.250000  300.291667  0.530 0.000
 300.291667  300.333333  0.542 0.000
 300.333333  300.375000  0.615 0.000
 300.375000  300.416667  0.712 0.000
 300.416667  300.458333  0.670 0.000
 300.458333  300.500000  0.569 0.000
 300.500000  300.541667  0.545 0.000
 300.541667  300.583333  0.487 0.000
 300.583333  300.625000  0.469 0.000
 300.625000  300.666667  0.469 0.000
 300.666667  300.708333  0.460 0.000
 300.708333  300.750000  0.448 0.000
 300.750000  300.791667  0.359 0.000
 300.791667  300.833333  0.335 0.000
 300.833333  300.875000  0.329 0.000
 300.875000  300.916667  0.292 0.000
 300.916667  300.958333  0.225 0.000
 300.958333  301.000000  0.192 0.000
 301.000000  301.041667  0.174 0.000
 301.041667  301.083333  0.152 0.000
 301.083333  301.125000  0.143 0.000
 301.125000  301.166667  0.122 0.000
 301.166667  301.208333  0.107 0.000
 301.208333  301.250000  0.073 0.000
 301.250000  301.291667  0.064 0.000
 301.291667  301.333333  0.073 0.000
 301.333333  301.375000  0.073 0.000
 301.375000  301.416667  0.079 0.000
 301.416667  301.458333  0.067 0.000
 301.458333  301.500000  0.076 0.000
 301.500000  301.541667  0.082 0.000
 301.541667  301.583333  0.076 0.000
 301.583333  301.625000  0.073 0.000
 301.625000  301.666667  0.067 0.000
 301.666667  301.708333  0.061 0.000
 301.708333  301.750000  0.058 0.000
 301.750000  301.791667  0.058 0.000
 301.791667  301.833333  0.073 0.000
 301.833333  301.875000  0.097 0.000
 301.875000  301.916667  0.100 0.000
 301.916667  301.958333  0.097 0.000
 301.958333  302.000000  0.088 0.000
 302.000000  302.041667  0.088 0.000
 302.041667  302.083333  0.088 0.000
 302.083333  302.125000  0.079 0.000
 302.125000  302.166667  0.073 0.000
 302.166667  302.208333  0.067 0.000
 302.208333  302.250000  0.064 0.000
 302.250000  302.291667  0.070 0.000
 302.291667  302.333333  0.067 0.000
 302.333333  302.375000  0.067 0.000
 302.375000  302.416667  0.064 0.000
 302.416667  302.458333  0.064 0.000
 302.458333  302.500000  0.058 0.000
 302.500000  302.541667  0.064 0.000
 302.541667  302.583333  0.100 0.000
 302.583333  302.625000  0.122 0.000
 302.625000  302.666667  0.149 0.000
 302.666667  302.708333  0.186 0.000
 302.708333  302.750000  0.210 0.000
 302.750000  302.791667  0.213 0.000
 302.791667  302.833333  0.198 0.000
 302.833333  302.875000  0.177 0.000
 302.875000  302.916667  0.158 0.000
 302.916667  302.958333 99.999 0.999
 302.958333  303.000000  0.207 0.000
 303.000000  303.041667  0.216 0.000
 303.041667  303.083333  0.265 0.000
 303.083333  303.125000  0.457 0.000
 303.125000  303.166667  0.566 0.000
 303.166667  303.208333  0.615 0.000
 303.208333  303.250000  0.527 0.000
 303.250000  303.291667  0.301 0.000
 303.291667  303.333333  0.374 0.000
 303.333333  303.375000  0.308 0.000
 303.375000  303.416667  0.472 0.000
 303.416667  303.458333  0.390 0.000
 303.458333  303.500000  0.359 0.000
 303.500000  303.541667  0.460 0.000
 303.541667  303.583333  0.441 0.000
 303.583333  303.625000  0.387 0.000
 303.625000  303.666667  0.390 0.000
 303.666667  303.708333  0.350 0.000
 303.708333  303.750000  0.225 0.000
 303.750000  303.791667  0.167 0.000
 303.791667  303.833333  0.241 0.000
 303.833333  303.875000  0.381 0.000
 303.875000  303.916667  0.417 0.000
 303.916667  303.958333  0.390 0.000
 303.958333  304.000000  0.359 0.000
 304.000000  304.041667  0.271 0.000
 304.041667  304.083333  0.280 0.000
 304.083333  304.125000  0.225 0.000
 304.125000  304.166667  0.158 0.000
 304.166667  304.208333  0.140 0.000
 304.208333  304.250000  0.128 0.000
 304.250000  304.291667  0.116 0.000
 304.291667  304.333333  0.122 0.000
 304.333333  304.375000  0.110 0.000
 304.375000  304.416667  0.167 0.000
 304.416667  304.458333  0.128 0.000
 304.458333  304.500000  0.122 0.000
 304.500000  304.541667  0.143 0.000
 304.541667  304.583333  0.161 0.000
 304.583333  304.625000  0.122 0.000
 304.625000  304.666667  0.110 0.000
 304.666667  304.708333  0.079 0.000
 304.708333  304.750000  0.097 0.000
 304.750000  304.791667  0.155 0.000
 304.791667  304.833333  0.131 0.000
 304.833333  304.875000  0.055 0.000
 304.875000  304.916667  0.043 0.000
 304.916667  304.958333  0.064 0.000
 304.958333  305.000000  0.067 0.000
 305.000000  305.041667  0.073 0.000
 305.041667  305.083333  0.067 0.000
 305.083333  305.125000  0.052 0.000
 305.125000  305.166667  0.055 0.000
 305.166667  305.208333  0.033 0.000
 305.208333  305.250000  0.040 0.000
 305.250000  305.291667  0.043 0.000
 305.291667  305.333333  0.043 0.000
 305.333333  305.375000  0.049 0.000
 305.375000  305.416667  0.079 0.000
 305.416667  305.458333  0.180 0.000
 305.458333  305.500000  0.183 0.000
 305.500000  305.541667  0.073 0.000
 305.541667  305.583333  0.143 0.000
 305.583333  305.625000  0.292 0.000
 305.625000  305.666667  0.119 0.000
 305.666667  305.708333  0.088 0.000
 305.708333  305.750000  0.079 0.000
 305.750000  305.791667  0.116 0.000
 305.791667  305.833333  0.149 0.000
 305.833333  305.875000  0.228 0.000
 305.875000  305.916667  0.247 0.000
 305.916667  305.958333  0.213 0.000
 305.958333  306.000000  0.314 0.000
 306.000000  306.041667  0.475 0.000
 306.041667  306.083333  0.557 0.000
 306.083333  306.125000  0.548 0.000
 306.125000  306.166667  0.548 0.000
 306.166667  306.208333  0.539 0.000
 306.208333  306.250000  0.548 0.000
 306.250000  306.291667  0.475 0.000
