RRS/FI0023R.20080101000000.20181114115100.cpc.particle_number_concentration.pm10.1y.1h.FI03L_CPC_VAR_01.FI03L_CPC.lev2.nas
50 1001
Kulmala, Markku
FI03L, University of Helsinki, UHEL, Division of Atmospheric Sciences, PO BOX 64, , FI-00014, University of Helsinki, Finland
Aalto, Pasi
GAW-WDCA
1 1
2008 01 01 2018 11 14
0.041667
days from file reference point
7
1 1 1 1 1 1 1
999.999999 9 9 99999.999 99999.999 999999.999 9.999
end_time of measurement, days from the file reference point
pressure, hPa, Location=instrument internal, Matrix=instrument, Measurement uncertainty=
temperature, K, Location=instrument internal, Matrix=instrument, Measurement uncertainty=
particle_number_concentration, 1/cm3
particle_number_concentration, 1/cm3, Statistics=percentile:15.87
particle_number_concentration, 1/cm3, Statistics=percentile:84.13
numflag, no unit
0
29
Data definition:              EBAS_1.1
Set type code:                TU
Timezone:                     UTC
File name:                    FI0023R.20080101000000.20181114115100.cpc.particle_number_concentration.pm10.1y.1h.FI03L_CPC_VAR_01.FI03L_CPC.lev2.nas
File creation:                20200622170802
Startdate:                    20080101000000
Revision date:                20181114115100
Statistics:                   arithmetic mean
Data level:                   2
Period code:                  1y
Resolution code:              1h
Station code:                 FI0023R
Platform code:                FI0023S
Station name:                 V�rri�
Station latitude:             67.766667
Station longitude:            29.583333
Station altitude:             400.0 m
Regime:                       IMG
Component:                    particle_number_concentration
Unit:                         1/cm3
Matrix:                       pm10
Instrument type:              cpc
Laboratory code:              FI03L
Instrument name:              CPC_VAR_01
Method ref:                   FI03L_CPC
Measurement uncertainty:      5.0 %
Originator:                   Kulmala, Markku, , , , , , , , , 
Submitter:                    Aalto, Pasi, , , , , , , , , 
starttime endtime P T particle_number_concentration particle_number_concentration particle_number_concentration flag
[from data line 4064]
169.333333 169.375000 9 9  1087.281  1070.209   1115.257 0.000
169.375000 169.416667 9 9  1158.365  1133.495   1174.710 0.000
169.416667 169.458333 9 9  1194.743  1187.602   1202.470 0.000
169.458333 169.500000 9 9  1278.890  1263.237   1294.096 0.000
169.500000 169.541667 9 9  1357.588  1304.271   1456.867 0.000
169.541667 169.583333 9 9  1495.292  1469.778   1524.158 0.000
169.583333 169.625000 9 9  1571.938  1488.798   1624.810 0.000
169.625000 169.666667 9 9  1714.085  1603.554   1788.804 0.000
169.666667 169.708333 9 9  1794.199  1775.771   1832.962 0.000
169.708333 169.750000 9 9  1865.031  1853.266   1879.817 0.000
169.750000 169.791667 9 9  1926.593  1846.381   2005.309 0.000
169.791667 169.833333 9 9  1983.985  1836.238   2086.324 0.000
169.833333 169.875000 9 9  1597.560  1415.962   1810.944 0.000
169.875000 169.916667 9 9  1628.265  1439.118   1801.566 0.000
169.916667 169.958333 9 9  1972.133  1894.434   2107.017 0.000
169.958333 170.000000 9 9  1895.094  1856.879   1928.689 0.000
170.000000 170.041667 9 9  2216.028  1891.474   2537.226 0.000
170.041667 170.083333 9 9  3130.278  2918.188   3331.773 0.000
170.083333 170.125000 9 9  2902.694  2728.944   3144.989 0.000
170.125000 170.166667 9 9  2785.501  2700.649   2849.030 0.000
170.166667 170.208333 9 9  2064.218  1892.976   2370.030 0.000
170.208333 170.250000 9 9  1759.680  1643.252   1862.248 0.000
170.250000 170.291667 9 9  1609.370  1527.334   1689.384 0.000
170.291667 170.333333 9 9  1343.408  1196.535   1509.752 0.000
170.333333 170.375000 9 9  1124.743  1048.011   1160.514 0.000
170.375000 170.416667 9 9   978.555   963.163    995.614 0.000
170.416667 170.458333 9 9   937.890   910.070    969.270 0.000
170.458333 170.500000 9 9  1041.804  1001.387   1088.079 0.000
170.500000 170.541667 9 9  1061.383  1026.282   1098.943 0.000
170.541667 170.583333 9 9  1046.033  1010.886   1085.035 0.000
170.583333 170.625000 9 9   993.990   975.835   1012.512 0.000
170.625000 170.666667 9 9   947.320   917.905    968.748 0.000
170.666667 170.708333 9 9   860.238   842.056    887.659 0.000
170.708333 170.750000 9 9   876.371   835.590    918.530 0.000
170.750000 170.791667 9 9   919.035   895.121    943.044 0.000
170.791667 170.833333 9 9 99999.999 99999.999 999999.999 0.999
170.833333 170.875000 9 9 99999.999 99999.999 999999.999 0.999
170.875000 170.916667 9 9 99999.999 99999.999 999999.999 0.999
170.916667 170.958333 9 9 99999.999 99999.999 999999.999 0.999
170.958333 171.000000 9 9 99999.999 99999.999 999999.999 0.999
171.000000 171.041667 9 9 99999.999 99999.999 999999.999 0.999
171.041667 171.083333 9 9 99999.999 99999.999 999999.999 0.999
171.083333 171.125000 9 9 99999.999 99999.999 999999.999 0.999
171.125000 171.166667 9 9 99999.999 99999.999 999999.999 0.999
171.166667 171.208333 9 9 99999.999 99999.999 999999.999 0.999
171.208333 171.250000 9 9   557.139   509.084    592.821 0.000
171.250000 171.291667 9 9   561.936   532.515    584.183 0.000
171.291667 171.333333 9 9   569.338   528.758    599.476 0.000
171.333333 171.375000 9 9   639.550   605.755    667.061 0.000
171.375000 171.416667 9 9   735.529   708.302    779.325 0.000
171.416667 171.458333 9 9   852.454   802.616    883.272 0.000
171.458333 171.500000 9 9   936.266   901.160    962.468 0.000
171.500000 171.541667 9 9  1043.618  1033.528   1058.328 0.000
171.541667 171.583333 9 9  1111.465  1045.202   1155.860 0.000
171.583333 171.625000 9 9  1012.799   999.298   1027.792 0.000
171.625000 171.666667 9 9  1011.615   997.277   1031.674 0.000
171.666667 171.708333 9 9  1129.512  1068.435   1183.455 0.000
171.708333 171.750000 9 9  1410.329  1313.640   1479.817 0.000
171.750000 171.791667 9 9  1566.049  1534.854   1593.324 0.000
171.791667 171.833333 9 9  1584.576  1543.253   1620.876 0.000
171.833333 171.875000 9 9  2106.210  1833.837   2274.828 0.000
171.875000 171.916667 9 9  2272.146  2039.447   2409.216 0.000
171.916667 171.958333 9 9  1535.841  1454.154   1658.928 0.000
171.958333 172.000000 9 9  1407.939  1382.776   1433.688 0.000
172.000000 172.041667 9 9  1366.023  1360.403   1375.914 0.000
172.041667 172.083333 9 9  1355.175  1352.996   1358.607 0.000
172.083333 172.125000 9 9  1374.377  1352.867   1403.297 0.000
172.125000 172.166667 9 9  1504.257  1400.648   1621.826 0.000
172.166667 172.208333 9 9  1859.321  1706.788   2090.585 0.000
172.208333 172.250000 9 9  2006.680  1908.295   2114.871 0.000
172.250000 172.291667 9 9  2434.651  2276.645   2510.767 0.000
172.291667 172.333333 9 9  2807.080  2552.628   3016.688 0.000
172.333333 172.375000 9 9  2881.085  2704.057   3052.552 0.000
172.375000 172.416667 9 9  2501.932  2396.706   2617.450 0.000
172.416667 172.458333 9 9  2308.232  2279.097   2340.070 0.000
172.458333 172.500000 9 9  2150.405  1974.559   2259.519 0.000
172.500000 172.541667 9 9  1301.045   985.850   1921.256 0.000
172.541667 172.583333 9 9  1589.017  1480.693   1702.675 0.000
172.583333 172.625000 9 9  1219.267  1049.251   1583.524 0.000
172.625000 172.666667 9 9  1052.126  1041.892   1060.028 0.000
172.666667 172.708333 9 9  1053.972  1048.730   1059.122 0.000
172.708333 172.750000 9 9  1080.578  1064.628   1097.545 0.000
172.750000 172.791667 9 9  1534.956  1214.779   2015.414 0.000
172.791667 172.833333 9 9  1942.908  1370.872   2726.620 0.000
172.833333 172.875000 9 9  2123.796  1540.430   2594.428 0.000
172.875000 172.916667 9 9  2459.835  2207.158   2721.213 0.000
172.916667 172.958333 9 9  1970.308  1754.552   2151.648 0.000
172.958333 173.000000 9 9  1654.133  1614.890   1696.020 0.000
173.000000 173.041667 9 9  1598.112  1565.912   1640.355 0.000
173.041667 173.083333 9 9  1586.606  1540.445   1662.992 0.000
173.083333 173.125000 9 9  1445.173  1425.776   1465.451 0.000
173.125000 173.166667 9 9  1437.631  1366.237   1521.214 0.000
173.166667 173.208333 9 9  1407.666  1290.490   1599.034 0.000
173.208333 173.250000 9 9  1589.278  1449.644   1725.730 0.000
173.250000 173.291667 9 9  1442.622  1410.342   1480.460 0.000
173.291667 173.333333 9 9  1400.740  1329.113   1476.147 0.000
173.333333 173.375000 9 9  1191.644   785.432   1725.644 0.000
173.375000 173.416667 9 9  1195.435  1113.001   1330.367 0.000
173.416667 173.458333 9 9  1197.570  1132.678   1259.881 0.000
173.458333 173.500000 9 9  1105.806  1076.812   1124.771 0.000
173.500000 173.541667 9 9   983.401   921.146   1058.012 0.000
173.541667 173.583333 9 9  1138.743  1077.695   1184.997 0.000
173.583333 173.625000 9 9  1175.286  1030.677   1342.307 0.000
173.625000 173.666667 9 9  1010.608   965.724   1027.665 0.000
173.666667 173.708333 9 9 99999.999 99999.999 999999.999 0.999
173.708333 173.750000 9 9 99999.999 99999.999 999999.999 0.999
173.750000 173.791667 9 9 99999.999 99999.999 999999.999 0.999
173.791667 173.833333 9 9 99999.999 99999.999 999999.999 0.999
173.833333 173.875000 9 9 99999.999 99999.999 999999.999 0.999
173.875000 173.916667 9 9 99999.999 99999.999 999999.999 0.999
173.916667 173.958333 9 9 99999.999 99999.999 999999.999 0.999
173.958333 174.000000 9 9 99999.999 99999.999 999999.999 0.999
174.000000 174.041667 9 9 99999.999 99999.999 999999.999 0.999
174.041667 174.083333 9 9 99999.999 99999.999 999999.999 0.999
174.083333 174.125000 9 9 99999.999 99999.999 999999.999 0.999
174.125000 174.166667 9 9 99999.999 99999.999 999999.999 0.999
174.166667 174.208333 9 9 99999.999 99999.999 999999.999 0.999
174.208333 174.250000 9 9  1609.893  1477.804   1710.796 0.000
174.250000 174.291667 9 9  1651.186  1611.466   1680.632 0.000
174.291667 174.333333 9 9  1745.787  1654.249   1814.619 0.000
174.333333 174.375000 9 9  1836.114  1705.600   1902.115 0.000
174.375000 174.416667 9 9  1946.373  1900.643   2003.778 0.000
174.416667 174.458333 9 9  1578.612  1471.892   1734.502 0.000
174.458333 174.500000 9 9  1061.808  1017.349   1129.473 0.000
174.500000 174.541667 9 9  1259.682  1231.444   1298.769 0.000
174.541667 174.583333 9 9  1158.921   996.613   1345.311 0.000
174.583333 174.625000 9 9  1113.459  1087.562   1131.828 0.000
174.625000 174.666667 9 9  1187.189  1155.910   1221.678 0.000
174.666667 174.708333 9 9  1220.319  1209.700   1227.278 0.000
174.708333 174.750000 9 9  1199.801  1179.196   1216.044 0.000
174.750000 174.791667 9 9  1081.189  1048.056   1120.708 0.000
174.791667 174.833333 9 9  1063.787  1049.172   1092.586 0.000
174.833333 174.875000 9 9  1019.989   983.754   1041.428 0.000
174.875000 174.916667 9 9  1059.002  1019.768   1084.248 0.000
174.916667 174.958333 9 9  1167.473  1095.922   1299.135 0.000
174.958333 175.000000 9 9  1440.191  1343.307   1535.438 0.000
175.000000 175.041667 9 9  1496.348  1356.107   1691.787 0.000
175.041667 175.083333 9 9  1522.541  1469.347   1560.315 0.000
175.083333 175.125000 9 9  1742.767  1578.406   1877.133 0.000
175.125000 175.166667 9 9  2214.472  1961.670   2429.476 0.000
175.166667 175.208333 9 9  2565.872  2443.177   2835.307 0.000
175.208333 175.250000 9 9  2922.363  2535.938   3163.019 0.000
175.250000 175.291667 9 9  2359.975  2302.729   2443.026 0.000
175.291667 175.333333 9 9  1796.031  1632.374   2146.650 0.000
175.333333 175.375000 9 9  1567.859  1545.347   1583.850 0.000
175.375000 175.416667 9 9  1613.428  1479.443   1795.162 0.000
175.416667 175.458333 9 9  2268.929  2140.749   2377.727 0.000
175.458333 175.500000 9 9  2186.726  2148.575   2219.686 0.000
175.500000 175.541667 9 9  1950.049  1873.894   2014.690 0.000
175.541667 175.583333 9 9  1861.127  1842.342   1891.226 0.000
175.583333 175.625000 9 9  1751.505  1694.177   1793.743 0.000
175.625000 175.666667 9 9  1703.641  1687.665   1737.338 0.000
175.666667 175.708333 9 9  1520.774  1480.203   1568.143 0.000
175.708333 175.750000 9 9  1603.007  1474.086   1740.343 0.000
175.750000 175.791667 9 9  1767.188  1515.481   1981.460 0.000
175.791667 175.833333 9 9  1480.644  1458.225   1499.031 0.000
175.833333 175.875000 9 9  2271.115  1531.847   2635.163 0.000
175.875000 175.916667 9 9  2056.317  1611.227   2631.899 0.000
175.916667 175.958333 9 9  1555.084  1533.739   1595.989 0.000
175.958333 176.000000 9 9  1540.230  1518.345   1562.065 0.000
176.000000 176.041667 9 9  2093.641  1636.403   2390.874 0.000
176.041667 176.083333 9 9  2633.863  2427.746   2834.236 0.000
176.083333 176.125000 9 9  2300.906  2098.332   2438.988 0.000
176.125000 176.166667 9 9  2459.357  2400.701   2506.513 0.000
176.166667 176.208333 9 9  2857.494  2609.246   3057.256 0.000
176.208333 176.250000 9 9  3527.864  3326.824   3657.199 0.000
176.250000 176.291667 9 9  3465.925  3277.244   3680.317 0.000
176.291667 176.333333 9 9  3674.485  3503.718   3778.569 0.000
176.333333 176.375000 9 9  2924.010  1531.881   3520.689 0.000
176.375000 176.416667 9 9  2746.174  1359.654   4768.016 0.000
176.416667 176.458333 9 9  3249.489  2376.222   4309.261 0.000
176.458333 176.500000 9 9  2955.733  2415.691   3448.180 0.000
176.500000 176.541667 9 9 99999.999 99999.999 999999.999 0.999
176.541667 176.583333 9 9 99999.999 99999.999 999999.999 0.999
176.583333 176.625000 9 9 99999.999 99999.999 999999.999 0.999
176.625000 176.666667 9 9 99999.999 99999.999 999999.999 0.999
176.666667 176.708333 9 9 99999.999 99999.999 999999.999 0.999
176.708333 176.750000 9 9 99999.999 99999.999 999999.999 0.999
176.750000 176.791667 9 9 99999.999 99999.999 999999.999 0.999
176.791667 176.833333 9 9 99999.999 99999.999 999999.999 0.999
176.833333 176.875000 9 9 99999.999 99999.999 999999.999 0.999
176.875000 176.916667 9 9 99999.999 99999.999 999999.999 0.999
176.916667 176.958333 9 9 99999.999 99999.999 999999.999 0.999
176.958333 177.000000 9 9 99999.999 99999.999 999999.999 0.999
177.000000 177.041667 9 9 99999.999 99999.999 999999.999 0.999
177.041667 177.083333 9 9 99999.999 99999.999 999999.999 0.999
177.083333 177.125000 9 9 99999.999 99999.999 999999.999 0.999
177.125000 177.166667 9 9 99999.999 99999.999 999999.999 0.999
177.166667 177.208333 9 9 99999.999 99999.999 999999.999 0.999
177.208333 177.250000 9 9  1446.369  1415.660   1476.666 0.000
177.250000 177.291667 9 9  1279.733  1247.008   1356.918 0.000
177.291667 177.333333 9 9  1069.174   878.337   1235.765 0.000
177.333333 177.375000 9 9   805.249   770.577    823.003 0.000
177.375000 177.416667 9 9  1050.825   831.890   1206.580 0.000
177.416667 177.458333 9 9  1100.150  1054.018   1170.299 0.000
177.458333 177.500000 9 9  1271.099  1234.234   1308.192 0.000
177.500000 177.541667 9 9   568.072   550.769    597.550 0.000
177.541667 177.583333 9 9   622.039   598.266    653.843 0.000
177.583333 177.625000 9 9   747.006   680.981    798.691 0.000
177.625000 177.666667 9 9   705.012   655.286    777.822 0.000
177.666667 177.708333 9 9   593.868   566.320    630.987 0.000
177.708333 177.750000 9 9   643.867   593.385    691.774 0.000
177.750000 177.791667 9 9   723.925   667.572    809.258 0.000
177.791667 177.833333 9 9   671.677   460.680    819.009 0.000
177.833333 177.875000 9 9   530.808   461.228    590.758 0.000
177.875000 177.916667 9 9   933.199   819.473   1066.826 0.000
177.916667 177.958333 9 9  1400.996  1110.346   1563.308 0.000
177.958333 178.000000 9 9  1557.887  1550.718   1563.804 0.000
178.000000 178.041667 9 9  1532.149  1498.633   1555.171 0.000
178.041667 178.083333 9 9  1365.122  1258.809   1481.116 0.000
178.083333 178.125000 9 9  1204.791  1191.087   1233.085 0.000
178.125000 178.166667 9 9  1201.157  1179.344   1237.407 0.000
178.166667 178.208333 9 9  1177.410  1122.491   1234.599 0.000
178.208333 178.250000 9 9  1026.629   986.991   1068.052 0.000
178.250000 178.291667 9 9  1004.936   973.659   1043.437 0.000
178.291667 178.333333 9 9   921.586   855.348    964.861 0.000
178.333333 178.375000 9 9   746.494   733.195    768.407 0.000
178.375000 178.416667 9 9   772.214   739.134    800.375 0.000
178.416667 178.458333 9 9   814.785   757.980    896.940 0.000
178.458333 178.500000 9 9  1090.976   828.175   1326.083 0.000
178.500000 178.541667 9 9  1629.967   836.806   2047.499 0.000
178.541667 178.583333 9 9  1625.825  1366.351   1758.361 0.000
178.583333 178.625000 9 9  1104.136   943.416   1285.767 0.000
178.625000 178.666667 9 9  1123.944   895.539   1301.724 0.000
178.666667 178.708333 9 9  1482.053  1271.678   1697.069 0.000
178.708333 178.750000 9 9  1585.792  1451.109   1696.024 0.000
178.750000 178.791667 9 9  1348.870  1302.363   1384.310 0.000
178.791667 178.833333 9 9  1233.636  1214.798   1271.134 0.000
178.833333 178.875000 9 9  1192.997  1180.598   1210.821 0.000
178.875000 178.916667 9 9  1103.799  1047.167   1168.125 0.000
178.916667 178.958333 9 9   938.404   892.916    972.855 0.000
178.958333 179.000000 9 9  1001.004   919.083   1091.378 0.000
179.000000 179.041667 9 9  1161.400  1080.607   1245.376 0.000
179.041667 179.083333 9 9  1228.155  1175.509   1297.272 0.000
179.083333 179.125000 9 9   765.875   659.946    862.148 0.000
179.125000 179.166667 9 9   468.876   438.395    521.560 0.000
179.166667 179.208333 9 9   475.377   457.883    490.639 0.000
179.208333 179.250000 9 9   516.170   508.289    531.161 0.000
179.250000 179.291667 9 9   484.721   415.865    512.763 0.000
179.291667 179.333333 9 9   437.126   415.583    456.645 0.000
179.333333 179.375000 9 9   521.964   470.584    564.027 0.000
179.375000 179.416667 9 9   559.756   527.949    600.123 0.000
179.416667 179.458333 9 9   579.938   529.327    629.438 0.000
179.458333 179.500000 9 9   689.404   611.680    733.438 0.000
179.500000 179.541667 9 9   759.893   744.111    774.855 0.000
179.541667 179.583333 9 9   818.292   804.432    826.386 0.000
179.583333 179.625000 9 9   850.798   823.261    887.784 0.000
179.625000 179.666667 9 9   896.048   879.199    906.808 0.000
179.666667 179.708333 9 9   850.945   823.006    875.895 0.000
179.708333 179.750000 9 9   829.503   819.438    841.877 0.000
179.750000 179.791667 9 9   885.478   850.133    923.046 0.000
179.791667 179.833333 9 9   995.647   967.317   1009.110 0.000
179.833333 179.875000 9 9  1020.016  1008.474   1027.538 0.000
