RRS/FI0023R.20070101000000.20181114115100.cpc.particle_number_concentration.pm10.1y.1h.FI03L_CPC_VAR_01.FI03L_CPC.lev2.nas
50 1001
Kulmala, Markku
FI03L, University of Helsinki, UHEL, Division of Atmospheric Sciences, PO BOX 64, , FI-00014, University of Helsinki, Finland
Aalto, Pasi
GAW-WDCA
1 1
2007 01 01 2018 11 14
0.041667
days from file reference point
7
1 1 1 1 1 1 1
999.999999 9 9 99999.999 99999.999 99999.999 9.999
end_time of measurement, days from the file reference point
pressure, hPa, Location=instrument internal, Matrix=instrument, Measurement uncertainty=
temperature, K, Location=instrument internal, Matrix=instrument, Measurement uncertainty=
particle_number_concentration, 1/cm3
particle_number_concentration, 1/cm3, Statistics=percentile:15.87
particle_number_concentration, 1/cm3, Statistics=percentile:84.13
numflag, no unit
0
29
Data definition:              EBAS_1.1
Set type code:                TU
Timezone:                     UTC
File name:                    FI0023R.20070101000000.20181114115100.cpc.particle_number_concentration.pm10.1y.1h.FI03L_CPC_VAR_01.FI03L_CPC.lev2.nas
File creation:                20200622170801
Startdate:                    20070101000000
Revision date:                20181114115100
Statistics:                   arithmetic mean
Data level:                   2
Period code:                  1y
Resolution code:              1h
Station code:                 FI0023R
Platform code:                FI0023S
Station name:                 V�rri�
Station latitude:             67.766667
Station longitude:            29.583333
Station altitude:             400.0 m
Regime:                       IMG
Component:                    particle_number_concentration
Unit:                         1/cm3
Matrix:                       pm10
Instrument type:              cpc
Laboratory code:              FI03L
Instrument name:              CPC_VAR_01
Method ref:                   FI03L_CPC
Measurement uncertainty:      5.0 %
Originator:                   Kulmala, Markku, , , , , , , , , 
Submitter:                    Aalto, Pasi, , , , , , , , , 
starttime endtime P T particle_number_concentration particle_number_concentration particle_number_concentration flag
[from data line 6968]
290.333333 290.375000 9 9    65.508    60.169    74.496 0.000
290.375000 290.416667 9 9    54.840    51.480    57.679 0.000
290.416667 290.458333 9 9    65.001    62.909    67.012 0.000
290.458333 290.500000 9 9    71.886    64.692    80.484 0.000
290.500000 290.541667 9 9    60.089    46.987    79.262 0.000
290.541667 290.583333 9 9    40.248    36.977    43.745 0.000
290.583333 290.625000 9 9    48.230    43.670    52.849 0.000
290.625000 290.666667 9 9    50.710    44.744    53.664 0.000
290.666667 290.708333 9 9    41.462    36.268    45.321 0.000
290.708333 290.750000 9 9    32.877    31.569    34.142 0.000
290.750000 290.791667 9 9    38.338    35.320    42.842 0.000
290.791667 290.833333 9 9    45.519    44.897    46.466 0.000
290.833333 290.875000 9 9    45.728    44.929    46.349 0.000
290.875000 290.916667 9 9    37.273    32.772    41.498 0.000
290.916667 290.958333 9 9    30.971    29.910    32.459 0.000
290.958333 291.000000 9 9    33.714    32.286    34.871 0.000
291.000000 291.041667 9 9    30.135    28.812    31.185 0.000
291.041667 291.083333 9 9    31.454    30.242    33.051 0.000
291.083333 291.125000 9 9    40.604    33.914    47.739 0.000
291.125000 291.166667 9 9    59.471    55.426    63.748 0.000
291.166667 291.208333 9 9    65.112    62.060    67.949 0.000
291.208333 291.250000 9 9    66.164    61.412    75.248 0.000
291.250000 291.291667 9 9    79.855    78.162    81.782 0.000
291.291667 291.333333 9 9    79.123    75.405    84.501 0.000
291.333333 291.375000 9 9    79.830    71.649    86.911 0.000
291.375000 291.416667 9 9    82.948    75.434    97.678 0.000
291.416667 291.458333 9 9    93.502    91.460    94.499 0.000
291.458333 291.500000 9 9    90.939    88.024    93.306 0.000
291.500000 291.541667 9 9   102.545   100.963   104.143 0.000
291.541667 291.583333 9 9   103.931   101.463   108.247 0.000
291.583333 291.625000 9 9   128.766   115.589   143.141 0.000
291.625000 291.666667 9 9   126.613   110.946   148.700 0.000
291.666667 291.708333 9 9   104.821   101.733   107.561 0.000
291.708333 291.750000 9 9    98.949    97.320   100.894 0.000
291.750000 291.791667 9 9   105.046    99.322   111.398 0.000
291.791667 291.833333 9 9   114.441    96.329   131.463 0.000
291.833333 291.875000 9 9    94.340    93.173    95.299 0.000
291.875000 291.916667 9 9    88.865    87.952    89.925 0.000
291.916667 291.958333 9 9    81.200    79.845    83.919 0.000
291.958333 292.000000 9 9    84.713    81.927    86.995 0.000
292.000000 292.041667 9 9    89.819    88.526    90.772 0.000
292.041667 292.083333 9 9   102.728    91.910   109.874 0.000
292.083333 292.125000 9 9   104.111   102.496   106.616 0.000
292.125000 292.166667 9 9   115.070   109.597   124.537 0.000
292.166667 292.208333 9 9   217.823   155.527   260.385 0.000
292.208333 292.250000 9 9   207.773   184.133   235.304 0.000
292.250000 292.291667 9 9   144.453   110.857   189.430 0.000
292.291667 292.333333 9 9   117.045   106.848   140.803 0.000
292.333333 292.375000 9 9   138.139   126.430   149.319 0.000
292.375000 292.416667 9 9   137.814   121.807   151.849 0.000
292.416667 292.458333 9 9   119.526   117.390   121.208 0.000
292.458333 292.500000 9 9   175.911   150.805   215.899 0.000
292.500000 292.541667 9 9   221.761   157.185   344.753 0.000
292.541667 292.583333 9 9  3202.799  1576.772  4444.079 0.000
292.583333 292.625000 9 9  1734.756  1210.870  2255.154 0.000
292.625000 292.666667 9 9   993.599   933.812  1075.946 0.000
292.666667 292.708333 9 9  1418.488  1173.756  1596.542 0.000
292.708333 292.750000 9 9  1554.339  1426.668  1681.179 0.000
292.750000 292.791667 9 9  1281.609  1248.192  1310.610 0.000
292.791667 292.833333 9 9  1040.632   958.029  1126.750 0.000
292.833333 292.875000 9 9   845.225   782.316   912.113 0.000
292.875000 292.916667 9 9   727.888   695.682   754.909 0.000
292.916667 292.958333 9 9   660.301   649.345   673.910 0.000
292.958333 293.000000 9 9   674.437   670.210   680.560 0.000
293.000000 293.041667 9 9   614.868   570.537   662.293 0.000
293.041667 293.083333 9 9   524.663   485.639   553.452 0.000
293.083333 293.125000 9 9   441.897   418.181   466.400 0.000
293.125000 293.166667 9 9   361.974   342.461   389.602 0.000
293.166667 293.208333 9 9   309.937   282.403   334.942 0.000
293.208333 293.250000 9 9   271.202   265.718   276.477 0.000
293.250000 293.291667 9 9   255.877   250.498   262.364 0.000
293.291667 293.333333 9 9   229.673   223.771   236.800 0.000
293.333333 293.375000 9 9   210.792   206.854   215.446 0.000
293.375000 293.416667 9 9   208.258   203.692   214.543 0.000
293.416667 293.458333 9 9   199.519   194.347   203.646 0.000
293.458333 293.500000 9 9   200.939   196.739   204.586 0.000
293.500000 293.541667 9 9   185.300   177.889   192.368 0.000
293.541667 293.583333 9 9   180.589   176.663   186.313 0.000
293.583333 293.625000 9 9   174.789   172.467   177.527 0.000
293.625000 293.666667 9 9   174.116   165.141   190.194 0.000
293.666667 293.708333 9 9   199.152   181.104   212.312 0.000
293.708333 293.750000 9 9   144.217   129.930   160.778 0.000
293.750000 293.791667 9 9   130.190   125.789   135.586 0.000
293.791667 293.833333 9 9   119.813   112.094   130.785 0.000
293.833333 293.875000 9 9   113.823   111.850   115.078 0.000
293.875000 293.916667 9 9   116.094   114.361   118.182 0.000
293.916667 293.958333 9 9   123.192   119.184   127.461 0.000
293.958333 294.000000 9 9   131.944   128.418   134.728 0.000
294.000000 294.041667 9 9   138.424   131.673   145.738 0.000
294.041667 294.083333 9 9   186.409   159.868   206.044 0.000
294.083333 294.125000 9 9   199.905   196.792   203.837 0.000
294.125000 294.166667 9 9   164.874   147.763   188.188 0.000
294.166667 294.208333 9 9   149.847   144.820   154.762 0.000
294.208333 294.250000 9 9   140.827   134.915   146.078 0.000
294.250000 294.291667 9 9   137.836   135.077   141.523 0.000
294.291667 294.333333 9 9   148.266   143.751   153.616 0.000
294.333333 294.375000 9 9   157.540   153.622   161.390 0.000
294.375000 294.416667 9 9   162.531   151.170   173.485 0.000
294.416667 294.458333 9 9   149.808   145.217   157.099 0.000
294.458333 294.500000 9 9   168.357   162.040   175.264 0.000
294.500000 294.541667 9 9   170.938   163.925   179.787 0.000
294.541667 294.583333 9 9   184.757   180.749   188.204 0.000
294.583333 294.625000 9 9   182.377   179.779   185.360 0.000
294.625000 294.666667 9 9   185.799   182.400   194.171 0.000
294.666667 294.708333 9 9   191.730   177.432   213.730 0.000
294.708333 294.750000 9 9   202.498   182.352   216.161 0.000
294.750000 294.791667 9 9   176.513   158.127   199.130 0.000
294.791667 294.833333 9 9    84.678    84.678    84.678 0.000
294.833333 294.875000 9 9 99999.999 99999.999 99999.999 0.999
294.875000 294.916667 9 9 99999.999 99999.999 99999.999 0.999
294.916667 294.958333 9 9 99999.999 99999.999 99999.999 0.999
294.958333 295.000000 9 9 99999.999 99999.999 99999.999 0.999
295.000000 295.041667 9 9 99999.999 99999.999 99999.999 0.999
295.041667 295.083333 9 9 99999.999 99999.999 99999.999 0.999
295.083333 295.125000 9 9 99999.999 99999.999 99999.999 0.999
295.125000 295.166667 9 9 99999.999 99999.999 99999.999 0.999
295.166667 295.208333 9 9 99999.999 99999.999 99999.999 0.999
295.208333 295.250000 9 9 99999.999 99999.999 99999.999 0.999
295.250000 295.291667 9 9 99999.999 99999.999 99999.999 0.999
295.291667 295.333333 9 9 99999.999 99999.999 99999.999 0.999
295.333333 295.375000 9 9 99999.999 99999.999 99999.999 0.999
295.375000 295.416667 9 9 99999.999 99999.999 99999.999 0.999
295.416667 295.458333 9 9 99999.999 99999.999 99999.999 0.999
295.458333 295.500000 9 9 99999.999 99999.999 99999.999 0.999
295.500000 295.541667 9 9 99999.999 99999.999 99999.999 0.999
295.541667 295.583333 9 9 99999.999 99999.999 99999.999 0.999
295.583333 295.625000 9 9 99999.999 99999.999 99999.999 0.999
295.625000 295.666667 9 9 99999.999 99999.999 99999.999 0.999
295.666667 295.708333 9 9 99999.999 99999.999 99999.999 0.999
295.708333 295.750000 9 9 99999.999 99999.999 99999.999 0.999
295.750000 295.791667 9 9 99999.999 99999.999 99999.999 0.999
295.791667 295.833333 9 9 99999.999 99999.999 99999.999 0.999
295.833333 295.875000 9 9 99999.999 99999.999 99999.999 0.999
295.875000 295.916667 9 9 99999.999 99999.999 99999.999 0.999
295.916667 295.958333 9 9 99999.999 99999.999 99999.999 0.999
295.958333 296.000000 9 9 99999.999 99999.999 99999.999 0.999
296.000000 296.041667 9 9 99999.999 99999.999 99999.999 0.999
296.041667 296.083333 9 9 99999.999 99999.999 99999.999 0.999
296.083333 296.125000 9 9 99999.999 99999.999 99999.999 0.999
296.125000 296.166667 9 9 99999.999 99999.999 99999.999 0.999
296.166667 296.208333 9 9 99999.999 99999.999 99999.999 0.999
296.208333 296.250000 9 9 99999.999 99999.999 99999.999 0.999
296.250000 296.291667 9 9 99999.999 99999.999 99999.999 0.999
296.291667 296.333333 9 9 99999.999 99999.999 99999.999 0.999
296.333333 296.375000 9 9 99999.999 99999.999 99999.999 0.999
296.375000 296.416667 9 9 99999.999 99999.999 99999.999 0.999
296.416667 296.458333 9 9 99999.999 99999.999 99999.999 0.999
296.458333 296.500000 9 9 99999.999 99999.999 99999.999 0.999
296.500000 296.541667 9 9 99999.999 99999.999 99999.999 0.999
296.541667 296.583333 9 9 99999.999 99999.999 99999.999 0.999
296.583333 296.625000 9 9 99999.999 99999.999 99999.999 0.999
296.625000 296.666667 9 9 99999.999 99999.999 99999.999 0.999
296.666667 296.708333 9 9 99999.999 99999.999 99999.999 0.999
296.708333 296.750000 9 9 99999.999 99999.999 99999.999 0.999
296.750000 296.791667 9 9 99999.999 99999.999 99999.999 0.999
296.791667 296.833333 9 9 99999.999 99999.999 99999.999 0.999
296.833333 296.875000 9 9 99999.999 99999.999 99999.999 0.999
296.875000 296.916667 9 9 99999.999 99999.999 99999.999 0.999
296.916667 296.958333 9 9 99999.999 99999.999 99999.999 0.999
296.958333 297.000000 9 9 99999.999 99999.999 99999.999 0.999
297.000000 297.041667 9 9 99999.999 99999.999 99999.999 0.999
297.041667 297.083333 9 9 99999.999 99999.999 99999.999 0.999
297.083333 297.125000 9 9 99999.999 99999.999 99999.999 0.999
297.125000 297.166667 9 9 99999.999 99999.999 99999.999 0.999
297.166667 297.208333 9 9 99999.999 99999.999 99999.999 0.999
297.208333 297.250000 9 9 99999.999 99999.999 99999.999 0.999
297.250000 297.291667 9 9 99999.999 99999.999 99999.999 0.999
297.291667 297.333333 9 9 99999.999 99999.999 99999.999 0.999
297.333333 297.375000 9 9 99999.999 99999.999 99999.999 0.999
297.375000 297.416667 9 9 99999.999 99999.999 99999.999 0.999
297.416667 297.458333 9 9 99999.999 99999.999 99999.999 0.999
297.458333 297.500000 9 9 99999.999 99999.999 99999.999 0.999
297.500000 297.541667 9 9 99999.999 99999.999 99999.999 0.999
297.541667 297.583333 9 9 99999.999 99999.999 99999.999 0.999
297.583333 297.625000 9 9 99999.999 99999.999 99999.999 0.999
297.625000 297.666667 9 9 99999.999 99999.999 99999.999 0.999
297.666667 297.708333 9 9 99999.999 99999.999 99999.999 0.999
297.708333 297.750000 9 9 99999.999 99999.999 99999.999 0.999
297.750000 297.791667 9 9 99999.999 99999.999 99999.999 0.999
297.791667 297.833333 9 9 99999.999 99999.999 99999.999 0.999
297.833333 297.875000 9 9 99999.999 99999.999 99999.999 0.999
297.875000 297.916667 9 9 99999.999 99999.999 99999.999 0.999
297.916667 297.958333 9 9 99999.999 99999.999 99999.999 0.999
297.958333 298.000000 9 9 99999.999 99999.999 99999.999 0.999
298.000000 298.041667 9 9 99999.999 99999.999 99999.999 0.999
298.041667 298.083333 9 9 99999.999 99999.999 99999.999 0.999
298.083333 298.125000 9 9 99999.999 99999.999 99999.999 0.999
298.125000 298.166667 9 9 99999.999 99999.999 99999.999 0.999
298.166667 298.208333 9 9 99999.999 99999.999 99999.999 0.999
298.208333 298.250000 9 9 99999.999 99999.999 99999.999 0.999
298.250000 298.291667 9 9 99999.999 99999.999 99999.999 0.999
298.291667 298.333333 9 9 99999.999 99999.999 99999.999 0.999
298.333333 298.375000 9 9 99999.999 99999.999 99999.999 0.999
298.375000 298.416667 9 9 99999.999 99999.999 99999.999 0.999
298.416667 298.458333 9 9 99999.999 99999.999 99999.999 0.999
298.458333 298.500000 9 9 99999.999 99999.999 99999.999 0.999
298.500000 298.541667 9 9 99999.999 99999.999 99999.999 0.999
298.541667 298.583333 9 9 99999.999 99999.999 99999.999 0.999
298.583333 298.625000 9 9 99999.999 99999.999 99999.999 0.999
298.625000 298.666667 9 9 99999.999 99999.999 99999.999 0.999
298.666667 298.708333 9 9 99999.999 99999.999 99999.999 0.999
298.708333 298.750000 9 9 99999.999 99999.999 99999.999 0.999
298.750000 298.791667 9 9 99999.999 99999.999 99999.999 0.999
298.791667 298.833333 9 9 99999.999 99999.999 99999.999 0.999
298.833333 298.875000 9 9 99999.999 99999.999 99999.999 0.999
298.875000 298.916667 9 9 99999.999 99999.999 99999.999 0.999
298.916667 298.958333 9 9 99999.999 99999.999 99999.999 0.999
298.958333 299.000000 9 9 99999.999 99999.999 99999.999 0.999
299.000000 299.041667 9 9 99999.999 99999.999 99999.999 0.999
299.041667 299.083333 9 9 99999.999 99999.999 99999.999 0.999
299.083333 299.125000 9 9 99999.999 99999.999 99999.999 0.999
299.125000 299.166667 9 9 99999.999 99999.999 99999.999 0.999
299.166667 299.208333 9 9 99999.999 99999.999 99999.999 0.999
299.208333 299.250000 9 9 99999.999 99999.999 99999.999 0.999
299.250000 299.291667 9 9 99999.999 99999.999 99999.999 0.999
299.291667 299.333333 9 9 99999.999 99999.999 99999.999 0.999
299.333333 299.375000 9 9 99999.999 99999.999 99999.999 0.999
299.375000 299.416667 9 9 99999.999 99999.999 99999.999 0.999
299.416667 299.458333 9 9 99999.999 99999.999 99999.999 0.999
299.458333 299.500000 9 9 99999.999 99999.999 99999.999 0.999
299.500000 299.541667 9 9 99999.999 99999.999 99999.999 0.999
299.541667 299.583333 9 9 99999.999 99999.999 99999.999 0.999
299.583333 299.625000 9 9 99999.999 99999.999 99999.999 0.999
299.625000 299.666667 9 9 99999.999 99999.999 99999.999 0.999
299.666667 299.708333 9 9 99999.999 99999.999 99999.999 0.999
299.708333 299.750000 9 9 99999.999 99999.999 99999.999 0.999
299.750000 299.791667 9 9 99999.999 99999.999 99999.999 0.999
299.791667 299.833333 9 9 99999.999 99999.999 99999.999 0.999
299.833333 299.875000 9 9 99999.999 99999.999 99999.999 0.999
299.875000 299.916667 9 9 99999.999 99999.999 99999.999 0.999
299.916667 299.958333 9 9 99999.999 99999.999 99999.999 0.999
299.958333 300.000000 9 9 99999.999 99999.999 99999.999 0.999
300.000000 300.041667 9 9 99999.999 99999.999 99999.999 0.999
300.041667 300.083333 9 9 99999.999 99999.999 99999.999 0.999
300.083333 300.125000 9 9 99999.999 99999.999 99999.999 0.999
300.125000 300.166667 9 9 99999.999 99999.999 99999.999 0.999
300.166667 300.208333 9 9 99999.999 99999.999 99999.999 0.999
300.208333 300.250000 9 9 99999.999 99999.999 99999.999 0.999
300.250000 300.291667 9 9 99999.999 99999.999 99999.999 0.999
300.291667 300.333333 9 9 99999.999 99999.999 99999.999 0.999
300.333333 300.375000 9 9 99999.999 99999.999 99999.999 0.999
300.375000 300.416667 9 9 99999.999 99999.999 99999.999 0.999
300.416667 300.458333 9 9 99999.999 99999.999 99999.999 0.999
300.458333 300.500000 9 9 99999.999 99999.999 99999.999 0.999
300.500000 300.541667 9 9 99999.999 99999.999 99999.999 0.999
300.541667 300.583333 9 9 99999.999 99999.999 99999.999 0.999
300.583333 300.625000 9 9 99999.999 99999.999 99999.999 0.999
300.625000 300.666667 9 9 99999.999 99999.999 99999.999 0.999
300.666667 300.708333 9 9 99999.999 99999.999 99999.999 0.999
300.708333 300.750000 9 9 99999.999 99999.999 99999.999 0.999
300.750000 300.791667 9 9 99999.999 99999.999 99999.999 0.999
300.791667 300.833333 9 9 99999.999 99999.999 99999.999 0.999
300.833333 300.875000 9 9 99999.999 99999.999 99999.999 0.999
300.875000 300.916667 9 9 99999.999 99999.999 99999.999 0.999
300.916667 300.958333 9 9 99999.999 99999.999 99999.999 0.999
300.958333 301.000000 9 9 99999.999 99999.999 99999.999 0.999
301.000000 301.041667 9 9 99999.999 99999.999 99999.999 0.999
