RRS/FI0023R.20060101000000.20181114115100.cpc.particle_number_concentration.pm10.1y.1h.FI03L_CPC_VAR_01.FI03L_CPC.lev2.nas
50 1001
Kulmala, Markku
FI03L, University of Helsinki, UHEL, Division of Atmospheric Sciences, PO BOX 64, , FI-00014, University of Helsinki, Finland
Aalto, Pasi
GAW-WDCA
1 1
2006 01 01 2018 11 14
0.041667
days from file reference point
7
1 1 1 1 1 1 1
999.999999 9 9 999999.999 999999.999 999999.999 9.999
end_time of measurement, days from the file reference point
pressure, hPa, Location=instrument internal, Matrix=instrument, Measurement uncertainty=
temperature, K, Location=instrument internal, Matrix=instrument, Measurement uncertainty=
particle_number_concentration, 1/cm3
particle_number_concentration, 1/cm3, Statistics=percentile:15.87
particle_number_concentration, 1/cm3, Statistics=percentile:84.13
numflag, no unit
0
29
Data definition:              EBAS_1.1
Set type code:                TU
Timezone:                     UTC
File name:                    FI0023R.20060101000000.20181114115100.cpc.particle_number_concentration.pm10.1y.1h.FI03L_CPC_VAR_01.FI03L_CPC.lev2.nas
File creation:                20200622170800
Startdate:                    20060101000000
Revision date:                20181114115100
Statistics:                   arithmetic mean
Data level:                   2
Period code:                  1y
Resolution code:              1h
Station code:                 FI0023R
Platform code:                FI0023S
Station name:                 V�rri�
Station latitude:             67.766667
Station longitude:            29.583333
Station altitude:             400.0 m
Regime:                       IMG
Component:                    particle_number_concentration
Unit:                         1/cm3
Matrix:                       pm10
Instrument type:              cpc
Laboratory code:              FI03L
Instrument name:              CPC_VAR_01
Method ref:                   FI03L_CPC
Measurement uncertainty:      5.0 %
Originator:                   Kulmala, Markku, , , , , , , , , 
Submitter:                    Aalto, Pasi, , , , , , , , , 
starttime endtime P T particle_number_concentration particle_number_concentration particle_number_concentration flag
[from data line 4185]
174.375000 174.416667 9 9   2180.460   2084.936   2324.669 0.000
174.416667 174.458333 9 9   2608.226   2098.314   2878.226 0.000
174.458333 174.500000 9 9   1142.962    953.151   1334.817 0.000
174.500000 174.541667 9 9   1059.667    913.158   1160.575 0.000
174.541667 174.583333 9 9   1213.133   1121.666   1285.627 0.000
174.583333 174.625000 9 9   1592.447   1381.417   1792.723 0.000
174.625000 174.666667 9 9   2246.293   1880.980   2636.428 0.000
174.666667 174.708333 9 9   1540.435   1281.754   2107.594 0.000
174.708333 174.750000 9 9   1548.578   1418.878   1647.637 0.000
174.750000 174.791667 9 9   2087.229   1641.848   2509.194 0.000
174.791667 174.833333 9 9   3439.044   2959.490   3738.165 0.000
174.833333 174.875000 9 9   3905.763   3421.601   4604.412 0.000
174.875000 174.916667 9 9   5845.907   5284.134   6246.369 0.000
174.916667 174.958333 9 9   6301.786   6238.295   6395.440 0.000
174.958333 175.000000 9 9   6121.887   6049.854   6191.268 0.000
175.000000 175.041667 9 9   5792.963   5595.947   5967.887 0.000
175.041667 175.083333 9 9   5359.552   5255.117   5507.462 0.000
175.083333 175.125000 9 9   5048.511   4910.263   5168.769 0.000
175.125000 175.166667 9 9   4394.344   4169.819   4598.785 0.000
175.166667 175.208333 9 9   4043.812   3961.379   4123.505 0.000
175.208333 175.250000 9 9   3530.292   3214.862   3909.797 0.000
175.250000 175.291667 9 9   2967.818   2771.550   3215.988 0.000
175.291667 175.333333 9 9   2251.514   1645.103   2700.737 0.000
175.333333 175.375000 9 9    979.296    750.228   1276.355 0.000
175.375000 175.416667 9 9    499.256    319.596    643.717 0.000
175.416667 175.458333 9 9    115.378     23.732    213.804 0.000
175.458333 175.500000 9 9 999999.999 999999.999 999999.999 0.999
175.500000 175.541667 9 9 999999.999 999999.999 999999.999 0.999
175.541667 175.583333 9 9 999999.999 999999.999 999999.999 0.999
175.583333 175.625000 9 9 999999.999 999999.999 999999.999 0.999
175.625000 175.666667 9 9 999999.999 999999.999 999999.999 0.999
175.666667 175.708333 9 9 999999.999 999999.999 999999.999 0.999
175.708333 175.750000 9 9 999999.999 999999.999 999999.999 0.999
175.750000 175.791667 9 9 999999.999 999999.999 999999.999 0.999
175.791667 175.833333 9 9 999999.999 999999.999 999999.999 0.999
175.833333 175.875000 9 9 999999.999 999999.999 999999.999 0.999
175.875000 175.916667 9 9 999999.999 999999.999 999999.999 0.999
175.916667 175.958333 9 9 999999.999 999999.999 999999.999 0.999
175.958333 176.000000 9 9 999999.999 999999.999 999999.999 0.999
176.000000 176.041667 9 9 999999.999 999999.999 999999.999 0.999
176.041667 176.083333 9 9 999999.999 999999.999 999999.999 0.999
176.083333 176.125000 9 9 999999.999 999999.999 999999.999 0.999
176.125000 176.166667 9 9 999999.999 999999.999 999999.999 0.999
176.166667 176.208333 9 9 999999.999 999999.999 999999.999 0.999
176.208333 176.250000 9 9 999999.999 999999.999 999999.999 0.999
176.250000 176.291667 9 9 999999.999 999999.999 999999.999 0.999
176.291667 176.333333 9 9 999999.999 999999.999 999999.999 0.999
176.333333 176.375000 9 9 999999.999 999999.999 999999.999 0.999
176.375000 176.416667 9 9 999999.999 999999.999 999999.999 0.999
176.416667 176.458333 9 9 999999.999 999999.999 999999.999 0.999
176.458333 176.500000 9 9 999999.999 999999.999 999999.999 0.999
176.500000 176.541667 9 9 999999.999 999999.999 999999.999 0.999
176.541667 176.583333 9 9 999999.999 999999.999 999999.999 0.999
176.583333 176.625000 9 9 999999.999 999999.999 999999.999 0.999
176.625000 176.666667 9 9 999999.999 999999.999 999999.999 0.999
176.666667 176.708333 9 9 999999.999 999999.999 999999.999 0.999
176.708333 176.750000 9 9 999999.999 999999.999 999999.999 0.999
176.750000 176.791667 9 9 999999.999 999999.999 999999.999 0.999
176.791667 176.833333 9 9 999999.999 999999.999 999999.999 0.999
176.833333 176.875000 9 9 999999.999 999999.999 999999.999 0.999
176.875000 176.916667 9 9 999999.999 999999.999 999999.999 0.999
176.916667 176.958333 9 9 999999.999 999999.999 999999.999 0.999
176.958333 177.000000 9 9 999999.999 999999.999 999999.999 0.999
177.000000 177.041667 9 9 999999.999 999999.999 999999.999 0.999
177.041667 177.083333 9 9 999999.999 999999.999 999999.999 0.999
177.083333 177.125000 9 9 999999.999 999999.999 999999.999 0.999
177.125000 177.166667 9 9 999999.999 999999.999 999999.999 0.999
177.166667 177.208333 9 9 999999.999 999999.999 999999.999 0.999
177.208333 177.250000 9 9 999999.999 999999.999 999999.999 0.999
177.250000 177.291667 9 9 999999.999 999999.999 999999.999 0.999
177.291667 177.333333 9 9 999999.999 999999.999 999999.999 0.999
177.333333 177.375000 9 9   1615.971   1606.825   1625.118 0.000
177.375000 177.416667 9 9   1709.687   1610.974   1820.862 0.000
177.416667 177.458333 9 9   2049.612   1981.609   2171.689 0.000
177.458333 177.500000 9 9   2402.461   2227.832   2513.267 0.000
177.500000 177.541667 9 9   2369.041   2155.236   2704.844 0.000
177.541667 177.583333 9 9   2298.509   2111.940   2592.305 0.000
177.583333 177.625000 9 9   2795.196   2585.041   3003.759 0.000
177.625000 177.666667 9 9   2810.835   2691.024   2866.971 0.000
177.666667 177.708333 9 9   2938.161   2481.789   3131.048 0.000
177.708333 177.750000 9 9   2074.049   1991.225   2204.769 0.000
177.750000 177.791667 9 9   2491.425   2323.199   2585.631 0.000
177.791667 177.833333 9 9   2561.524   2458.771   2634.402 0.000
177.833333 177.875000 9 9   2325.401   2259.942   2365.795 0.000
177.875000 177.916667 9 9   1920.844   1655.744   2322.194 0.000
177.916667 177.958333 9 9   1591.680   1555.587   1623.660 0.000
177.958333 178.000000 9 9   1591.491   1566.308   1614.012 0.000
178.000000 178.041667 9 9   1626.518   1522.286   1724.365 0.000
178.041667 178.083333 9 9   1551.000   1491.506   1640.949 0.000
178.083333 178.125000 9 9   1481.622   1463.279   1507.170 0.000
178.125000 178.166667 9 9   1554.132   1317.421   1773.262 0.000
178.166667 178.208333 9 9   1037.572    841.758   1195.698 0.000
178.208333 178.250000 9 9    881.833    779.670   1000.945 0.000
178.250000 178.291667 9 9    817.815    762.419    869.299 0.000
178.291667 178.333333 9 9   1120.203   1046.248   1195.952 0.000
178.333333 178.375000 9 9   1603.156   1276.151   1922.961 0.000
178.375000 178.416667 9 9   2739.240   2284.868   3489.168 0.000
178.416667 178.458333 9 9   5157.845   4250.890   5823.313 0.000
178.458333 178.500000 9 9   5831.470   5734.493   5957.850 0.000
178.500000 178.541667 9 9   5303.657   5004.632   5579.939 0.000
178.541667 178.583333 9 9   6209.134   5984.383   6460.235 0.000
178.583333 178.625000 9 9   5628.527   5197.575   5998.879 0.000
178.625000 178.666667 9 9   5033.943   5001.102   5084.285 0.000
178.666667 178.708333 9 9   4984.638   4910.315   5083.501 0.000
178.708333 178.750000 9 9   4705.792   4380.971   5012.580 0.000
178.750000 178.791667 9 9   3710.978   2965.615   4239.163 0.000
178.791667 178.833333 9 9   2149.671   1724.845   2668.079 0.000
178.833333 178.875000 9 9   1318.365   1075.178   1634.825 0.000
178.875000 178.916667 9 9    799.933    717.215    934.766 0.000
178.916667 178.958333 9 9   1495.820   1031.887   2133.400 0.000
178.958333 179.000000 9 9   2217.028   1967.432   2594.708 0.000
179.000000 179.041667 9 9   3633.503   3308.610   3892.140 0.000
179.041667 179.083333 9 9   2809.112   2616.537   2986.948 0.000
179.083333 179.125000 9 9   2689.655   2633.609   2790.283 0.000
179.125000 179.166667 9 9   1966.051   1673.933   2561.265 0.000
179.166667 179.208333 9 9   1712.381   1395.382   2035.357 0.000
179.208333 179.250000 9 9   2202.030   1809.127   2631.920 0.000
179.250000 179.291667 9 9   1180.705    911.936   1652.916 0.000
179.291667 179.333333 9 9    827.835    795.406    860.208 0.000
179.333333 179.375000 9 9    761.775    748.898    773.151 0.000
179.375000 179.416667 9 9    814.239    789.493    849.730 0.000
179.416667 179.458333 9 9    765.092    742.571    790.363 0.000
179.458333 179.500000 9 9    787.777    763.743    812.658 0.000
179.500000 179.541667 9 9    689.882    624.493    741.372 0.000
179.541667 179.583333 9 9    531.049    480.844    574.383 0.000
179.583333 179.625000 9 9    433.510    411.247    453.370 0.000
179.625000 179.666667 9 9    395.862    386.637    415.815 0.000
179.666667 179.708333 9 9    337.796    314.576    357.471 0.000
179.708333 179.750000 9 9    332.846    313.725    348.568 0.000
179.750000 179.791667 9 9    361.908    351.235    370.014 0.000
179.791667 179.833333 9 9    363.123    357.720    369.155 0.000
179.833333 179.875000 9 9    672.013    385.510   1087.302 0.000
179.875000 179.916667 9 9   1287.344   1141.733   1429.001 0.000
179.916667 179.958333 9 9   1186.110   1106.176   1269.524 0.000
179.958333 180.000000 9 9    924.333    815.428   1057.839 0.000
180.000000 180.041667 9 9   1625.018   1088.996   2274.009 0.000
180.041667 180.083333 9 9   1795.239   1707.752   1919.231 0.000
180.083333 180.125000 9 9   1830.986   1624.591   2002.522 0.000
180.125000 180.166667 9 9   1894.398   1686.207   2057.260 0.000
180.166667 180.208333 9 9   1304.167   1180.784   1429.171 0.000
180.208333 180.250000 9 9   1103.667   1062.935   1171.700 0.000
180.250000 180.291667 9 9   1059.254    998.134   1122.322 0.000
180.291667 180.333333 9 9    957.415    908.324   1006.091 0.000
180.333333 180.375000 9 9    918.467    891.963    937.668 0.000
180.375000 180.416667 9 9    798.440    739.115    836.753 0.000
180.416667 180.458333 9 9    718.048    707.248    727.245 0.000
180.458333 180.500000 9 9    709.176    687.437    731.748 0.000
180.500000 180.541667 9 9    679.970    659.174    695.460 0.000
180.541667 180.583333 9 9    737.565    707.160    775.430 0.000
180.583333 180.625000 9 9   1047.993   1016.677   1080.932 0.000
180.625000 180.666667 9 9   1199.637   1154.566   1237.758 0.000
180.666667 180.708333 9 9   1247.377   1237.335   1256.066 0.000
180.708333 180.750000 9 9   1250.541   1243.231   1259.058 0.000
180.750000 180.791667 9 9   1263.741   1249.089   1279.384 0.000
180.791667 180.833333 9 9   1280.019   1265.655   1297.046 0.000
180.833333 180.875000 9 9   1184.580   1107.820   1259.590 0.000
180.875000 180.916667 9 9   1150.122   1113.565   1177.713 0.000
180.916667 180.958333 9 9   1083.712    939.946   1170.895 0.000
180.958333 181.000000 9 9    802.236    758.089    869.111 0.000
181.000000 181.041667 9 9    688.058    672.716    723.920 0.000
181.041667 181.083333 9 9    661.851    652.708    684.505 0.000
181.083333 181.125000 9 9    744.010    712.868    774.703 0.000
181.125000 181.166667 9 9    741.529    718.654    770.465 0.000
181.166667 181.208333 9 9    725.986    711.349    752.627 0.000
181.208333 181.250000 9 9    709.698    671.729    754.587 0.000
181.250000 181.291667 9 9    695.405    664.606    747.188 0.000
181.291667 181.333333 9 9    784.333    750.137    832.290 0.000
181.333333 181.375000 9 9    861.148    838.841    901.002 0.000
181.375000 181.416667 9 9    990.850    933.124   1059.124 0.000
181.416667 181.458333 9 9   1164.101   1124.614   1213.131 0.000
181.458333 181.500000 9 9   1292.021   1273.924   1306.154 0.000
181.500000 181.541667 9 9   1403.413   1353.212   1442.439 0.000
181.541667 181.583333 9 9   1487.935   1397.971   1609.833 0.000
181.583333 181.625000 9 9   1628.285   1581.177   1671.900 0.000
181.625000 181.666667 9 9   1714.507   1609.956   1798.978 0.000
181.666667 181.708333 9 9   1686.191   1638.963   1729.521 0.000
181.708333 181.750000 9 9   1753.833   1724.817   1782.079 0.000
181.750000 181.791667 9 9   2053.972   1682.724   2591.041 0.000
181.791667 181.833333 9 9   1619.282   1591.006   1676.893 0.000
181.833333 181.875000 9 9   1522.014   1500.325   1541.999 0.000
181.875000 181.916667 9 9   1467.166   1442.073   1503.712 0.000
181.916667 181.958333 9 9   1763.243   1576.646   1939.696 0.000
181.958333 182.000000 9 9   2438.492   1761.888   3288.813 0.000
182.000000 182.041667 9 9   2197.732   1688.608   2653.191 0.000
182.041667 182.083333 9 9   2455.912   2347.037   2565.571 0.000
182.083333 182.125000 9 9   2461.354   2437.958   2485.132 0.000
182.125000 182.166667 9 9   2498.660   2423.391   2593.461 0.000
182.166667 182.208333 9 9   2395.877   2339.073   2441.952 0.000
182.208333 182.250000 9 9   2118.178   1905.862   2226.055 0.000
182.250000 182.291667 9 9   1824.597   1753.461   1898.450 0.000
182.291667 182.333333 9 9   1810.052   1759.372   1849.116 0.000
182.333333 182.375000 9 9   1893.456   1839.260   1938.449 0.000
182.375000 182.416667 9 9   1995.637   1831.855   2195.819 0.000
182.416667 182.458333 9 9   2243.631   2243.631   2243.631 0.000
182.458333 182.500000 9 9 999999.999 999999.999 999999.999 0.999
182.500000 182.541667 9 9 999999.999 999999.999 999999.999 0.999
182.541667 182.583333 9 9 999999.999 999999.999 999999.999 0.999
182.583333 182.625000 9 9 999999.999 999999.999 999999.999 0.999
182.625000 182.666667 9 9 999999.999 999999.999 999999.999 0.999
182.666667 182.708333 9 9 999999.999 999999.999 999999.999 0.999
182.708333 182.750000 9 9 999999.999 999999.999 999999.999 0.999
182.750000 182.791667 9 9   1523.211   1431.528   1580.651 0.000
182.791667 182.833333 9 9   1466.094   1414.802   1518.850 0.000
182.833333 182.875000 9 9   1617.894   1573.068   1671.497 0.000
182.875000 182.916667 9 9   1715.891   1620.429   1855.840 0.000
182.916667 182.958333 9 9   2165.575   2049.316   2250.470 0.000
182.958333 183.000000 9 9   3384.698   2432.581   4469.305 0.000
183.000000 183.041667 9 9   3768.237   3503.008   3984.418 0.000
183.041667 183.083333 9 9   3537.193   3418.391   3826.121 0.000
183.083333 183.125000 9 9   2973.646   2629.397   3334.975 0.000
183.125000 183.166667 9 9   2567.505   2411.757   2682.141 0.000
183.166667 183.208333 9 9   2140.682   2013.499   2274.052 0.000
183.208333 183.250000 9 9   1693.918   1491.624   1910.436 0.000
183.250000 183.291667 9 9   1459.956   1366.637   1535.983 0.000
183.291667 183.333333 9 9   1386.192   1303.525   1496.438 0.000
183.333333 183.375000 9 9   1347.795   1328.608   1370.900 0.000
183.375000 183.416667 9 9   1309.533   1225.305   1374.516 0.000
183.416667 183.458333 9 9   1132.855   1107.983   1152.595 0.000
183.458333 183.500000 9 9    974.604    919.430   1075.919 0.000
183.500000 183.541667 9 9    751.346    673.650    838.186 0.000
183.541667 183.583333 9 9    706.533    677.758    754.600 0.000
183.583333 183.625000 9 9    632.839    620.760    643.236 0.000
183.625000 183.666667 9 9    627.751    595.909    655.098 0.000
183.666667 183.708333 9 9 999999.999 999999.999 999999.999 0.999
183.708333 183.750000 9 9 999999.999 999999.999 999999.999 0.999
183.750000 183.791667 9 9 999999.999 999999.999 999999.999 0.999
183.791667 183.833333 9 9 999999.999 999999.999 999999.999 0.999
183.833333 183.875000 9 9 999999.999 999999.999 999999.999 0.999
183.875000 183.916667 9 9 999999.999 999999.999 999999.999 0.999
183.916667 183.958333 9 9 999999.999 999999.999 999999.999 0.999
183.958333 184.000000 9 9 999999.999 999999.999 999999.999 0.999
184.000000 184.041667 9 9 999999.999 999999.999 999999.999 0.999
184.041667 184.083333 9 9 999999.999 999999.999 999999.999 0.999
184.083333 184.125000 9 9 999999.999 999999.999 999999.999 0.999
184.125000 184.166667 9 9 999999.999 999999.999 999999.999 0.999
184.166667 184.208333 9 9 999999.999 999999.999 999999.999 0.999
184.208333 184.250000 9 9   1140.885 999999.999 999999.999 0.000
184.250000 184.291667 9 9 999999.999 999999.999 999999.999 0.999
184.291667 184.333333 9 9 999999.999 999999.999 999999.999 0.999
184.333333 184.375000 9 9 999999.999 999999.999 999999.999 0.999
184.375000 184.416667 9 9 999999.999 999999.999 999999.999 0.999
184.416667 184.458333 9 9 999999.999 999999.999 999999.999 0.999
184.458333 184.500000 9 9 999999.999 999999.999 999999.999 0.999
184.500000 184.541667 9 9    171.586    169.799    173.373 0.000
184.541667 184.583333 9 9    185.245    126.056    293.376 0.000
