RRS/FI0023R.20100101000000.20181114115100.cpc.particle_number_concentration.pm10.1y.1h.FI03L_CPC_VAR_01.FI03L_CPC.lev2.nas
50 1001
Kulmala, Markku
FI03L, University of Helsinki, UHEL, Division of Atmospheric Sciences, PO BOX 64, , FI-00014, University of Helsinki, Finland
Aalto, Pasi
GAW-WDCA
1 1
2010 01 01 2018 11 14
0.041667
days from file reference point
7
1 1 1 1 1 1 1
999.999999 9 9 999999.999 99999.999 999999.999 9.999
end_time of measurement, days from the file reference point
pressure, hPa, Location=instrument internal, Matrix=instrument, Measurement uncertainty=
temperature, K, Location=instrument internal, Matrix=instrument, Measurement uncertainty=
particle_number_concentration, 1/cm3
particle_number_concentration, 1/cm3, Statistics=percentile:15.87
particle_number_concentration, 1/cm3, Statistics=percentile:84.13
numflag, no unit
0
29
Data definition:              EBAS_1.1
Set type code:                TU
Timezone:                     UTC
File name:                    FI0023R.20100101000000.20181114115100.cpc.particle_number_concentration.pm10.1y.1h.FI03L_CPC_VAR_01.FI03L_CPC.lev2.nas
File creation:                20200622170804
Startdate:                    20100101000000
Revision date:                20181114115100
Statistics:                   arithmetic mean
Data level:                   2
Period code:                  1y
Resolution code:              1h
Station code:                 FI0023R
Platform code:                FI0023S
Station name:                 V�rri�
Station latitude:             67.766667
Station longitude:            29.583333
Station altitude:             400.0 m
Regime:                       IMG
Component:                    particle_number_concentration
Unit:                         1/cm3
Matrix:                       pm10
Instrument type:              cpc
Laboratory code:              FI03L
Instrument name:              CPC_VAR_01
Method ref:                   FI03L_CPC
Measurement uncertainty:      5.0 %
Originator:                   Kulmala, Markku, , , , , , , , , 
Submitter:                    Aalto, Pasi, , , , , , , , , 
starttime endtime P T particle_number_concentration particle_number_concentration particle_number_concentration flag
[from data line 751]
 31.291667  31.333333 9 9   1442.397  1430.925   1457.510 0.000
 31.333333  31.375000 9 9   1257.056  1230.131   1280.870 0.000
 31.375000  31.416667 9 9   1269.571  1216.197   1337.764 0.000
 31.416667  31.458333 9 9   1192.639  1185.685   1200.945 0.000
 31.458333  31.500000 9 9   1187.282  1181.267   1192.081 0.000
 31.500000  31.541667 9 9   1181.027  1175.169   1186.992 0.000
 31.541667  31.583333 9 9   1195.867  1173.477   1210.385 0.000
 31.583333  31.625000 9 9   1209.079  1196.193   1222.997 0.000
 31.625000  31.666667 9 9   1157.490  1146.414   1169.488 0.000
 31.666667  31.708333 9 9   1229.037  1191.367   1250.344 0.000
 31.708333  31.750000 9 9   1228.407  1219.364   1237.138 0.000
 31.750000  31.791667 9 9   1208.515  1200.818   1216.354 0.000
 31.791667  31.833333 9 9   1121.927  1086.177   1166.903 0.000
 31.833333  31.875000 9 9   1056.056  1048.949   1065.235 0.000
 31.875000  31.916667 9 9    968.258   924.586   1014.280 0.000
 31.916667  31.958333 9 9    926.383   915.585    930.948 0.000
 31.958333  32.000000 9 9    982.858   937.470   1041.378 0.000
 32.000000  32.041667 9 9    996.296   970.811   1023.585 0.000
 32.041667  32.083333 9 9    958.968   951.647    966.951 0.000
 32.083333  32.125000 9 9   1011.768   984.563   1029.262 0.000
 32.125000  32.166667 9 9   1037.100  1030.477   1044.287 0.000
 32.166667  32.208333 9 9   1005.930   983.209   1025.323 0.000
 32.208333  32.250000 9 9    940.189   926.910    953.709 0.000
 32.250000  32.291667 9 9    912.000   905.843    918.779 0.000
 32.291667  32.333333 9 9    915.406   904.633    925.619 0.000
 32.333333  32.375000 9 9    891.291   882.842    900.637 0.000
 32.375000  32.416667 9 9    866.625   854.618    881.996 0.000
 32.416667  32.458333 9 9    854.991   842.886    870.452 0.000
 32.458333  32.500000 9 9   1062.985   904.924   1234.022 0.000
 32.500000  32.541667 9 9   1588.039  1386.054   1764.360 0.000
 32.541667  32.583333 9 9   1520.441  1363.074   1671.539 0.000
 32.583333  32.625000 9 9   1506.146  1316.640   1627.565 0.000
 32.625000  32.666667 9 9   1331.216  1280.107   1379.976 0.000
 32.666667  32.708333 9 9   1200.599  1111.570   1272.561 0.000
 32.708333  32.750000 9 9   1082.309  1063.565   1102.322 0.000
 32.750000  32.791667 9 9   1080.436  1058.137   1104.309 0.000
 32.791667  32.833333 9 9   1031.099  1013.780   1048.105 0.000
 32.833333  32.875000 9 9    991.700   985.535   1000.461 0.000
 32.875000  32.916667 9 9    987.175   947.107   1030.769 0.000
 32.916667  32.958333 9 9    894.883   856.451    923.565 0.000
 32.958333  33.000000 9 9    647.186   605.620    702.005 0.000
 33.000000  33.041667 9 9    586.959   573.633    598.375 0.000
 33.041667  33.083333 9 9    660.284   565.469    884.957 0.000
 33.083333  33.125000 9 9    691.769   639.298    757.924 0.000
 33.125000  33.166667 9 9    578.969   568.297    596.922 0.000
 33.166667  33.208333 9 9    582.388   576.207    588.656 0.000
 33.208333  33.250000 9 9    571.013   568.088    573.915 0.000
 33.250000  33.291667 9 9    562.507   558.426    567.184 0.000
 33.291667  33.333333 9 9    625.865   577.620    658.801 0.000
 33.333333  33.375000 9 9    828.526   711.638    991.692 0.000
 33.375000  33.416667 9 9   1151.711  1009.906   1286.838 0.000
 33.416667  33.458333 9 9    716.715   688.341    761.695 0.000
 33.458333  33.500000 9 9    846.822   823.756    876.119 0.000
 33.500000  33.541667 9 9    825.781   794.533    901.659 0.000
 33.541667  33.583333 9 9    971.325   939.052   1006.157 0.000
 33.583333  33.625000 9 9    965.078   948.863    980.782 0.000
 33.625000  33.666667 9 9   1156.311  1028.903   1232.632 0.000
 33.666667  33.708333 9 9    992.257   946.248   1034.273 0.000
 33.708333  33.750000 9 9    990.942   952.240   1030.059 0.000
 33.750000  33.791667 9 9   1001.264   985.066   1017.402 0.000
 33.791667  33.833333 9 9    905.559   894.769    916.389 0.000
 33.833333  33.875000 9 9    938.730   890.644    982.266 0.000
 33.875000  33.916667 9 9    909.161   861.668    965.123 0.000
 33.916667  33.958333 9 9    837.071   826.636    846.830 0.000
 33.958333  34.000000 9 9    937.737   893.181    976.496 0.000
 34.000000  34.041667 9 9    992.344   987.526    997.062 0.000
 34.041667  34.083333 9 9    989.231   983.026    996.167 0.000
 34.083333  34.125000 9 9    949.460   932.662    968.094 0.000
 34.125000  34.166667 9 9    905.674   882.730    922.882 0.000
 34.166667  34.208333 9 9    867.924   856.382    878.955 0.000
 34.208333  34.250000 9 9    878.468   865.796    887.326 0.000
 34.250000  34.291667 9 9    888.605   878.498    898.492 0.000
 34.291667  34.333333 9 9    886.852   872.299    904.801 0.000
 34.333333  34.375000 9 9    838.376   829.444    845.759 0.000
 34.375000  34.416667 9 9    823.006   814.210    830.866 0.000
 34.416667  34.458333 9 9    818.490   812.080    824.641 0.000
 34.458333  34.500000 9 9    836.507   826.078    841.487 0.000
 34.500000  34.541667 9 9    929.946   778.749   1141.107 0.000
 34.541667  34.583333 9 9    795.256   783.029    810.757 0.000
 34.583333  34.625000 9 9    784.427   748.355    819.540 0.000
 34.625000  34.666667 9 9    818.833   796.165    836.511 0.000
 34.666667  34.708333 9 9    787.885   764.896    795.338 0.000
 34.708333  34.750000 9 9   1394.468  1110.692   1648.714 0.000
 34.750000  34.791667 9 9   1407.928  1312.669   1505.758 0.000
 34.791667  34.833333 9 9   1210.642  1094.904   1305.746 0.000
 34.833333  34.875000 9 9    945.190   884.664   1031.664 0.000
 34.875000  34.916667 9 9    896.267   878.802    910.832 0.000
 34.916667  34.958333 9 9    990.817   941.038   1043.139 0.000
 34.958333  35.000000 9 9   1030.757  1009.648   1048.891 0.000
 35.000000  35.041667 9 9   1004.743   997.306   1013.535 0.000
 35.041667  35.083333 9 9   1019.851   972.686   1091.774 0.000
 35.083333  35.125000 9 9    915.227   900.957    928.035 0.000
 35.125000  35.166667 9 9    896.520   886.255    905.620 0.000
 35.166667  35.208333 9 9    956.400   922.996    987.287 0.000
 35.208333  35.250000 9 9   1156.326  1047.461   1239.532 0.000
 35.250000  35.291667 9 9   1321.979  1285.548   1356.408 0.000
 35.291667  35.333333 9 9   1295.902  1277.888   1313.168 0.000
 35.333333  35.375000 9 9   1235.640  1196.173   1271.399 0.000
 35.375000  35.416667 9 9   1185.450  1153.509   1196.465 0.000
 35.416667  35.458333 9 9   1075.456  1017.422   1133.256 0.000
 35.458333  35.500000 9 9   1020.879   914.561    992.850 0.000
 35.500000  35.541667 9 9    858.296   840.194    880.254 0.000
 35.541667  35.583333 9 9    766.601   705.396    819.368 0.000
 35.583333  35.625000 9 9    624.384   566.001    667.012 0.000
 35.625000  35.666667 9 9    501.119   483.270    525.590 0.000
 35.666667  35.708333 9 9    552.362   542.961    561.386 0.000
 35.708333  35.750000 9 9    530.809   514.217    549.205 0.000
 35.750000  35.791667 9 9    531.604   519.534    541.178 0.000
 35.791667  35.833333 9 9    577.149   551.557    609.391 0.000
 35.833333  35.875000 9 9    681.527   637.867    722.461 0.000
 35.875000  35.916667 9 9    668.131   648.960    695.972 0.000
 35.916667  35.958333 9 9    659.176   646.570    675.465 0.000
 35.958333  36.000000 9 9    723.568   702.411    749.086 0.000
 36.000000  36.041667 9 9    674.036   648.323    706.841 0.000
 36.041667  36.083333 9 9    744.235   682.100    792.334 0.000
 36.083333  36.125000 9 9    817.379   778.359    848.967 0.000
 36.125000  36.166667 9 9    795.829   769.730    823.360 0.000
 36.166667  36.208333 9 9    731.595   713.474    753.363 0.000
 36.208333  36.250000 9 9    696.670   687.413    706.272 0.000
 36.250000  36.291667 9 9    680.117   671.362    689.203 0.000
 36.291667  36.333333 9 9    643.432   638.037    649.078 0.000
 36.333333  36.375000 9 9    636.326   598.359    628.185 0.000
 36.375000  36.416667 9 9    571.899   559.139    580.392 0.000
 36.416667  36.458333 9 9    547.143   543.504    551.898 0.000
 36.458333  36.500000 9 9    503.618   490.140    527.378 0.000
 36.500000  36.541667 9 9    560.891   506.858    611.681 0.000
 36.541667  36.583333 9 9    708.312   659.702    748.435 0.000
 36.583333  36.625000 9 9    755.825   749.463    763.029 0.000
 36.625000  36.666667 9 9    773.066   755.256    795.083 0.000
 36.666667  36.708333 9 9    784.097   773.226    793.460 0.000
 36.708333  36.750000 9 9    742.006   727.811    759.275 0.000
 36.750000  36.791667 9 9    748.285   732.072    768.650 0.000
 36.791667  36.833333 9 9    777.738   772.257    785.390 0.000
 36.833333  36.875000 9 9    767.349   759.664    775.136 0.000
 36.875000  36.916667 9 9    743.633   733.352    753.344 0.000
 36.916667  36.958333 9 9    722.330   716.290    728.543 0.000
 36.958333  37.000000 9 9    726.426   721.562    730.367 0.000
 37.000000  37.041667 9 9    716.460   709.256    724.039 0.000
 37.041667  37.083333 9 9    689.575   680.675    702.430 0.000
 37.083333  37.125000 9 9    701.020   692.549    709.288 0.000
 37.125000  37.166667 9 9    687.143   679.088    696.172 0.000
 37.166667  37.208333 9 9    669.740   662.492    675.541 0.000
 37.208333  37.250000 9 9    657.160   646.380    665.829 0.000
 37.250000  37.291667 9 9    575.120   546.090    623.134 0.000
 37.291667  37.333333 9 9    474.403   457.302    490.929 0.000
 37.333333  37.375000 9 9    440.380   405.076    468.602 0.000
 37.375000  37.416667 9 9    420.295   408.531    431.892 0.000
 37.416667  37.458333 9 9    384.656   364.813    410.418 0.000
 37.458333  37.500000 9 9    351.138   335.934    368.190 0.000
 37.500000  37.541667 9 9    363.874   360.174    367.235 0.000
 37.541667  37.583333 9 9    314.015   281.062    353.682 0.000
 37.583333  37.625000 9 9    292.870   265.517    318.789 0.000
 37.625000  37.666667 9 9    339.739   330.200    346.500 0.000
 37.666667  37.708333 9 9    344.381   318.770    358.949 0.000
 37.708333  37.750000 9 9    351.203   328.890    364.597 0.000
 37.750000  37.791667 9 9    317.827   315.318    321.062 0.000
 37.791667  37.833333 9 9    310.412   305.479    315.026 0.000
 37.833333  37.875000 9 9    298.937   295.797    301.656 0.000
 37.875000  37.916667 9 9    292.736   289.854    295.028 0.000
 37.916667  37.958333 9 9    306.484   297.748    313.075 0.000
 37.958333  38.000000 9 9    308.353   305.667    310.831 0.000
 38.000000  38.041667 9 9    312.230   307.052    316.773 0.000
 38.041667  38.083333 9 9    317.595   312.862    323.643 0.000
 38.083333  38.125000 9 9    367.490   359.598    376.198 0.000
 38.125000  38.166667 9 9    439.130   379.618    517.554 0.000
 38.166667  38.208333 9 9    573.366   497.690    662.653 0.000
 38.208333  38.250000 9 9    529.216   483.726    571.367 0.000
 38.250000  38.291667 9 9    546.600   517.174    582.204 0.000
 38.291667  38.333333 9 9    535.172   517.129    556.547 0.000
 38.333333  38.375000 9 9    508.103   473.316    530.132 0.000
 38.375000  38.416667 9 9    530.428   468.779    623.937 0.000
 38.416667  38.458333 9 9    586.032   561.000    620.288 0.000
 38.458333  38.500000 9 9    828.468   686.969    905.344 0.000
 38.500000  38.541667 9 9    815.980   773.195    861.086 0.000
 38.541667  38.583333 9 9    841.794   814.573    883.339 0.000
 38.583333  38.625000 9 9    800.709   764.631    857.586 0.000
 38.625000  38.666667 9 9    893.791   744.864    999.325 0.000
 38.666667  38.708333 9 9   1027.390  1002.614   1045.963 0.000
 38.708333  38.750000 9 9   1110.526  1094.770   1129.282 0.000
 38.750000  38.791667 9 9   1142.197  1121.385   1164.068 0.000
 38.791667  38.833333 9 9   1202.536  1164.907   1237.012 0.000
 38.833333  38.875000 9 9   1203.495  1185.009   1231.321 0.000
 38.875000  38.916667 9 9   1149.678  1137.564   1167.044 0.000
 38.916667  38.958333 9 9   1147.095  1135.390   1159.136 0.000
 38.958333  39.000000 9 9   1142.246  1135.027   1149.881 0.000
 39.000000  39.041667 9 9   1150.352  1140.068   1159.943 0.000
 39.041667  39.083333 9 9   1137.542  1127.955   1147.609 0.000
 39.083333  39.125000 9 9   1140.912  1130.724   1151.395 0.000
 39.125000  39.166667 9 9   1298.936  1162.315   1406.610 0.000
 39.166667  39.208333 9 9   1099.587  1093.780   1104.870 0.000
 39.208333  39.250000 9 9   1157.344  1103.853   1221.087 0.000
 39.250000  39.291667 9 9   1161.329  1100.903   1241.297 0.000
 39.291667  39.333333 9 9   1618.293  1339.288   1760.269 0.000
 39.333333  39.375000 9 9   1558.986  1515.261   1595.160 0.000
 39.375000  39.416667 9 9   1542.691  1518.634   1564.129 0.000
 39.416667  39.458333 9 9   1572.290  1548.989   1594.831 0.000
 39.458333  39.500000 9 9   1561.989  1545.494   1578.397 0.000
 39.500000  39.541667 9 9   1655.887  1594.542   1710.043 0.000
 39.541667  39.583333 9 9   1730.221  1665.133   1797.696 0.000
 39.583333  39.625000 9 9   2378.355  1844.850   3018.970 0.000
 39.625000  39.666667 9 9   2784.043  2584.506   2980.364 0.000
 39.666667  39.708333 9 9   1960.636  1693.220   2147.358 0.000
 39.708333  39.750000 9 9   1667.259  1531.800   1773.281 0.000
 39.750000  39.791667 9 9   1470.930  1412.122   1534.845 0.000
 39.791667  39.833333 9 9   1516.688  1395.822   1608.456 0.000
 39.833333  39.875000 9 9   1615.462  1474.810   1783.430 0.000
 39.875000  39.916667 9 9   1211.392  1146.839   1344.413 0.000
 39.916667  39.958333 9 9   1108.741  1095.270   1123.889 0.000
 39.958333  40.000000 9 9   1156.368  1118.365   1189.766 0.000
 40.000000  40.041667 9 9   1307.543  1270.785   1338.314 0.000
 40.041667  40.083333 9 9   1207.432  1192.782   1225.801 0.000
 40.083333  40.125000 9 9   1160.465  1128.845   1183.424 0.000
 40.125000  40.166667 9 9   1167.915  1146.639   1188.372 0.000
 40.166667  40.208333 9 9   1228.751  1177.634   1291.113 0.000
 40.208333  40.250000 9 9   1323.392  1298.131   1351.432 0.000
 40.250000  40.291667 9 9   1426.599  1382.591   1472.455 0.000
 40.291667  40.333333 9 9   1627.082  1558.247   1694.675 0.000
 40.333333  40.375000 9 9   1720.364  1689.081   1753.839 0.000
 40.375000  40.416667 9 9   1747.354  1717.954   1769.374 0.000
 40.416667  40.458333 9 9   1888.651  1698.567   2092.657 0.000
 40.458333  40.500000 9 9   1693.818  1648.733   1739.728 0.000
 40.500000  40.541667 9 9   1578.686  1560.426   1598.815 0.000
 40.541667  40.583333 9 9   1567.071  1556.016   1581.883 0.000
 40.583333  40.625000 9 9   1551.799  1532.505   1570.498 0.000
 40.625000  40.666667 9 9   1581.833  1561.446   1629.764 0.000
 40.666667  40.708333 9 9   1651.547  1633.853   1672.898 0.000
 40.708333  40.750000 9 9   1609.459  1581.418   1636.458 0.000
 40.750000  40.791667 9 9   1617.809  1585.334   1650.200 0.000
 40.791667  40.833333 9 9   1581.754  1570.186   1594.453 0.000
 40.833333  40.875000 9 9   1577.535  1551.052   1601.786 0.000
 40.875000  40.916667 9 9   1594.629  1560.988   1624.682 0.000
 40.916667  40.958333 9 9   1571.780  1551.083   1590.485 0.000
 40.958333  41.000000 9 9   1514.667  1488.579   1532.945 0.000
 41.000000  41.041667 9 9   1522.842  1491.852   1546.903 0.000
 41.041667  41.083333 9 9   1432.026  1371.126   1499.305 0.000
 41.083333  41.125000 9 9   1413.508  1307.783   1502.827 0.000
 41.125000  41.166667 9 9   1362.372  1341.814   1382.713 0.000
 41.166667  41.208333 9 9   1394.438  1359.011   1432.714 0.000
 41.208333  41.250000 9 9   1396.674  1283.552   1513.415 0.000
 41.250000  41.291667 9 9   1320.107  1242.457   1428.491 0.000
 41.291667  41.333333 9 9   1173.684  1118.521   1222.759 0.000
 41.333333  41.375000 9 9    900.488   733.454    998.080 0.000
 41.375000  41.416667 9 9   1024.199   973.795   1100.702 0.000
 41.416667  41.458333 9 9   1097.754  1055.280   1146.726 0.000
 41.458333  41.500000 9 9   1157.605  1076.942   1235.559 0.000
 41.500000  41.541667 9 9   1071.392  1028.744   1122.082 0.000
 41.541667  41.583333 9 9    967.953   960.979    975.591 0.000
 41.583333  41.625000 9 9    960.167   924.862    985.931 0.000
 41.625000  41.666667 9 9    835.311   792.028    873.214 0.000
