RRS/FI0023R.20080101000000.20181114115100.cpc.particle_number_concentration.pm10.1y.1h.FI03L_CPC_VAR_01.FI03L_CPC.lev2.nas
50 1001
Kulmala, Markku
FI03L, University of Helsinki, UHEL, Division of Atmospheric Sciences, PO BOX 64, , FI-00014, University of Helsinki, Finland
Aalto, Pasi
GAW-WDCA
1 1
2008 01 01 2018 11 14
0.041667
days from file reference point
7
1 1 1 1 1 1 1
999.999999 9 9 99999.999 99999.999 999999.999 9.999
end_time of measurement, days from the file reference point
pressure, hPa, Location=instrument internal, Matrix=instrument, Measurement uncertainty=
temperature, K, Location=instrument internal, Matrix=instrument, Measurement uncertainty=
particle_number_concentration, 1/cm3
particle_number_concentration, 1/cm3, Statistics=percentile:15.87
particle_number_concentration, 1/cm3, Statistics=percentile:84.13
numflag, no unit
0
29
Data definition:              EBAS_1.1
Set type code:                TU
Timezone:                     UTC
File name:                    FI0023R.20080101000000.20181114115100.cpc.particle_number_concentration.pm10.1y.1h.FI03L_CPC_VAR_01.FI03L_CPC.lev2.nas
File creation:                20200622170802
Startdate:                    20080101000000
Revision date:                20181114115100
Statistics:                   arithmetic mean
Data level:                   2
Period code:                  1y
Resolution code:              1h
Station code:                 FI0023R
Platform code:                FI0023S
Station name:                 V�rri�
Station latitude:             67.766667
Station longitude:            29.583333
Station altitude:             400.0 m
Regime:                       IMG
Component:                    particle_number_concentration
Unit:                         1/cm3
Matrix:                       pm10
Instrument type:              cpc
Laboratory code:              FI03L
Instrument name:              CPC_VAR_01
Method ref:                   FI03L_CPC
Measurement uncertainty:      5.0 %
Originator:                   Kulmala, Markku, , , , , , , , , 
Submitter:                    Aalto, Pasi, , , , , , , , , 
starttime endtime P T particle_number_concentration particle_number_concentration particle_number_concentration flag
[from data line 8381]
349.208333 349.250000 9 9   281.119   270.942    291.272 0.000
349.250000 349.291667 9 9   313.868   297.819    334.932 0.000
349.291667 349.333333 9 9   356.866   339.858    373.259 0.000
349.333333 349.375000 9 9   380.011   374.236    384.232 0.000
349.375000 349.416667 9 9   375.387   363.832    382.030 0.000
349.416667 349.458333 9 9   351.660   347.072    357.910 0.000
349.458333 349.500000 9 9   351.503   335.315    359.540 0.000
349.500000 349.541667 9 9   342.342   333.479    354.507 0.000
349.541667 349.583333 9 9   350.080   341.894    358.423 0.000
349.583333 349.625000 9 9   334.881   319.731    347.747 0.000
349.625000 349.666667 9 9   313.620   309.554    317.806 0.000
349.666667 349.708333 9 9   310.292   309.220    311.627 0.000
349.708333 349.750000 9 9   318.505   313.033    322.235 0.000
349.750000 349.791667 9 9   335.297   327.868    342.262 0.000
349.791667 349.833333 9 9   328.188   323.167    331.957 0.000
349.833333 349.875000 9 9   313.598   299.210    320.409 0.000
349.875000 349.916667 9 9   283.597   276.948    290.174 0.000
349.916667 349.958333 9 9   262.511   248.786    272.639 0.000
349.958333 350.000000 9 9   232.366   218.443    244.191 0.000
350.000000 350.041667 9 9   192.876   183.975    204.595 0.000
350.041667 350.083333 9 9   174.479   170.711    178.499 0.000
350.083333 350.125000 9 9   165.821   163.686    168.951 0.000
350.125000 350.166667 9 9   164.100   162.757    165.492 0.000
350.166667 350.208333 9 9   216.396   164.703    319.296 0.000
350.208333 350.250000 9 9   302.670   216.365    430.900 0.000
350.250000 350.291667 9 9   194.116   182.489    209.871 0.000
350.291667 350.333333 9 9   244.272   229.691    256.058 0.000
350.333333 350.375000 9 9   225.756   218.621    236.387 0.000
350.375000 350.416667 9 9   232.256   228.508    233.236 0.000
350.416667 350.458333 9 9   245.581   229.399    261.228 0.000
350.458333 350.500000 9 9   255.208   251.798    265.088 0.000
350.500000 350.541667 9 9   253.691   242.103    263.139 0.000
350.541667 350.583333 9 9   306.017   262.932    333.008 0.000
350.583333 350.625000 9 9   334.493   332.799    335.991 0.000
350.625000 350.666667 9 9   321.421   303.668    333.371 0.000
350.666667 350.708333 9 9   293.709   290.332    296.100 0.000
350.708333 350.750000 9 9   283.818   273.187    288.268 0.000
350.750000 350.791667 9 9   259.921   253.407    267.627 0.000
350.791667 350.833333 9 9   240.133   232.035    250.856 0.000
350.833333 350.875000 9 9   225.320   221.271    230.138 0.000
350.875000 350.916667 9 9   214.739   209.499    220.937 0.000
350.916667 350.958333 9 9   234.873   229.395    238.984 0.000
350.958333 351.000000 9 9   238.989   234.324    242.476 0.000
351.000000 351.041667 9 9   244.629   240.537    246.782 0.000
351.041667 351.083333 9 9   233.590   223.067    240.410 0.000
351.083333 351.125000 9 9   209.077   206.137    215.158 0.000
351.125000 351.166667 9 9   207.202   203.266    209.820 0.000
351.166667 351.208333 9 9   211.463   209.215    213.154 0.000
351.208333 351.250000 9 9   211.471   208.085    213.901 0.000
351.250000 351.291667 9 9   218.048   213.404    223.290 0.000
351.291667 351.333333 9 9   200.759   189.292    214.399 0.000
351.333333 351.375000 9 9   197.905   182.190    236.207 0.000
351.375000 351.416667 9 9   180.278   176.196    181.543 0.000
351.416667 351.458333 9 9   199.764   187.598    209.590 0.000
351.458333 351.500000 9 9   224.511   212.734    239.514 0.000
351.500000 351.541667 9 9   389.148   253.483    701.612 0.000
351.541667 351.583333 9 9   322.656   299.905    344.428 0.000
351.583333 351.625000 9 9   350.954   344.404    356.606 0.000
351.625000 351.666667 9 9   361.007   354.404    367.544 0.000
351.666667 351.708333 9 9   347.980   334.454    351.586 0.000
351.708333 351.750000 9 9   325.081   319.842    327.110 0.000
351.750000 351.791667 9 9   311.384   305.879    315.230 0.000
351.791667 351.833333 9 9   303.462   299.848    307.439 0.000
351.833333 351.875000 9 9   283.486   271.169    293.962 0.000
351.875000 351.916667 9 9   297.082   285.229    307.048 0.000
351.916667 351.958333 9 9   307.061   297.894    320.123 0.000
351.958333 352.000000 9 9   287.709   266.992    317.023 0.000
352.000000 352.041667 9 9   257.705   248.879    273.873 0.000
352.041667 352.083333 9 9   281.586   266.477    295.765 0.000
352.083333 352.125000 9 9   319.097   305.681    335.042 0.000
352.125000 352.166667 9 9   340.923   337.578    343.469 0.000
352.166667 352.208333 9 9   309.749   286.307    331.588 0.000
352.208333 352.250000 9 9   261.473   246.161    274.650 0.000
352.250000 352.291667 9 9   231.117   226.652    237.619 0.000
352.291667 352.333333 9 9   201.134   180.265    221.704 0.000
352.333333 352.375000 9 9   178.372   169.600    198.797 0.000
352.375000 352.416667 9 9   194.433   174.384    200.071 0.000
352.416667 352.458333 9 9   225.564   206.536    264.014 0.000
352.458333 352.500000 9 9   249.915   234.701    263.848 0.000
352.500000 352.541667 9 9   305.494   282.895    332.848 0.000
352.541667 352.583333 9 9   365.465   332.916    393.272 0.000
352.583333 352.625000 9 9   391.636   386.785    397.422 0.000
352.625000 352.666667 9 9   411.944   402.106    412.970 0.000
352.666667 352.708333 9 9   406.730   401.197    414.512 0.000
352.708333 352.750000 9 9   387.607   363.849    411.081 0.000
352.750000 352.791667 9 9   327.090   305.036    350.001 0.000
352.791667 352.833333 9 9   266.133   254.990    284.180 0.000
352.833333 352.875000 9 9   265.823   255.711    275.182 0.000
352.875000 352.916667 9 9   258.194   248.586    264.999 0.000
352.916667 352.958333 9 9   256.939   251.879    259.658 0.000
352.958333 353.000000 9 9   232.253   221.425    248.122 0.000
353.000000 353.041667 9 9   216.720   213.423    221.277 0.000
353.041667 353.083333 9 9   209.240   199.148    216.575 0.000
353.083333 353.125000 9 9   182.466   170.852    196.034 0.000
353.125000 353.166667 9 9   136.094   112.583    163.756 0.000
353.166667 353.208333 9 9   101.515    96.052    104.399 0.000
353.208333 353.250000 9 9   102.306    99.370    105.787 0.000
353.250000 353.291667 9 9   100.713    93.444    106.979 0.000
353.291667 353.333333 9 9   111.326   104.992    119.333 0.000
353.333333 353.375000 9 9   151.899   114.776    188.289 0.000
353.375000 353.416667 9 9   235.779   202.252    220.026 0.000
353.416667 353.458333 9 9   275.388   231.132    347.233 0.000
353.458333 353.500000 9 9   274.107   271.599    276.550 0.000
353.500000 353.541667 9 9   246.278   215.687    268.931 0.000
353.541667 353.583333 9 9   244.177   214.575    267.162 0.000
353.583333 353.625000 9 9   293.001   275.095    306.745 0.000
353.625000 353.666667 9 9   331.983   312.075    376.866 0.000
353.666667 353.708333 9 9   337.884   334.215    342.401 0.000
353.708333 353.750000 9 9   325.540   316.393    332.051 0.000
353.750000 353.791667 9 9   325.141   318.026    335.855 0.000
353.791667 353.833333 9 9   362.955   348.497    380.828 0.000
353.833333 353.875000 9 9   372.602   351.750    384.708 0.000
353.875000 353.916667 9 9   313.661   294.773    332.056 0.000
353.916667 353.958333 9 9   272.175   259.026    286.583 0.000
353.958333 354.000000 9 9   244.624   242.130    250.258 0.000
354.000000 354.041667 9 9   248.680   244.908    251.135 0.000
354.041667 354.083333 9 9   247.531   244.199    252.357 0.000
354.083333 354.125000 9 9   245.916   244.065    249.608 0.000
354.125000 354.166667 9 9   258.759   251.317    266.073 0.000
354.166667 354.208333 9 9   253.954   239.964    263.650 0.000
354.208333 354.250000 9 9   225.775   218.559    235.871 0.000
354.250000 354.291667 9 9   197.747   180.539    215.066 0.000
354.291667 354.333333 9 9   176.501   152.178    173.141 0.000
354.333333 354.375000 9 9   501.027   150.319   1220.938 0.000
354.375000 354.416667 9 9   249.015   155.764    378.232 0.000
354.416667 354.458333 9 9   148.359   125.190    176.357 0.000
354.458333 354.500000 9 9   116.163   114.321    117.803 0.000
354.500000 354.541667 9 9   113.613   111.063    116.164 0.000
354.541667 354.583333 9 9   134.812   117.899    168.356 0.000
354.583333 354.625000 9 9   142.389   127.732    165.843 0.000
354.625000 354.666667 9 9   141.954   137.957    144.541 0.000
354.666667 354.708333 9 9   136.382   133.132    140.385 0.000
354.708333 354.750000 9 9   134.102   129.558    137.631 0.000
354.750000 354.791667 9 9   124.731   120.489    127.672 0.000
354.791667 354.833333 9 9   120.521   116.295    126.437 0.000
354.833333 354.875000 9 9   126.933   124.722    128.928 0.000
354.875000 354.916667 9 9   133.858   129.644    137.442 0.000
354.916667 354.958333 9 9   130.541   122.179    136.028 0.000
354.958333 355.000000 9 9   122.718   115.092    126.967 0.000
355.000000 355.041667 9 9   109.504   102.860    114.346 0.000
355.041667 355.083333 9 9   117.952   117.082    118.676 0.000
355.083333 355.125000 9 9   104.269    92.371    115.818 0.000
355.125000 355.166667 9 9    93.740    88.573    103.361 0.000
355.166667 355.208333 9 9   186.257   120.117    245.415 0.000
355.208333 355.250000 9 9   230.263   190.830    257.706 0.000
355.250000 355.291667 9 9   217.141   141.441    172.627 0.000
355.291667 355.333333 9 9   182.818   148.199    195.880 0.000
355.333333 355.375000 9 9   191.661   172.720    222.520 0.000
355.375000 355.416667 9 9   128.715   117.072    143.992 0.000
355.416667 355.458333 9 9   170.785   142.350    194.920 0.000
355.458333 355.500000 9 9   198.295   195.024    200.979 0.000
355.500000 355.541667 9 9   208.699   193.467    257.459 0.000
355.541667 355.583333 9 9   214.002   201.227    222.908 0.000
355.583333 355.625000 9 9   234.231   225.213    248.820 0.000
355.625000 355.666667 9 9   272.278   258.070    283.518 0.000
355.666667 355.708333 9 9   257.256   252.843    260.310 0.000
355.708333 355.750000 9 9   239.426   222.966    248.593 0.000
355.750000 355.791667 9 9   227.006   223.286    232.467 0.000
355.791667 355.833333 9 9   212.056   206.161    215.640 0.000
355.833333 355.875000 9 9   243.657   213.881    284.277 0.000
355.875000 355.916667 9 9   247.654   243.513    250.733 0.000
355.916667 355.958333 9 9   236.689   218.518    252.485 0.000
355.958333 356.000000 9 9   214.817   207.390    221.237 0.000
356.000000 356.041667 9 9   217.434   209.868    221.042 0.000
356.041667 356.083333 9 9   191.916   185.356    197.864 0.000
356.083333 356.125000 9 9   170.041   159.660    181.376 0.000
356.125000 356.166667 9 9   155.580   153.409    156.979 0.000
356.166667 356.208333 9 9   143.969   140.128    146.891 0.000
356.208333 356.250000 9 9   132.445   130.186    135.179 0.000
356.250000 356.291667 9 9   175.591   131.160    242.406 0.000
356.291667 356.333333 9 9   125.777   122.460    133.135 0.000
356.333333 356.375000 9 9   129.890   127.302    132.014 0.000
356.375000 356.416667 9 9   132.923   131.702    134.645 0.000
356.416667 356.458333 9 9   133.467   130.652    136.296 0.000
356.458333 356.500000 9 9   130.871   127.258    133.624 0.000
356.500000 356.541667 9 9   133.230   129.873    138.231 0.000
356.541667 356.583333 9 9   210.070   154.348    276.220 0.000
356.583333 356.625000 9 9   206.068   196.055    218.335 0.000
356.625000 356.666667 9 9   187.581   177.237    202.006 0.000
356.666667 356.708333 9 9   171.939   153.325    200.479 0.000
356.708333 356.750000 9 9   162.495   158.912    164.366 0.000
356.750000 356.791667 9 9   165.514   164.111    167.613 0.000
356.791667 356.833333 9 9   152.316   142.475    163.873 0.000
356.833333 356.875000 9 9   134.922   131.492    138.740 0.000
356.875000 356.916667 9 9   130.552   128.460    133.407 0.000
356.916667 356.958333 9 9   119.792   113.479    128.386 0.000
356.958333 357.000000 9 9   116.703   113.358    120.081 0.000
357.000000 357.041667 9 9   120.937   119.096    123.793 0.000
357.041667 357.083333 9 9   131.684   129.750    133.878 0.000
357.083333 357.125000 9 9   130.415   127.788    135.677 0.000
357.125000 357.166667 9 9   135.101   129.650    140.377 0.000
357.166667 357.208333 9 9   132.481   126.382    140.562 0.000
357.208333 357.250000 9 9   143.223   127.984    157.348 0.000
357.250000 357.291667 9 9   118.798   113.369    123.865 0.000
357.291667 357.333333 9 9   116.532   112.305    123.406 0.000
357.333333 357.375000 9 9    97.310    93.750    102.642 0.000
357.375000 357.416667 9 9    92.310    89.936     95.648 0.000
357.416667 357.458333 9 9   100.383    98.182    102.336 0.000
357.458333 357.500000 9 9   112.309   107.322    117.064 0.000
357.500000 357.541667 9 9   168.424   152.391    188.076 0.000
357.541667 357.583333 9 9   182.663   165.671    194.725 0.000
357.583333 357.625000 9 9   153.445   127.105    169.543 0.000
357.625000 357.666667 9 9   197.506   179.725    207.956 0.000
357.666667 357.708333 9 9   196.998   181.178    207.645 0.000
357.708333 357.750000 9 9   187.783   177.132    199.202 0.000
357.750000 357.791667 9 9   144.187   107.104    190.948 0.000
357.791667 357.833333 9 9   117.853   103.456    134.123 0.000
357.833333 357.875000 9 9   138.942   133.116    145.676 0.000
357.875000 357.916667 9 9   163.038   157.336    170.140 0.000
357.916667 357.958333 9 9   173.704   159.690    181.669 0.000
357.958333 358.000000 9 9   165.304   142.584    187.187 0.000
358.000000 358.041667 9 9   142.227   139.266    146.679 0.000
358.041667 358.083333 9 9   159.634   150.611    164.685 0.000
358.083333 358.125000 9 9   149.262   140.494    160.722 0.000
358.125000 358.166667 9 9   125.440   118.028    138.127 0.000
358.166667 358.208333 9 9   112.819   107.436    120.867 0.000
358.208333 358.250000 9 9   102.709    99.422    110.017 0.000
358.250000 358.291667 9 9   115.688   109.443    119.819 0.000
358.291667 358.333333 9 9   107.581   105.603    109.996 0.000
358.333333 358.375000 9 9   142.080   110.013    170.776 0.000
358.375000 358.416667 9 9   160.290   156.985    163.944 0.000
358.416667 358.458333 9 9   156.877   154.653    159.036 0.000
358.458333 358.500000 9 9   205.465   157.068    225.523 0.000
358.500000 358.541667 9 9   205.714   182.109    231.333 0.000
358.541667 358.583333 9 9   272.387   222.701    333.314 0.000
358.583333 358.625000 9 9   267.650   195.877    377.289 0.000
358.625000 358.666667 9 9   200.642   173.219    230.984 0.000
358.666667 358.708333 9 9   227.222   169.167    261.683 0.000
358.708333 358.750000 9 9   324.480   234.895    403.517 0.000
358.750000 358.791667 9 9   281.195   236.649    322.134 0.000
358.791667 358.833333 9 9   276.441   245.694    300.674 0.000
358.833333 358.875000 9 9   312.866   243.237    420.963 0.000
358.875000 358.916667 9 9   656.512   552.785    751.751 0.000
358.916667 358.958333 9 9   576.749   529.136    685.458 0.000
358.958333 359.000000 9 9   483.633   358.095    569.466 0.000
359.000000 359.041667 9 9   469.938   378.069    547.693 0.000
359.041667 359.083333 9 9   344.487   265.697    457.697 0.000
359.083333 359.125000 9 9   234.223   226.122    246.646 0.000
359.125000 359.166667 9 9   200.184   183.093    209.240 0.000
359.166667 359.208333 9 9   179.927   169.225    192.243 0.000
359.208333 359.250000 9 9   185.483   173.587    193.436 0.000
359.250000 359.291667 9 9   177.744   163.057    190.089 0.000
359.291667 359.333333 9 9   111.004    71.696    146.013 0.000
359.333333 359.375000 9 9    46.381    39.968     52.969 0.000
359.375000 359.416667 9 9    64.160    55.525     71.639 0.000
359.416667 359.458333 9 9    80.039    66.921     96.306 0.000
359.458333 359.500000 9 9   133.697   112.386    151.120 0.000
359.500000 359.541667 9 9   182.135   168.102    190.395 0.000
359.541667 359.583333 9 9   195.748   194.541    197.073 0.000
359.583333 359.625000 9 9   191.727   189.759    194.073 0.000
359.625000 359.666667 9 9   189.538   186.507    191.891 0.000
359.666667 359.708333 9 9   202.063   197.404    204.601 0.000
359.708333 359.750000 9 9   197.557   193.113    199.797 0.000
